'4merged62048',3401,62820,,'',1,1500,,'',1,1500,,'',1,5630,,'',1,1500,,'',1,1600,,'',1,7100,,'',1
'1',4301,63430,,'',1,8200,,'',1,4100,,'',1,8000,,'',1,8100,,'',1,4100,,'',1,8100,,'',1,8100,,'',1,8100,,'',1,4200,,'',1,8200,,'',1,8200,,'',1,4200,,'',1,8200,,'',1,8200,,'',1,4100,,'',1,8100,,'',1,8100,,'',1,4100,,'',1,8000,,'',1
'3merged62047',4301,114230,,'',1,8200,,'',1,8200,,'',1,4200,,'',1,8200,,'',1,8200,,'',1,4200,,'',1,8200,,'',1,8200,,'',1,8200,,'',1,4000,,'',1
'4merged62048',4301,62630,,'',1,2800,,'',1,6800,,'',1,3000,,'',1,6800,,'',1,2700,,'',1,6700,,'',1,2700,,'',1,8300,,'',1,8400,,'',1,4300,,'',1,8300,,'',1,8300,,'',1,8300,,'',1,4200,,'',1,8500,,'',1,8300,,'',1,3700,,'',1,7300,,'',1,8100,,'',1,4300,,'',1,8000,,'',1,8100,,'',1,4000,,'',1,8100,,'',1,7900,,'',1,4000,,'',1
'1',4400,60000,,'',1,2500,,'',1,2600,,'',1,6500,,'',1,2600,,'',1,6500,,'',1,2600,,'',1,2600,,'',1,6500,,'',1,2600,,'',1,6600,,'',1,2600,,'',1,6600,,'',1,2600,,'',1,6600,,'',1,2600,,'',1,2600,,'',1,6600,,'',1,2600,,'',1,6600,,'',1,2600,,'',1,6600,,'',1,2600,,'',1,2600,,'',1,6600,,'',1,2600,,'',1,6600,,'',1,2600,,'',1,6600,,'',1,3100,,'',1,7500,,'',1,3300,,'',1,7400,,'',1,3400,,'',1,7300,,'',1,3300,,'',1,7200,,'',1,3000,,'',1,7100,,'',1,7000,,'',1,3000,,'',1,7100,,'',1,3000,,'',1
'1',4401,62100,4,'',1,2600,4,'',1,6500,4,'',1,2600,4,'',1,6500,4,'',1,2500,4,'',1,2600,4,'',1,6600,4,'',1,2600,4,'',1,6600,4,'',1,2600,4,'',1,6600,4,'',1,2600,4,'',1,2600,4,'',1,6600,4,'',1,2600,4,'',1,6600,4,'',1,2600,4,'',1,6600,4,'',1,2600,4,'',1,2600,4,'',1,6600,4,'',1,2600,4,'',1,6600,4,'',1,2600,4,'',1,6600,4,'',1,2600,4,'',1,6600,4,'',1,2600,4,'',1,2600,4,'',1,6500,4,'',1,2300,4,'',1,7200,4,'',1,3200,4,'',1,7300,4,'',1,3400,4,'',1,7200,4,'',1,3200,4,'',1,7100,4,'',1,3000,4,'',1,7000,4,'',1,3000,4,'',1,7000,4,'',1
'3merged62047',4400,62300,,'',1,3400,,'',1,7300,,'',1,7300,,'',1,3400,,'',1,7300,,'',1,3300,,'',1,7400,,'',1,3300,,'',1,7300,,'',1,3400,,'',1,7400,,'',1,7400,,'',1,3400,,'',1,7400,,'',1,3400,,'',1,7400,,'',1,3400,,'',1,7400,,'',1,7400,,'',1,3400,,'',1,7400,,'',1,3400,,'',1,7300,,'',1,3200,,'',1,7200,,'',1,3300,,'',1,7200,,'',1,7300,,'',1,3200,,'',1,7200,,'',1,3100,,'',1,7200,,'',1
'3merged62047',4401,65300,4,'',1,7300,4,'',1,3300,4,'',1,7400,4,'',1,7300,4,'',1,3300,4,'',1,7400,4,'',1,3300,4,'',1,7300,4,'',1,3400,4,'',1,7400,4,'',1,7400,4,'',1,3400,4,'',1,7400,4,'',1,3400,4,'',1,7400,4,'',1,3400,4,'',1,7400,4,'',1,3400,4,'',1,7400,4,'',1,7400,4,'',1,3300,4,'',1,7400,4,'',1,3200,4,'',1,7200,4,'',1,3200,4,'',1,7300,4,'',1,3200,4,'',1,7300,4,'',1,7200,4,'',1,3100,4,'',1,7200,4,'',1
'4merged62048',4400,52700,,'',1,1700,,'',1,5600,,'',1,1500,,'',1,1500,,'',1,1500,,'',1,5500,,'',1,1700,,'',1,1800,,'',1,2200,,'',1,6600,,'',1,2700,,'',1,6600,,'',1,2600,,'',1,6600,,'',1,2600,,'',1,6600,,'',1,2600,,'',1,2600,,'',1,6600,,'',1,2600,,'',1,6700,,'',1,2600,,'',1,6700,,'',1,2600,,'',1,2500,,'',1,5600,,'',1,1500,,'',1,1400,,'',1,1400,,'',1,5200,,'',1,1300,,'',1,1300,,'',1,1400,,'',1,5500,,'',1,1500,,'',1,1500,,'',1,1600,,'',1,5900,,'',1,2200,,'',1,2200,,'',1,6000,,'',1,3300,,'',1,7400,,'',1,3400,,'',1,7300,,'',1,3300,,'',1,7200,,'',1,3000,,'',1,7100,,'',1,7000,,'',1,3000,,'',1,7100,,'',1,3000,,'',1
'4merged62048',4401,61500,4,'',1,2100,4,'',1,1900,4,'',1,5800,4,'',1,1700,4,'',1,1600,4,'',1,5500,4,'',1,1500,4,'',1,1500,4,'',1,1500,4,'',1,5700,4,'',1,1500,4,'',1,2000,4,'',1,6600,4,'',1,2600,4,'',1,2600,4,'',1,6600,4,'',1,2600,4,'',1,6600,4,'',1,2600,4,'',1,6600,4,'',1,2700,4,'',1,2600,4,'',1,6700,4,'',1,2500,4,'',1,6900,4,'',1,2800,4,'',1,6700,4,'',1,2600,4,'',1,1600,4,'',1,5500,4,'',1,1500,4,'',1,1400,4,'',1,1400,4,'',1,5600,4,'',1,1800,4,'',1,1700,4,'',1,6000,4,'',1,2000,4,'',1,1800,4,'',1,6100,4,'',1,2100,4,'',1,2100,4,'',1,7200,4,'',1,3500,4,'',1,6900,4,'',1,3200,4,'',1,7100,4,'',1,3000,4,'',1,7000,4,'',1,3000,4,'',1,7000,4,'',1
