'1',3300,54400,,'',1,6100,,'',1,2300,,'',1,2100,,'',1,6200,,'',1,2200,,'',1,2300,,'',1,6200,,'',1,2200,,'',1,6200,,'',1,2200,,'',1,2100,,'',1,5800,,'',1,1700,,'',1,1800,,'',1,1900,,'',1,5900,,'',1,1900,,'',1,1900,,'',1,5900,,'',1,1900,,'',1,1900,,'',1,5900,,'',1,1900,,'',1,1900,,'',1,5900,,'',1,1900,,'',1,1900,,'',1,5900,,'',1,1900,,'',1,1900,,'',1,5900,,'',1,1900,,'',1,1900,,'',1,1900,,'',1,5900,,'',1,1900,,'',1,1900,,'',1,6000,,'',1,1900,,'',1,2000,,'',1,6000,,'',1,2100,,'',1,6800,,'',1,2900,,'',1,6900,,'',1,2900,,'',1,2900,,'',1,6900,,'',1,2800,,'',1,6800,,'',1,2800,,'',1,6800,,'',1,2700,,'',1,6600,,'',1,2500,,'',1
'1',3301,62400,4,'',1,2100,4,'',1,6100,4,'',1,2200,4,'',1,2300,4,'',1,6200,4,'',1,2200,4,'',1,2300,4,'',1,6200,4,'',1,2200,4,'',1,6400,4,'',1,2300,4,'',1,2200,4,'',1,6200,4,'',1,1800,4,'',1,1900,4,'',1,5900,4,'',1,1900,4,'',1,1900,4,'',1,5900,4,'',1,1900,4,'',1,1900,4,'',1,5900,4,'',1,1900,4,'',1,1900,4,'',1,5900,4,'',1,1900,4,'',1,1900,4,'',1,1900,4,'',1,5900,4,'',1,1900,4,'',1,1900,4,'',1,5900,4,'',1,1900,4,'',1,1900,4,'',1,6000,4,'',1,1800,4,'',1,1900,4,'',1,5900,4,'',1,1700,4,'',1,1800,4,'',1,1700,4,'',1,5900,4,'',1,2000,4,'',1,1900,4,'',1,6800,4,'',1,2900,4,'',1,6900,4,'',1,2900,4,'',1,6800,4,'',1,2900,4,'',1,6700,4,'',1,2600,4,'',1,6700,4,'',1,2500,4,'',1
'3merged62047',3300,64000,,'',1,6800,,'',1,2900,,'',1,6900,,'',1,2800,,'',1,6900,,'',1,2900,,'',1,7000,,'',1,2900,,'',1,7000,,'',1,3000,,'',1,7100,,'',1,3000,,'',1,7100,,'',1,3100,,'',1,7100,,'',1,3100,,'',1,7100,,'',1,3100,,'',1,7000,,'',1,3000,,'',1,7100,,'',1,3100,,'',1,7100,,'',1,3000,,'',1,6900,,'',1,2900,,'',1,6900,,'',1,2900,,'',1,6800,,'',1,2700,,'',1,6800,,'',1,2700,,'',1,2700,,'',1,6800,,'',1,2600,,'',1,6700,,'',1
'3merged62047',3301,73300,4,'',1,6900,4,'',1,2800,4,'',1,2900,4,'',1,6900,4,'',1,2900,4,'',1,7000,4,'',1,3000,4,'',1,7000,4,'',1,3100,4,'',1,7000,4,'',1,3100,4,'',1,7100,4,'',1,7100,4,'',1,3100,4,'',1,7100,4,'',1,3100,4,'',1,7100,4,'',1,2900,4,'',1,7100,4,'',1,3100,4,'',1,7000,4,'',1,3100,4,'',1,6900,4,'',1,2900,4,'',1,6900,4,'',1,2900,4,'',1,6800,4,'',1,2700,4,'',1,2800,4,'',1,6700,4,'',1,2700,4,'',1,6800,4,'',1,2600,4,'',1,6700,4,'',1
'4merged62048',3300,51900,,'',1,1600,,'',1,1700,,'',1,5600,,'',1,1600,,'',1,1800,,'',1,5900,,'',1,1900,,'',1,2000,,'',1,1900,,'',1,6000,,'',1,2100,,'',1,6000,,'',1,2000,,'',1,2000,,'',1,6000,,'',1,1900,,'',1,1900,,'',1,1900,,'',1,5900,,'',1,2000,,'',1,2000,,'',1,6000,,'',1,2000,,'',1,2000,,'',1,6000,,'',1,2100,,'',1,2100,,'',1,6100,,'',1,2000,,'',1,1900,,'',1,5700,,'',1,1800,,'',1,1800,,'',1,5900,,'',1,1800,,'',1,1900,,'',1,5900,,'',1,2000,,'',1,2100,,'',1,7200,,'',1,3200,,'',1,7200,,'',1,3100,,'',1,7100,,'',1,3000,,'',1,7000,,'',1,3000,,'',1,7000,,'',1,2900,,'',1,6900,,'',1,2800,,'',1,6800,,'',1,2700,,'',1,6600,,'',1,2600,,'',1
'4merged62048',3301,61600,4,'',1,2200,4,'',1,2000,4,'',1,5800,4,'',1,2100,4,'',1,1800,4,'',1,6000,4,'',1,2100,4,'',1,2000,4,'',1,6000,4,'',1,2000,4,'',1,2000,4,'',1,5900,4,'',1,1900,4,'',1,2000,4,'',1,5900,4,'',1,2000,4,'',1,1900,4,'',1,5900,4,'',1,2100,4,'',1,2100,4,'',1,6000,4,'',1,2100,4,'',1,2000,4,'',1,6100,4,'',1,2100,4,'',1,2200,4,'',1,6300,4,'',1,2100,4,'',1,6200,4,'',1,2100,4,'',1,1900,4,'',1,5900,4,'',1,1800,4,'',1,1700,4,'',1,1600,4,'',1,5700,4,'',1,1600,4,'',1,1600,4,'',1,5800,4,'',1,1900,4,'',1,3000,4,'',1,7100,4,'',1,3000,4,'',1,7100,4,'',1,3000,4,'',1,7000,4,'',1,2800,4,'',1,7000,4,'',1,2700,4,'',1,6800,4,'',1,2700,4,'',1,6600,4,'',1,2600,4,'',1
'1',6000,54100,,'',1,6300,,'',1,2000,,'',1,2100,,'',1,6000,,'',1,2000,,'',1,2000,,'',1,6100,,'',1,2100,,'',1,2100,,'',1,6200,,'',1,2100,,'',1,2100,,'',1,6100,,'',1,2100,,'',1,2100,,'',1,6200,,'',1,2200,,'',1,6200,,'',1,2300,,'',1,2300,,'',1,6200,,'',1,2200,,'',1,2300,,'',1,6300,,'',1,2300,,'',1,6300,,'',1,2300,,'',1,2200,,'',1,6300,,'',1,2300,,'',1,2400,,'',1,6200,,'',1,2300,,'',1,6300,,'',1,2300,,'',1,2300,,'',1,6300,,'',1,2200,,'',1,2200,,'',1,6100,,'',1,2100,,'',1,6200,,'',1,2100,,'',1,2100,,'',1,6300,,'',1,2800,,'',1,7400,,'',1,3300,,'',1,7200,,'',1,3200,,'',1,7100,,'',1
'1',6001,62200,4,'',1,2000,4,'',1,6000,4,'',1,2000,4,'',1,2100,4,'',1,6100,4,'',1,2000,4,'',1,2100,4,'',1,6000,4,'',1,2100,4,'',1,2100,4,'',1,6200,4,'',1,2200,4,'',1,2100,4,'',1,6200,4,'',1,2300,4,'',1,2200,4,'',1,6200,4,'',1,2200,4,'',1,6300,4,'',1,2200,4,'',1,2300,4,'',1,6300,4,'',1,2300,4,'',1,6300,4,'',1,2300,4,'',1,2200,4,'',1,6300,4,'',1,2300,4,'',1,2400,4,'',1,6200,4,'',1,2300,4,'',1,6200,4,'',1,2200,4,'',1,2300,4,'',1,6200,4,'',1,2300,4,'',1,2200,4,'',1,6200,4,'',1,2100,4,'',1,6400,4,'',1,3200,4,'',1,7300,4,'',1,3700,4,'',1,7500,4,'',1,3600,4,'',1,7300,4,'',1,3100,4,'',1,7200,4,'',1
'3merged62047',6000,55900,,'',1,6800,,'',1,2800,,'',1,6900,,'',1,2900,,'',1,6900,,'',1,2900,,'',1,7000,,'',1,2900,,'',1,7000,,'',1,3000,,'',1,7100,,'',1,2900,,'',1,7200,,'',1,3200,,'',1,7100,,'',1,3200,,'',1,7200,,'',1,7200,,'',1,3200,,'',1,7200,,'',1,3200,,'',1,7300,,'',1,3200,,'',1,7200,,'',1,3100,,'',1,7100,,'',1,3000,,'',1,7500,,'',1,3700,,'',1,7600,,'',1,7600,,'',1,3400,,'',1,7600,,'',1,3400,,'',1
'3merged62047',6001,62000,4,'',1,3000,4,'',1,6700,4,'',1,3000,4,'',1,6900,4,'',1,2700,4,'',1,7000,4,'',1,2900,4,'',1,7000,4,'',1,3000,4,'',1,7100,4,'',1,3100,4,'',1,7200,4,'',1,3100,4,'',1,7100,4,'',1,3200,4,'',1,7200,4,'',1,3200,4,'',1,7200,4,'',1,3200,4,'',1,7200,4,'',1,7200,4,'',1,3200,4,'',1,7100,4,'',1,3100,4,'',1,7500,4,'',1,3700,4,'',1,7800,4,'',1,7700,4,'',1,3800,4,'',1,7700,4,'',1,3600,4,'',1,7500,4,'',1,7700,4,'',1
'4merged62048',6000,53100,,'',1,1200,,'',1,1100,,'',1,5000,,'',1,1100,,'',1,900,,'',1,1300,,'',1,1200,,'',1,5100,,'',1,1100,,'',1,1100,,'',1,1200,,'',1,1100,,'',1,1100,,'',1,5200,,'',1,1200,,'',1,1100,,'',1,1200,,'',1,1200,,'',1,5300,,'',1,1200,,'',1,1300,,'',1,1200,,'',1,1300,,'',1,5200,,'',1,1400,,'',1,1500,,'',1,1600,,'',1,5500,,'',1,1300,,'',1,1400,,'',1,1500,,'',1,5400,,'',1,1500,,'',1,1500,,'',1,1500,,'',1,5700,,'',1,1200,,'',1,1600,,'',1,1600,,'',1,5500,,'',1,1400,,'',1,1300,,'',1,1300,,'',1,1200,,'',1,5100,,'',1,1100,,'',1,1200,,'',1,1100,,'',1,1100,,'',1,5100,,'',1,1200,,'',1,1300,,'',1,1300,,'',1,1400,,'',1,5200,,'',1,1100,,'',1,1300,,'',1,1200,,'',1,1100,,'',1,5400,,'',1,1600,,'',1,1500,,'',1,1500,,'',1,5600,,'',1,1400,,'',1,1600,,'',1,5900,,'',1,1900,,'',1,2100,,'',1,6200,,'',1,2100,,'',1,2100,,'',1,6200,,'',1,2800,,'',1,7500,,'',1,3300,,'',1,7200,,'',1,3200,,'',1,7100,,'',1
'4merged62048',6001,61000,4,'',1,1100,4,'',1,1100,4,'',1,1000,4,'',1,1100,4,'',1,5200,4,'',1,1100,4,'',1,1300,4,'',1,1100,4,'',1,1200,4,'',1,5400,4,'',1,1200,4,'',1,1400,4,'',1,1300,4,'',1,1400,4,'',1,5400,4,'',1,1500,4,'',1,1400,4,'',1,1400,4,'',1,5600,4,'',1,1400,4,'',1,1400,4,'',1,1300,4,'',1,5500,4,'',1,1600,4,'',1,1400,4,'',1,1500,4,'',1,5500,4,'',1,1500,4,'',1,1500,4,'',1,1400,4,'',1,5400,4,'',1,1600,4,'',1,1500,4,'',1,1300,4,'',1,5400,4,'',1,1100,4,'',1,1100,4,'',1,1200,4,'',1,1200,4,'',1,5100,4,'',1,1400,4,'',1,1400,4,'',1,1100,4,'',1,1200,4,'',1,5200,4,'',1,1200,4,'',1,1100,4,'',1,1400,4,'',1,1200,4,'',1,5200,4,'',1,1100,4,'',1,1300,4,'',1,1100,4,'',1,1100,4,'',1,5000,4,'',1,1100,4,'',1,1300,4,'',1,1500,4,'',1,1500,4,'',1,5600,4,'',1,2000,4,'',1,2200,4,'',1,6200,4,'',1,2300,4,'',1,6400,4,'',1,3000,4,'',1,7400,4,'',1,3500,4,'',1,7500,4,'',1,3600,4,'',1,7300,4,'',1,3100,4,'',1,7200,4,'',1
'4merged62048',6801,65530,,'',1,7000,,'',1,3000,,'',1,6900,,'',1,3100,,'',1,6800,,'',1,9110,,'',1,9100,,'',1,5200,,'',1,9200,,'',1,9200,,'',1,9200,,'',1,9490,,'',1,7400,,'',1,3200,,'',1,7200,,'',1,3100,,'',1,9410,,'',1
