'1merged62061',1100,215300,4,'',1,8400,4,'',1,8200,4,'',1,8300,4,'',1,3700,4,'',1,8000,4,'',1,4000,4,'',1
'1merged62061',1101,215600,0,'Glenway',1,8400,0,'N Kildonan',1,8200,0,'Glenway',1,8300,0,'N Kildonan',1,3700,0,'Glenway',1
'2merged62062',1100,215400,4,'',1,8200,4,'',1,8300,4,'',1,8300,4,'',1,3700,4,'',1,8000,4,'',1,4000,4,'',1
'2merged62062',1101,215700,0,'Glenway',1,8300,0,'N Kildonan',1,8200,0,'Glenway',1,8300,0,'N Kildonan',1,3700,0,'Glenway',1
'3merged62063',1100,70100,4,'',1,4200,4,'',1,8500,4,'',1,8400,4,'',1,4600,4,'',1,8600,4,'',1,8700,4,'',1,8700,4,'',1,8800,4,'',1,4800,4,'',1,8800,4,'',1,8800,4,'',1,8900,4,'',1,8900,4,'',1,4800,4,'',1,8700,4,'',1,8600,4,'',1,8500,4,'',1,4500,4,'',1,8500,4,'',1,8300,4,'',1,8200,4,'',1,4300,4,'',1,8200,4,'',1
'3merged62063',1101,62200,0,'Glenway',1,8200,0,'Glenway',1,4200,0,'Glenway',1,8500,0,'Glenway',1,8500,0,'Glenway',1,8500,0,'Glenway',1,4600,0,'Glenway',1,8700,0,'Glenway',1,8700,0,'Glenway',1,8800,0,'Glenway',1,4800,0,'Glenway',1,8800,0,'Glenway',1,8800,0,'Glenway',1,8900,0,'Glenway',1,8900,0,'Glenway',1,4800,0,'Glenway',1,8700,0,'Glenway',1,8600,0,'Glenway',1,8500,0,'Glenway',1,8500,0,'Glenway',1,4500,0,'Glenway',1,8300,0,'Glenway',1,8200,0,'Glenway',1
'1merged62061',2100,54300,4,'',1,6000,4,'',1,2700,4,'',1,7200,4,'',1,2300,4,'',1,2900,4,'',1,6600,4,'',1,3000,4,'',1,7200,4,'',1,3300,4,'',1,7400,4,'',1,7300,4,'',1,3400,4,'',1,7500,4,'',1,3500,4,'',1,7300,4,'',1,3500,4,'',1,7500,4,'',1,7400,4,'',1,3600,4,'',1,37000,4,'',1,3500,4,'',1,6900,4,'',1,3000,4,'',1,6700,4,'',1
'1merged62061',2101,82300,,'',1,3000,,'',1,7200,,'',1,7600,,'',1,3100,,'',1,7400,,'',1,3400,,'',1,7400,,'',1,3500,,'',1,7300,,'',1,3500,,'',1,7500,,'',1,7400,,'',1,3600,,'',1,6600,,'',1,2100,,'',1,2000,,'',1,5700,,'',1,3400,,'',1,7100,,'',1,3300,,'',1,6900,,'',1,3500,,'',1,8700,,'',1,8400,,'',1
'2merged62062',2100,55500,4,'',1,8400,4,'',1,8000,4,'',1,3400,4,'',1,8900,4,'',1,7700,4,'',1,3200,4,'',1,7100,4,'',1,3200,4,'',1,7300,4,'',1,7300,4,'',1,3200,4,'',1,7000,4,'',1,3000,4,'',1,7100,4,'',1,3000,4,'',1,7100,4,'',1,3000,4,'',1,7100,4,'',1,3000,4,'',1,7100,4,'',1,3000,4,'',1,6700,4,'',1,2800,4,'',1,6900,4,'',1,3000,4,'',1,2900,4,'',1,7100,4,'',1,7500,4,'',1
'2merged62062',2101,52800,,'',1,7700,,'',1,4200,,'',1,7900,,'',1,7600,,'',1,3000,,'',1,7000,,'',1,3100,,'',1,7100,,'',1,3200,,'',1,6800,,'',1,3000,,'',1,7100,,'',1,3000,,'',1,7000,,'',1,3100,,'',1,7100,,'',1,3000,,'',1,7000,,'',1,3000,,'',1,7100,,'',1,3000,,'',1,7100,,'',1,3300,,'',1,7100,,'',1,3000,,'',1,7200,,'',1,3300,,'',1,8500,,'',1,8300,,'',1
'1merged62061',2200,160500,4,'',1,2100,4,'',1,2000,4,'',1,5700,4,'',1,1800,4,'',1,1600,4,'',1,1900,4,'',1,6200,4,'',1,2300,4,'',1
'1merged62061',2201,52200,,'',1,2400,,'',1,6100,,'',1,1800,,'',1,1600,,'',1,1600,,'',1,5500,,'',1,1700,,'',1,1700,,'',1,5800,,'',1
