'19560-special',7100,63400,0,'Templeton',1
'19561-special',7101,73800,4,'',1
'19562-special',7100,74000,0,'Templeton',1
'19563-special',7101,84500,4,'',1
'19564-special',7100,84800,0,'Templeton',1
'19565-special',7101,95300,4,'',1
'19566-special',7100,95600,0,'Templeton',1
'19567-special',7101,110200,4,'',1
'19568-special',7100,110500,0,'Templeton',1
'19569-special',7101,120700,4,'',1
'19570-special',7100,121300,0,'WalMart',1
'19571-special',7101,131800,4,'',1
'19572-special',7100,132000,0,'Templeton',1
'19573-special',7101,142500,4,'',1
'19574-special',7100,142800,0,'WalMart',1
'19575-special',7101,153400,4,'',1
'19576-special',7100,153700,0,'Templeton',1
'19577-special',7101,164200,4,'',1
'19578-special',7100,164500,0,'WalMart',1
'19579-special',7101,175000,4,'',1
'19580-special',7100,175400,0,'Templeton',1
'19581-special',7101,185500,4,'',1
'19582-special',7100,185700,0,'Templeton',1
'19583-special',7101,200100,4,'',1
'19584-special',7100,200300,0,'Templeton',1
'19585-special',7101,210800,4,'',1
'19586-special',7100,211000,0,'Templeton',1
'19587-special',7101,221400,4,'',1
'19588-special',7100,221600,0,'Templeton',1
'19589-special',7101,232000,4,'',1
'19590-special',7100,232200,0,'Templeton',1
'19591-special',7101,242500,4,'',1
'19592-special',7100,242700,0,'Templeton',1
'19597-special',7100,113000,0,'WalMart',1
'19598-special',7101,123200,4,'',1
'19599-special',7100,123500,0,'Templeton',1
'19600-special',7101,134000,4,'',1
'19601-special',7100,134300,0,'WalMart',1
'19602-special',7101,144800,4,'',1
'19603-special',7100,145100,0,'Templeton',1
'19604-special',7101,155600,4,'',1
'19605-special',7100,160000,0,'WalMart',1
'19606-special',7101,170500,4,'',1
'19607-special',7100,170800,0,'Templeton',1
'19608-special',7101,181100,4,'',1
'19609-special',7100,181900,0,'WalMart',1
'19610-special',7101,191800,4,'',1
'19616-special',7100,115100,0,'Templeton',1
'19617-special',7101,125600,4,'',1
'19618-special',7100,125800,0,'WalMart',1
'19619-special',7101,140300,4,'',1
'19620-special',7100,140600,0,'Templeton',1
'19621-special',7101,151100,4,'',1
'19622-special',7100,151400,0,'WalMart',1
'19623-special',7101,161900,4,'',1
'19624-special',7100,162300,0,'Templeton',1
'19625-special',7101,172700,4,'',1
'19626-special',7100,173100,0,'WalMart',1
'19627-special',7101,183300,4,'',1
'19630-special',7101,243800,4,'',1
'19631-special',7100,245000,0,'Templeton',1
'19634-special',7101,250800,4,'',1
'19635-special',7100,252000,0,'Templeton',1
'19638-special',7101,252700,4,'',1
'19639-special',7100,254800,0,'Templeton',1
'1merged62092',7100,51900,0,'Templeton',1,2300,0,'WalMart',1,1600,0,'Templeton',1,5400,0,'WalMart',1,1200,0,'Templeton',1,1300,0,'WalMart',1,1300,0,'Templeton',1,5400,0,'WalMart',1,1400,0,'Templeton',1,1400,0,'WalMart',1,1500,0,'Templeton',1,5400,0,'WalMart',1,1400,0,'Templeton',1,1500,0,'WalMart',1,1600,0,'Templeton',1,5800,0,'WalMart',1,1700,0,'Templeton',1,1700,0,'WalMart',1,1600,0,'Templeton',1,5700,0,'WalMart',1,1700,0,'Templeton',1,1700,0,'WalMart',1,5600,0,'Templeton',1,1700,0,'WalMart',1,1700,0,'Templeton',1,1700,0,'WalMart',1,5700,0,'Templeton',1,1700,0,'WalMart',1,1700,0,'Templeton',1,5700,0,'WalMart',1,1600,0,'Templeton',1,1700,0,'WalMart',1,1700,0,'Templeton',1,5700,0,'WalMart',1,1600,0,'Templeton',1,1400,0,'WalMart',1,1200,0,'Templeton',1,5200,0,'WalMart',1,1400,0,'Templeton',1,1300,0,'WalMart',1,1300,0,'Templeton',1,1400,0,'WalMart',1,5400,0,'Templeton',1,1400,0,'WalMart',1,1300,0,'Templeton',1,1400,0,'WalMart',1,5400,0,'Templeton',1,1400,0,'WalMart',1,1400,0,'Templeton',1,1700,0,'WalMart',1,5700,0,'Templeton',1,1700,0,'WalMart',1,1700,0,'Templeton',1,1700,0,'WalMart',1,5800,0,'Templeton',1,1700,0,'WalMart',1,1700,0,'Templeton',1,5700,0,'WalMart',1,1700,0,'Templeton',1,1800,0,'WalMart',1,7000,0,'Templeton',1,3100,0,'WalMart',1,7100,0,'Templeton',1,3100,0,'WalMart',1,7100,0,'Templeton',1,3000,0,'Templeton',1,10400,0,'Templeton',1,10100,0,'Templeton',1
'1merged62092',7101,55500,4,'',1,6600,4,'',1,1300,4,'',1,1300,4,'',1,5400,4,'',1,1500,4,'',1,1300,4,'',1,1500,4,'',1,1400,4,'',1,5400,4,'',1,1500,4,'',1,1500,4,'',1,1500,4,'',1,5400,4,'',1,1300,4,'',1,1200,4,'',1,1500,4,'',1,5700,4,'',1,1700,4,'',1,1600,4,'',1,1700,4,'',1,5700,4,'',1,1700,4,'',1,1700,4,'',1,5700,4,'',1,1700,4,'',1,1700,4,'',1,1700,4,'',1,5600,4,'',1,1700,4,'',1,1700,4,'',1,5700,4,'',1,1700,4,'',1,2000,4,'',1,1800,4,'',1,5900,4,'',1,1700,4,'',1,1600,4,'',1,5500,4,'',1,1400,4,'',1,1300,4,'',1,1200,4,'',1,1300,4,'',1,5300,4,'',1,1500,4,'',1,1500,4,'',1,1800,4,'',1,5900,4,'',1,1900,4,'',1,1800,4,'',1,5800,4,'',1,1700,4,'',1,1700,4,'',1,5700,4,'',1,1600,4,'',1,1600,4,'',1,1600,4,'',1,5600,4,'',1,1600,4,'',1,1600,4,'',1,7000,4,'',1,3100,4,'',1,7000,4,'',1,3100,4,'',1,10400,4,'',1,10200,4,'',1
'2merged62094',7100,52600,0,'WalMart',1,2200,0,'Templeton',1,6100,0,'WalMart',1,2000,0,'Templeton',1,2100,0,'WalMart',1,6100,0,'Templeton',1,2100,0,'WalMart',1,2200,0,'Templeton',1,6100,0,'WalMart',1,2200,0,'Templeton',1,2100,0,'WalMart',1,6200,0,'Templeton',1,2200,0,'WalMart',1,6200,0,'Templeton',1,2200,0,'WalMart',1,2200,0,'Templeton',1,6300,0,'WalMart',1,2300,0,'Templeton',1,2200,0,'WalMart',1,6300,0,'Templeton',1,2300,0,'WalMart',1,6300,0,'Templeton',1,2300,0,'WalMart',1,2300,0,'Templeton',1,6300,0,'WalMart',1,2300,0,'Templeton',1,6300,0,'WalMart',1,2400,0,'Templeton',1,2300,0,'WalMart',1,6400,0,'Templeton',1,2200,0,'WalMart',1,2300,0,'Templeton',1,6300,0,'WalMart',1,2300,0,'Templeton',1,6300,0,'WalMart',1,2200,0,'Templeton',1,2200,0,'WalMart',1,6200,0,'Templeton',1,2200,0,'WalMart',1,2100,0,'Templeton',1,6100,0,'WalMart',1,2100,0,'Templeton',1,2100,0,'WalMart',1,6100,0,'Templeton',1,2200,0,'WalMart',1,6300,0,'Templeton',1,3800,0,'WalMart',1,10100,0,'Templeton',1,10600,0,'Templeton',1,10200,0,'Templeton',1
'2merged62094',7101,62600,4,'',1,2100,4,'',1,6200,4,'',1,2100,4,'',1,2100,4,'',1,6100,4,'',1,2200,4,'',1,2200,4,'',1,6100,4,'',1,2200,4,'',1,6200,4,'',1,2200,4,'',1,2300,4,'',1,6200,4,'',1,2300,4,'',1,2300,4,'',1,6300,4,'',1,2300,4,'',1,6300,4,'',1,2300,4,'',1,2300,4,'',1,6300,4,'',1,2300,4,'',1,2200,4,'',1,6400,4,'',1,2300,4,'',1,6300,4,'',1,2400,4,'',1,2300,4,'',1,6300,4,'',1,2300,4,'',1,6200,4,'',1,2300,4,'',1,2200,4,'',1,6200,4,'',1,2200,4,'',1,2100,4,'',1,6100,4,'',1,2100,4,'',1,2100,4,'',1,6100,4,'',1,2100,4,'',1,2000,4,'',1,6000,4,'',1,2200,4,'',1,6300,4,'',1,3700,4,'',1,10600,4,'',1,10300,4,'',1
'3merged62093',7100,63400,0,'Templeton',1,10600,0,'Templeton',1,10800,0,'Templeton',1,10800,0,'Templeton',1,14900,0,'Templeton',1,2500,0,'WalMart',1,2100,0,'Templeton',1,6200,0,'WalMart',1,2200,0,'Templeton',1,2300,0,'WalMart',1,6200,0,'Templeton',1,2300,0,'WalMart',1,6300,0,'Templeton',1,2200,0,'WalMart',1,2300,0,'Templeton',1,6300,0,'WalMart',1,2300,0,'Templeton',1,6300,0,'WalMart',1,2300,0,'Templeton',1,2200,0,'WalMart',1,6300,0,'Templeton',1,2300,0,'WalMart',1,2300,0,'Templeton',1,6500,0,'WalMart',1,3800,0,'Templeton',1,14600,0,'Templeton',1,10700,0,'Templeton',1,10600,0,'Templeton',1,10600,0,'Templeton',1,10500,0,'Templeton',1
'3merged62093',7101,73800,4,'',1,10700,4,'',1,10800,4,'',1,14900,4,'',1,10500,4,'',1,2500,4,'',1,2400,4,'',1,6200,4,'',1,2200,4,'',1,6300,4,'',1,2200,4,'',1,2300,4,'',1,6300,4,'',1,2300,4,'',1,2200,4,'',1,6300,4,'',1,2300,4,'',1,6300,4,'',1,2200,4,'',1,2300,4,'',1,6100,4,'',1,2200,4,'',1,2200,4,'',1,6300,4,'',1,8300,4,'',1,10700,4,'',1,10600,4,'',1,10600,4,'',1,10500,4,'',1
