'1merged62092',3600,64810,4,'',1,5600,4,'',1,1200,4,'',1,1000,4,'',1,800,4,'',1,600,4,'',1,500,4,'',1,500,4,'',1,400,4,'',1,400,4,'',1,4400,4,'',1,400,4,'',1,400,4,'',1,500,4,'',1,690,4,'',1,500,4,'',1,500,4,'',1,600,4,'',1,500,4,'',1,600,4,'',1,600,4,'',1,4700,4,'',1,810,4,'',1,800,4,'',1,1000,4,'',1,1100,4,'',1,1100,4,'',1,5700,4,'',1,2200,4,'',1,7900,4,'',1,3900,4,'',1,7800,4,'',1,7900,4,'',1,3900,4,'',1,7900,4,'',1,2000,4,'',1
'19205-special',4701,84200,4,'',1
'19207-special',4701,111100,4,'',1
'19209-special',4701,134900,4,'',1
'19211-special',4701,162900,4,'',1
'19213-special',4701,190600,4,'',1
'19216-special',4701,64700,4,'',1
'19218-special',4701,91100,4,'',1
'19220-special',4701,114200,4,'',1
'19222-special',4701,142100,4,'',1
'19224-special',4701,170100,4,'',1
'19226-special',4701,193700,4,'',1
'19228-special',4701,222700,4,'',1
'19230-special',4701,244200,4,'',1
'19234-special',4701,71500,4,'',1
'19236-special',4701,94100,4,'',1
'19238-special',4701,121300,4,'',1
'19240-special',4701,145300,4,'',1
'19242-special',4701,173300,4,'',1
'19244-special',4701,200700,4,'',1
'19248-special',4701,81300,4,'',1
'19250-special',4701,104000,4,'',1
'19252-special',4701,131700,4,'',1
'19254-special',4701,155700,4,'',1
'19256-special',4701,183600,4,'',1
'19258-special',4701,211500,4,'',1
'19260-special',4701,233600,4,'',1
'19268-special',4701,74400,4,'',1
'19270-special',4701,101000,4,'',1
'19272-special',4701,124500,4,'',1
'19274-special',4701,152500,4,'',1
'19276-special',4701,180500,4,'',1
'19278-special',4701,203700,4,'',1
'19280-special',4701,230200,4,'',1
'19286-special',4701,260500,4,'',1
'19290-special',4701,253700,4,'',1
'19293-special',4701,250700,4,'',1
'19675-special',4701,215100,4,'',1
'19677-special',4701,241000,4,'',1
'1merged62092',4701,61400,4,'',1,1100,4,'',1,1000,4,'',1,1100,4,'',1,1100,4,'',1,5200,4,'',1,1200,4,'',1,1300,4,'',1,1200,4,'',1,1200,4,'',1,5200,4,'',1,1300,4,'',1,1100,4,'',1,1200,4,'',1,1200,4,'',1,5100,4,'',1,1200,4,'',1,1000,4,'',1,1100,4,'',1,1200,4,'',1,5200,4,'',1,1200,4,'',1,1000,4,'',1,1400,4,'',1,1400,4,'',1,5400,4,'',1,1600,4,'',1,1500,4,'',1,1500,4,'',1,5400,4,'',1,1500,4,'',1,1500,4,'',1,1400,4,'',1,5500,4,'',1,1500,4,'',1,1600,4,'',1,1500,4,'',1,5600,4,'',1,1500,4,'',1,1600,4,'',1,1600,4,'',1,5500,4,'',1,1200,4,'',1,1300,4,'',1,1300,4,'',1,5200,4,'',1,1200,4,'',1,1200,4,'',1,1300,4,'',1,1200,4,'',1,5200,4,'',1,1100,4,'',1,1200,4,'',1,1200,4,'',1,1100,4,'',1,5000,4,'',1,1100,4,'',1,1100,4,'',1,1100,4,'',1,1100,4,'',1,1300,4,'',1,5500,4,'',1,1400,4,'',1,1500,4,'',1,1500,4,'',1,5500,4,'',1,1500,4,'',1,1900,4,'',1,6000,4,'',1,2200,4,'',1,2100,4,'',1,6100,4,'',1,2200,4,'',1,2200,4,'',1,7500,4,'',1,3100,4,'',1,7200,4,'',1,7200,4,'',1,3100,4,'',1,7100,4,'',1
'2merged62094',4701,62700,4,'',1,2100,4,'',1,6000,4,'',1,2100,4,'',1,2100,4,'',1,6000,4,'',1,2000,4,'',1,2100,4,'',1,6100,4,'',1,2200,4,'',1,2100,4,'',1,6100,4,'',1,2100,4,'',1,2100,4,'',1,6300,4,'',1,2200,4,'',1,6200,4,'',1,2300,4,'',1,2300,4,'',1,6300,4,'',1,2300,4,'',1,6300,4,'',1,2200,4,'',1,2300,4,'',1,6300,4,'',1,2300,4,'',1,2300,4,'',1,6300,4,'',1,2200,4,'',1,6300,4,'',1,2300,4,'',1,2300,4,'',1,6200,4,'',1,2300,4,'',1,2200,4,'',1,6200,4,'',1,2200,4,'',1,6300,4,'',1,2200,4,'',1,2000,4,'',1,6100,4,'',1,2200,4,'',1,2100,4,'',1,6100,4,'',1,2200,4,'',1,2200,4,'',1,7500,4,'',1,3100,4,'',1,7200,4,'',1,7200,4,'',1,3100,4,'',1,7100,4,'',1
'3merged62093',4701,64700,4,'',1,6800,4,'',1,2900,4,'',1,6900,4,'',1,2900,4,'',1,6900,4,'',1,3000,4,'',1,6900,4,'',1,3000,4,'',1,7100,4,'',1,3100,4,'',1,7100,4,'',1,3200,4,'',1,7200,4,'',1,3200,4,'',1,7200,4,'',1,3200,4,'',1,7200,4,'',1,3200,4,'',1,7200,4,'',1,7200,4,'',1,3200,4,'',1,7200,4,'',1,3100,4,'',1,7000,4,'',1,3100,4,'',1,7000,4,'',1,3000,4,'',1,7800,4,'',1,3600,4,'',1,7600,4,'',1,7500,4,'',1,3400,4,'',1,7400,4,'',1,3200,4,'',1
'18183-special',6000,220820,4,'',1
'18185-special',6000,235320,4,'',1
'18374-special',6000,213220,4,'',1
'18376-special',6000,231820,4,'',1
'18433-special',6000,205520,4,'',1
'18435-special',6000,224420,4,'',1
'18437-special',6000,242620,4,'',1
'19392-special',6000,70120,4,'',1
'19394-special',6000,82720,4,'',1
'19396-special',6000,95520,4,'',1
'19398-special',6000,112520,4,'',1
'19400-special',6000,130020,4,'',1
'19402-special',6000,143620,4,'',1
'19404-special',6000,161220,4,'',1
'19406-special',6000,174820,4,'',1
'19408-special',6000,192120,4,'',1
'19413-special',6000,72920,4,'',1
'19415-special',6000,85620,4,'',1
'19417-special',6000,102420,4,'',1
'19419-special',6000,115720,4,'',1
'19421-special',6000,133220,4,'',1
'19423-special',6000,150820,4,'',1
'19425-special',6000,164420,4,'',1
'19427-special',6000,181920,4,'',1
'19429-special',6000,195120,4,'',1
'19432-special',6000,63320,4,'',1
'19434-special',6000,75820,4,'',1
'19436-special',6000,92520,4,'',1
'19438-special',6000,105420,4,'',1
'19440-special',6000,122820,4,'',1
'19442-special',6000,140420,4,'',1
'19444-special',6000,154020,4,'',1
'19446-special',6000,171620,4,'',1
'19448-special',6000,185020,4,'',1
'19453-special',6000,251220,4,'',1
'19457-special',6000,254220,4,'',1
'19461-special',6000,261020,4,'',1
'19612-special',6000,202030,4,'',1
'1merged62092',6000,60910,4,'',1,1100,4,'',1,1100,4,'',1,1100,4,'',1,1100,4,'',1,5000,4,'',1,1300,4,'',1,1300,4,'',1,1290,4,'',1,1300,4,'',1,5100,4,'',1,1200,4,'',1,500,4,'',1,700,4,'',1,1000,4,'',1,1200,4,'',1,5100,4,'',1,1200,4,'',1,1200,4,'',1,1100,4,'',1,1200,4,'',1,600,4,'',1,4600,4,'',1,1200,4,'',1,1200,4,'',1,1110,4,'',1,1390,4,'',1,5400,4,'',1,1500,4,'',1,1600,4,'',1,1500,4,'',1,5310,4,'',1,1500,4,'',1,1500,4,'',1,1490,4,'',1,5600,4,'',1,1500,4,'',1,1500,4,'',1,1600,4,'',1,5500,4,'',1,1600,4,'',1,1500,4,'',1,1650,4,'',1,5500,4,'',1,1300,4,'',1,1300,4,'',1,1200,4,'',1,1300,4,'',1,5200,4,'',1,1200,4,'',1,1300,4,'',1,1200,4,'',1,5200,4,'',1,1200,4,'',1,1200,4,'',1,1200,4,'',1,1200,4,'',1,1000,4,'',1,5100,4,'',1,1050,4,'',1,1100,4,'',1,1100,4,'',1,1300,4,'',1,5300,4,'',1,1400,4,'',1,1500,4,'',1,1500,4,'',1,5500,4,'',1,1500,4,'',1,1700,4,'',1,1900,4,'',1,6010,4,'',1,2200,4,'',1,6100,4,'',1,2100,4,'',1,2200,4,'',1,6700,4,'',1,3400,4,'',1,7110,4,'',1,3200,4,'',1,7200,4,'',1,3100,4,'',1
'2merged62094',6000,61520,4,'',1,2300,4,'',1,2000,4,'',1,6100,4,'',1,2000,4,'',1,2000,4,'',1,6000,4,'',1,2100,4,'',1,6100,4,'',1,2100,4,'',1,2200,4,'',1,6100,4,'',1,2100,4,'',1,2100,4,'',1,6100,4,'',1,2200,4,'',1,2300,4,'',1,6300,4,'',1,2300,4,'',1,6300,4,'',1,2300,4,'',1,2300,4,'',1,6200,4,'',1,2300,4,'',1,2300,4,'',1,6300,4,'',1,2300,4,'',1,6300,4,'',1,2200,4,'',1,2300,4,'',1,6300,4,'',1,2300,4,'',1,2200,4,'',1,6200,4,'',1,2300,4,'',1,6200,4,'',1,2200,4,'',1,2300,4,'',1,6200,4,'',1,2100,4,'',1,1910,4,'',1,6290,4,'',1,2200,4,'',1,2100,4,'',1,6100,4,'',1,2300,4,'',1,6800,4,'',1,3300,4,'',1,7200,4,'',1,3200,4,'',1,7200,4,'',1,3100,4,'',1
'3merged62093',6000,63320,4,'',1,6800,4,'',1,2800,4,'',1,2900,4,'',1,6900,4,'',1,2900,4,'',1,6900,4,'',1,3000,4,'',1,6900,4,'',1,3000,4,'',1,7100,4,'',1,3200,4,'',1,7100,4,'',1,7200,4,'',1,3200,4,'',1,7200,4,'',1,3200,4,'',1,7200,4,'',1,3200,4,'',1,7200,4,'',1,3200,4,'',1,7200,4,'',1,3200,4,'',1,7100,4,'',1,3100,4,'',1,7100,4,'',1,3000,4,'',1,6910,4,'',1,3490,4,'',1,7700,4,'',1,7600,4,'',1,3600,4,'',1,7400,4,'',1,3500,4,'',1,7300,4,'',1
'19643-special',7400,113200,4,'',1
'19645-special',7400,134100,4,'',1
'19647-special',7400,154900,4,'',1
'19649-special',7400,175600,4,'',1
'19654-special',7400,123600,4,'',1
'19656-special',7400,144500,4,'',1
'19658-special',7400,165300,4,'',1
'19660-special',7400,185600,4,'',1
'1merged62092',7400,63900,4,'',1,6100,4,'',1,2100,4,'',1,1500,4,'',1,1500,4,'',1,5400,4,'',1,1400,4,'',1,1500,4,'',1,1500,4,'',1,5500,4,'',1,1500,4,'',1,1500,4,'',1,2100,4,'',1,6100,4,'',1,4200,4,'',1,8300,4,'',1,8200,4,'',1,8300,4,'',1,4350,4,'',1,8400,4,'',1,2500,4,'',1,6100,4,'',1,1500,4,'',1,1600,4,'',1,5600,4,'',1,1700,4,'',1,1600,4,'',1,1700,4,'',1,5600,4,'',1,1600,4,'',1,1600,4,'',1,1500,4,'',1,5600,4,'',1,1600,4,'',1,2350,4,'',1,6200,4,'',1,1900,4,'',1,2100,4,'',1,8110,4,'',1,7900,4,'',1,3800,4,'',1
'2merged62094',7400,73400,4,'',1,9800,4,'',1,9800,4,'',1,9900,4,'',1,10000,4,'',1,10300,4,'',1,10600,4,'',1,10400,4,'',1,10600,4,'',1,10400,4,'',1,10400,4,'',1,10000,4,'',1,9800,4,'',1
'3merged62093',7400,113200,4,'',1,10400,4,'',1,10500,4,'',1,10400,4,'',1,10400,4,'',1,10400,4,'',1,10300,4,'',1,10000,4,'',1
'19663-special',7500,114400,4,'',1
'19665-special',7500,131600,4,'',1
'19667-special',7500,144800,4,'',1
'19669-special',7500,162100,4,'',1
'19671-special',7500,175300,4,'',1
'19673-special',7500,192100,4,'',1
'19681-special',7500,123000,4,'',1
'19683-special',7500,140200,4,'',1
'19685-special',7500,153500,4,'',1
'19687-special',7500,170700,4,'',1
'19689-special',7500,183600,4,'',1
'1merged62092',7500,62700,4,'',1,1800,4,'',1,5500,4,'',1,1200,4,'',1,1300,4,'',1,600,4,'',1,700,4,'',1,600,4,'',1,600,4,'',1,600,4,'',1,4600,4,'',1,300,4,'',1,350,4,'',1,300,4,'',1,300,4,'',1,700,4,'',1,300,4,'',1,300,4,'',1,300,4,'',1,300,4,'',1,690,4,'',1,700,4,'',1,600,4,'',1,4700,4,'',1,300,4,'',1,400,4,'',1,600,4,'',1,300,4,'',1,300,4,'',1,400,4,'',1,300,4,'',1,600,4,'',1,610,4,'',1,500,4,'',1,400,4,'',1,500,4,'',1,500,4,'',1,4500,4,'',1,550,4,'',1,700,4,'',1,600,4,'',1,1200,4,'',1,1300,4,'',1,1200,4,'',1,5300,4,'',1,2500,4,'',1,6500,4,'',1,2500,4,'',1,2400,4,'',1,6500,4,'',1,2500,4,'',1,6400,4,'',1,2600,4,'',1,2600,4,'',1,6600,4,'',1,2500,4,'',1,5500,4,'',1,1400,4,'',1,1300,4,'',1,1300,4,'',1,1300,4,'',1,5400,4,'',1,1500,4,'',1,1500,4,'',1,6500,4,'',1,2400,4,'',1,2400,4,'',1,6300,4,'',1,2200,4,'',1,2200,4,'',1,6200,4,'',1,2200,4,'',1,6200,4,'',1,2100,4,'',1,2100,4,'',1,6100,4,'',1,2000,4,'',1,2100,4,'',1,6100,4,'',1
'2merged62094',7500,72900,4,'',1,2900,4,'',1,7000,4,'',1,3000,4,'',1,6900,4,'',1,3000,4,'',1,7100,4,'',1,3000,4,'',1,7100,4,'',1,7100,4,'',1,3100,4,'',1,7200,4,'',1,3100,4,'',1,7100,4,'',1,3200,4,'',1,7100,4,'',1,3200,4,'',1,7200,4,'',1,3000,4,'',1,7200,4,'',1,3200,4,'',1,7000,4,'',1,2900,4,'',1,7100,4,'',1
'3merged62093',7500,114400,4,'',1,8600,4,'',1,8600,4,'',1,8600,4,'',1,4600,4,'',1,8700,4,'',1,8600,4,'',1,8600,4,'',1,4600,4,'',1,8300,4,'',1,8500,4,'',1
'19724-special',7800,111300,4,'',1
'19726-special',7800,123900,4,'',1
'19728-special',7800,140700,4,'',1
'19730-special',7800,153500,4,'',1
'19732-special',7800,170300,4,'',1
'19734-special',7800,182700,4,'',1
'19739-special',7800,115600,4,'',1
'19741-special',7800,132300,4,'',1
'19743-special',7800,145100,4,'',1
'19745-special',7800,161900,4,'',1
'19747-special',7800,174500,4,'',1
'19749-special',7800,190800,4,'',1
'1merged62092',7800,62620,4,'',1,2200,4,'',1,5880,4,'',1,1200,4,'',1,1200,4,'',1,1100,4,'',1,1200,4,'',1,5100,4,'',1,1110,4,'',1,1100,4,'',1,1200,4,'',1,1200,4,'',1,5100,4,'',1,1200,4,'',1,1300,4,'',1,2100,4,'',1,6200,4,'',1,2200,4,'',1,2200,4,'',1,6200,4,'',1,2200,4,'',1,6200,4,'',1,2300,4,'',1,2200,4,'',1,6200,4,'',1,2200,4,'',1,2300,4,'',1,6300,4,'',1,2300,4,'',1,6300,4,'',1,2300,4,'',1,1300,4,'',1,1200,4,'',1,5200,4,'',1,1290,4,'',1,1300,4,'',1,1200,4,'',1,1300,4,'',1,5300,4,'',1,1200,4,'',1,1100,4,'',1,1100,4,'',1,1100,4,'',1,5100,4,'',1,1200,4,'',1,1200,4,'',1,1210,4,'',1,2100,4,'',1,6100,4,'',1,2310,4,'',1,7800,4,'',1,3700,4,'',1,7800,4,'',1,7700,4,'',1
'2merged62094',7800,75010,4,'',1,7900,4,'',1,8000,4,'',1,4000,4,'',1,8100,4,'',1,8290,4,'',1,4300,4,'',1,8300,4,'',1,8400,4,'',1,8400,4,'',1,4400,4,'',1,8400,4,'',1,8400,4,'',1,8400,4,'',1,4200,4,'',1,8200,4,'',1,8100,4,'',1,3910,4,'',1
'3merged62093',7800,111300,4,'',1,4300,4,'',1,8300,4,'',1,8400,4,'',1,8400,4,'',1,4400,4,'',1,8400,4,'',1,8400,4,'',1,8400,4,'',1,4200,4,'',1,8200,4,'',1,8100,4,'',1
'1merged62092',66200,63700,4,'',1,6800,4,'',1,1700,4,'',1,1500,4,'',1,2200,4,'',1,5800,4,'',1,1600,4,'',1,1500,4,'',1,6000,4,'',1,2100,4,'',1,8000,4,'',1,4100,4,'',1,8000,4,'',1,8100,4,'',1,4100,4,'',1,8000,4,'',1,8100,4,'',1,4100,4,'',1,8100,4,'',1,2400,4,'',1,6200,4,'',1,1400,4,'',1,1400,4,'',1,5500,4,'',1,1400,4,'',1,1400,4,'',1,1500,4,'',1,5800,4,'',1,2300,4,'',1,8000,4,'',1,4000,4,'',1,8000,4,'',1,8000,4,'',1,3900,4,'',1,8000,4,'',1,7300,4,'',1
'20275-special',66200,81200,4,'',1
'20277-special',66200,92000,4,'',1
'20279-special',66200,103000,4,'',1
'20281-special',66200,114200,4,'',1
'20283-special',66200,125700,4,'',1
'20285-special',66200,141100,4,'',1
'20287-special',66200,152800,4,'',1
'20289-special',66200,164500,4,'',1
'20291-special',66200,175900,4,'',1
'20295-special',66200,73900,4,'',1
'20297-special',66200,84600,4,'',1
'20299-special',66200,95500,4,'',1
'20301-special',66200,110600,4,'',1
'20303-special',66200,122000,4,'',1
'20305-special',66200,133400,4,'',1
'20307-special',66200,145000,4,'',1
'20309-special',66200,160700,4,'',1
'20311-special',66200,172200,4,'',1
'20313-special',66200,183700,4,'',1
'20315-special',66200,195100,4,'',1
'20317-special',66200,210000,4,'',1
'20319-special',66200,220400,4,'',1
'20321-special',66200,230600,4,'',1
'2merged62094',66200,71000,4,'',1,3200,4,'',1,7300,4,'',1,3500,4,'',1,7600,4,'',1,7700,4,'',1,3700,4,'',1,7800,4,'',1,3800,4,'',1,8100,4,'',1,8000,4,'',1,3900,4,'',1,8000,4,'',1,7900,4,'',1,4000,4,'',1,7900,4,'',1,8000,4,'',1,3700,4,'',1,8000,4,'',1,7800,4,'',1,3800,4,'',1,11200,4,'',1,14600,4,'',1,10300,4,'',1
'3merged62093',66200,73900,4,'',1,7300,4,'',1,3400,4,'',1,7400,4,'',1,3500,4,'',1,7500,4,'',1,7600,4,'',1,3600,4,'',1,7800,4,'',1,3700,4,'',1,7700,4,'',1,7700,4,'',1,3900,4,'',1,7800,4,'',1,7900,4,'',1,3800,4,'',1,7700,4,'',1,3700,4,'',1,7800,4,'',1,11400,4,'',1,14900,4,'',1,10400,4,'',1,10200,4,'',1
'1merged62092',67101,55800,4,'',1,6700,4,'',1,2700,4,'',1,5500,4,'',1,1400,4,'',1,1500,4,'',1,1500,4,'',1,5500,4,'',1,1500,4,'',1,1400,4,'',1,1500,4,'',1,5500,4,'',1,1500,4,'',1,1400,4,'',1,1400,4,'',1,6900,4,'',1,2800,4,'',1,6800,4,'',1,2900,4,'',1,6800,4,'',1,2800,4,'',1,6900,4,'',1,2800,4,'',1,6900,4,'',1,2900,4,'',1,7000,4,'',1,2800,4,'',1,1500,4,'',1,5500,4,'',1,1500,4,'',1,1500,4,'',1,1400,4,'',1,5500,4,'',1,1500,4,'',1,1400,4,'',1,2900,4,'',1,6900,4,'',1,2700,4,'',1,6700,4,'',1,2600,4,'',1,6700,4,'',1,4100,4,'',1,9400,4,'',1,9400,4,'',1
'20325-special',67101,100100,4,'',1
'20327-special',67101,105400,4,'',1
'20329-special',67101,114700,4,'',1
'20331-special',67101,124000,4,'',1
'20333-special',67101,133300,4,'',1
'20335-special',67101,142600,4,'',1
'20337-special',67101,151900,4,'',1
'20339-special',67101,161200,4,'',1
'20341-special',67101,170500,4,'',1
'20343-special',67101,175800,4,'',1
'20345-special',67101,185100,4,'',1
'20350-special',67101,102700,4,'',1
'20352-special',67101,112000,4,'',1
'20354-special',67101,121300,4,'',1
'20356-special',67101,130600,4,'',1
'20358-special',67101,135900,4,'',1
'20360-special',67101,145200,4,'',1
'20362-special',67101,154500,4,'',1
'20364-special',67101,163800,4,'',1
'20366-special',67101,173100,4,'',1
'20368-special',67101,182400,4,'',1
'2merged62094',67101,65500,4,'',1,6700,4,'',1,2600,4,'',1,6700,4,'',1,2600,4,'',1,6700,4,'',1,2600,4,'',1,6700,4,'',1,2600,4,'',1,2700,4,'',1,6600,4,'',1,2700,4,'',1,6600,4,'',1,2700,4,'',1,6600,4,'',1,2700,4,'',1,2600,4,'',1,6700,4,'',1,2600,4,'',1,6700,4,'',1,2600,4,'',1,6700,4,'',1,2600,4,'',1,6700,4,'',1,2600,4,'',1,2700,4,'',1,6600,4,'',1,2700,4,'',1,6600,4,'',1,2700,4,'',1,6600,4,'',1,4000,4,'',1,9300,4,'',1
'3merged62093',67101,100100,4,'',1,2600,4,'',1,2700,4,'',1,6600,4,'',1,2700,4,'',1,6600,4,'',1,2700,4,'',1,6600,4,'',1,2700,4,'',1,2600,4,'',1,6700,4,'',1,2600,4,'',1,6700,4,'',1,2600,4,'',1,6700,4,'',1,2600,4,'',1,6700,4,'',1,2600,4,'',1,2700,4,'',1,6600,4,'',1,2700,4,'',1
'1merged62092',67201,61100,4,'',1,2700,4,'',1,7000,4,'',1,1500,4,'',1,1500,4,'',1,1500,4,'',1,5400,4,'',1,1500,4,'',1,1400,4,'',1,1500,4,'',1,5500,4,'',1,1500,4,'',1,1400,4,'',1,6800,4,'',1,2900,4,'',1,6800,4,'',1,2800,4,'',1,2800,4,'',1,6800,4,'',1,2900,4,'',1,6800,4,'',1,2900,4,'',1,6900,4,'',1,2900,4,'',1,6900,4,'',1,1500,4,'',1,1500,4,'',1,5500,4,'',1,1500,4,'',1,1500,4,'',1,1400,4,'',1,5500,4,'',1,1500,4,'',1,1400,4,'',1,1400,4,'',1,6800,4,'',1,2800,4,'',1,6700,4,'',1,2700,4,'',1,6700,4,'',1,2700,4,'',1,9400,4,'',1,9400,4,'',1,9400,4,'',1
'20372-special',67201,101400,4,'',1
'20374-special',67201,110700,4,'',1
'20376-special',67201,120000,4,'',1
'20378-special',67201,125300,4,'',1
'20380-special',67201,134600,4,'',1
'20382-special',67201,143900,4,'',1
'20384-special',67201,153200,4,'',1
'20386-special',67201,162500,4,'',1
'20388-special',67201,171800,4,'',1
'20390-special',67201,181100,4,'',1
'20392-special',67201,190400,4,'',1
'20397-special',67201,104000,4,'',1
'20399-special',67201,113300,4,'',1
'20401-special',67201,122600,4,'',1
'20403-special',67201,131900,4,'',1
'20405-special',67201,141200,4,'',1
'20407-special',67201,150500,4,'',1
'20409-special',67201,155800,4,'',1
'20411-special',67201,165100,4,'',1
'20413-special',67201,174400,4,'',1
'20415-special',67201,183700,4,'',1
'2merged62094',67201,70800,4,'',1,2700,4,'',1,6600,4,'',1,2700,4,'',1,2600,4,'',1,6700,4,'',1,2600,4,'',1,6700,4,'',1,2600,4,'',1,6700,4,'',1,2600,4,'',1,6700,4,'',1,2600,4,'',1,2700,4,'',1,6600,4,'',1,2700,4,'',1,6600,4,'',1,2700,4,'',1,6600,4,'',1,2700,4,'',1,2600,4,'',1,6700,4,'',1,2600,4,'',1,6700,4,'',1,2600,4,'',1,6700,4,'',1,2600,4,'',1,6700,4,'',1,2700,4,'',1,2600,4,'',1,6700,4,'',1,9300,4,'',1
'3merged62093',67201,101400,4,'',1,2600,4,'',1,6700,4,'',1,2600,4,'',1,6700,4,'',1,2600,4,'',1,2700,4,'',1,6600,4,'',1,2700,4,'',1,6600,4,'',1,2700,4,'',1,6600,4,'',1,2700,4,'',1,2600,4,'',1,6700,4,'',1,2600,4,'',1,6700,4,'',1,2600,4,'',1,6700,4,'',1,2600,4,'',1,6700,4,'',1
'19873-special',2222200,65700,4,'',1
'19893-special',2222200,60800,4,'',1
'19917-special',2222200,74600,4,'',1
'19919-special',2222200,91900,4,'',1
'19921-special',2222200,104700,4,'',1
'19923-special',2222200,121700,4,'',1
'19925-special',2222200,134800,4,'',1
'19927-special',2222200,152100,4,'',1
'19929-special',2222200,165500,4,'',1
'19931-special',2222200,182600,4,'',1
'19933-special',2222200,195900,4,'',1
'19935-special',2222200,212600,4,'',1
'19937-special',2222200,225010,4,'',1
'19939-special',2222200,241410,4,'',1
'19945-special',2222200,83500,4,'',1
'19947-special',2222200,100300,4,'',1
'19949-special',2222200,113200,4,'',1
'19951-special',2222200,130300,4,'',1
'19953-special',2222200,143500,4,'',1
'19955-special',2222200,160800,4,'',1
'19957-special',2222200,174100,4,'',1
'19959-special',2222200,191200,4,'',1
'19969-special',2222200,72200,4,'',1
'19987-special',2222200,205600,4,'',1
'19989-special',2222200,222210,4,'',1
'19991-special',2222200,234610,4,'',1
'19994-special',2222200,63300,4,'',1
'1merged62092',2222200,51010,4,'',1,1500,4,'',1,1300,4,'',1,1290,4,'',1,5300,4,'',1,1500,4,'',1,1300,4,'',1,800,4,'',1,700,4,'',1,700,4,'',1,4750,4,'',1,700,4,'',1,700,4,'',1,500,4,'',1,600,4,'',1,700,4,'',1,700,4,'',1,700,4,'',1,700,4,'',1,4800,4,'',1,400,4,'',1,300,4,'',1,700,4,'',1,300,4,'',1,300,4,'',1,300,4,'',1,300,4,'',1,600,4,'',1,700,4,'',1,700,4,'',1,550,4,'',1,4600,4,'',1,700,4,'',1,700,4,'',1,600,4,'',1,600,4,'',1,700,4,'',1,800,4,'',1,800,4,'',1,800,4,'',1,4800,4,'',1,800,4,'',1,1100,4,'',1,1600,4,'',1,1500,4,'',1,5500,4,'',1,1400,4,'',1,1500,4,'',1,1500,4,'',1,5500,4,'',1,1500,4,'',1,1500,4,'',1,1400,4,'',1,5600,4,'',1,1500,4,'',1,1500,4,'',1,1400,4,'',1,5500,4,'',1,1500,4,'',1,1500,4,'',1,1600,4,'',1,5300,4,'',1,1300,4,'',1,1200,4,'',1,1200,4,'',1,1200,4,'',1,5300,4,'',1,1200,4,'',1,1200,4,'',1,1400,4,'',1,5500,4,'',1,1600,4,'',1,1600,4,'',1,1600,4,'',1,5500,4,'',1,1400,4,'',1,1400,4,'',1,1400,4,'',1,5500,4,'',1,1600,4,'',1,1900,4,'',1,2000,4,'',1,6500,4,'',1,3000,4,'',1,7000,4,'',1,2900,4,'',1,6910,4,'',1,2900,4,'',1,6800,4,'',1,2900,4,'',1,6900,4,'',1,2600,4,'',1,6800,4,'',1,2700,4,'',1,6800,4,'',1
'20023-special',2222200,81100,4,'',1
'20025-special',2222200,94100,4,'',1
'20027-special',2222200,110900,4,'',1
'20029-special',2222200,124000,4,'',1
'20031-special',2222200,141200,4,'',1
'20033-special',2222200,154500,4,'',1
'20035-special',2222200,171800,4,'',1
'20037-special',2222200,184900,4,'',1
'20039-special',2222200,202600,4,'',1
'20041-special',2222200,215400,4,'',1
'20043-special',2222200,231810,4,'',1
'20045-special',2222200,244110,4,'',1
'20048-special',2222200,85800,4,'',1
'20050-special',2222200,102500,4,'',1
'20052-special',2222200,115500,4,'',1
'20054-special',2222200,132500,4,'',1
'20056-special',2222200,145800,4,'',1
'20058-special',2222200,163100,4,'',1
'20060-special',2222200,180400,4,'',1
'20062-special',2222200,193500,4,'',1
'2merged62094',2222200,55900,4,'',1,5100,4,'',1,2100,4,'',1,2200,4,'',1,6200,4,'',1,2200,4,'',1,2200,4,'',1,6300,4,'',1,2300,4,'',1,6000,4,'',1,1700,4,'',1,1800,4,'',1,1800,4,'',1,5800,4,'',1,1600,4,'',1,1800,4,'',1,5800,4,'',1,1800,4,'',1,1700,4,'',1,5800,4,'',1,1800,4,'',1,1800,4,'',1,1700,4,'',1,5800,4,'',1,1800,4,'',1,1800,4,'',1,5800,4,'',1,1700,4,'',1,1800,4,'',1,1800,4,'',1,5800,4,'',1,1800,4,'',1,1800,4,'',1,5800,4,'',1,1800,4,'',1,1800,4,'',1,5800,4,'',1,1800,4,'',1,1800,4,'',1,1800,4,'',1,5800,4,'',1,1800,4,'',1,1900,4,'',1,6800,4,'',1,3000,4,'',1,7000,4,'',1,3000,4,'',1,7000,4,'',1,2900,4,'',1,6910,4,'',1,2900,4,'',1,6800,4,'',1,2900,4,'',1,6900,4,'',1,2600,4,'',1,6800,4,'',1,2700,4,'',1,6800,4,'',1
'3merged62093',2222200,60800,4,'',1,2500,4,'',1,2400,4,'',1,6500,4,'',1,2400,4,'',1,6500,4,'',1,2400,4,'',1,2300,4,'',1,6100,4,'',1,2200,4,'',1,6200,4,'',1,2200,4,'',1,2200,4,'',1,6200,4,'',1,2300,4,'',1,2300,4,'',1,6200,4,'',1,2300,4,'',1,6300,4,'',1,2200,4,'',1,2300,4,'',1,6400,4,'',1,2300,4,'',1,2300,4,'',1,6300,4,'',1,2400,4,'',1,6300,4,'',1,2300,4,'',1,2400,4,'',1,6300,4,'',1,2300,4,'',1,6300,4,'',1,2200,4,'',1,2300,4,'',1,6300,4,'',1,2300,4,'',1,2400,4,'',1,6700,4,'',1,3000,4,'',1,7000,4,'',1,2800,4,'',1,6810,4,'',1,2800,4,'',1,6800,4,'',1,2800,4,'',1,6800,4,'',1,2700,4,'',1
