'4merged62046',3600,64810,4,'',1,5600,4,'',1,1200,4,'',1,1000,4,'',1,800,4,'',1,600,4,'',1,500,4,'',1,500,4,'',1,400,4,'',1,400,4,'',1,4400,4,'',1,400,4,'',1,400,4,'',1,500,4,'',1,690,4,'',1,500,4,'',1,500,4,'',1,600,4,'',1,500,4,'',1,600,4,'',1,600,4,'',1,4700,4,'',1,810,4,'',1,800,4,'',1,1000,4,'',1,1100,4,'',1,1100,4,'',1,5700,4,'',1,2200,4,'',1,7900,4,'',1,3900,4,'',1,7800,4,'',1,7900,4,'',1,3900,4,'',1,7900,4,'',1,2000,4,'',1
'2',4701,63100,4,'',1,2700,4,'',1,6700,4,'',1,2600,4,'',1,6900,4,'',1,2900,4,'',1,6900,4,'',1,2700,4,'',1,6500,4,'',1,2400,4,'',1,2200,4,'',1,6300,4,'',1,2200,4,'',1,6100,4,'',1,2200,4,'',1,2200,4,'',1,6200,4,'',1,2300,4,'',1,2300,4,'',1,6200,4,'',1,2300,4,'',1,6200,4,'',1,2300,4,'',1,2200,4,'',1,6300,4,'',1,2200,4,'',1,2300,4,'',1,6200,4,'',1,2200,4,'',1,6200,4,'',1,2200,4,'',1,2000,4,'',1,6100,4,'',1,2200,4,'',1,2100,4,'',1,6100,4,'',1,2100,4,'',1,2000,4,'',1,6100,4,'',1,2200,4,'',1,2300,4,'',1,6300,4,'',1,2200,4,'',1,6300,4,'',1,3100,4,'',1,7200,4,'',1,3200,4,'',1,7000,4,'',1,3100,4,'',1,6500,4,'',1
'3merged62045',4701,63500,4,'',1,6600,4,'',1,2600,4,'',1,2600,4,'',1,6600,4,'',1,2600,4,'',1,6800,4,'',1,2700,4,'',1,6700,4,'',1,2800,4,'',1,6800,4,'',1,3000,4,'',1,6900,4,'',1,2900,4,'',1,6900,4,'',1,3000,4,'',1,7000,4,'',1,3000,4,'',1,7000,4,'',1,2900,4,'',1,3000,4,'',1,6900,4,'',1,3000,4,'',1,6900,4,'',1,3000,4,'',1,6900,4,'',1,3000,4,'',1,6700,4,'',1,2600,4,'',1,7400,4,'',1,3400,4,'',1,7300,4,'',1,7400,4,'',1,3300,4,'',1,7300,4,'',1,3000,4,'',1,6900,4,'',1,3100,4,'',1
'4merged62046',4701,61200,4,'',1,1300,4,'',1,1600,4,'',1,1400,4,'',1,5500,4,'',1,1500,4,'',1,1200,4,'',1,1200,4,'',1,5400,4,'',1,1200,4,'',1,1300,4,'',1,900,4,'',1,1400,4,'',1,5200,4,'',1,1100,4,'',1,1100,4,'',1,1000,4,'',1,1300,4,'',1,5400,4,'',1,1400,4,'',1,1400,4,'',1,1500,4,'',1,1400,4,'',1,5400,4,'',1,1500,4,'',1,1400,4,'',1,1500,4,'',1,5500,4,'',1,1400,4,'',1,1400,4,'',1,1400,4,'',1,5400,4,'',1,1600,4,'',1,1600,4,'',1,1500,4,'',1,5300,4,'',1,1700,4,'',1,1500,4,'',1,1400,4,'',1,5700,4,'',1,1500,4,'',1,1400,4,'',1,1400,4,'',1,5300,4,'',1,1400,4,'',1,1300,4,'',1,1300,4,'',1,5300,4,'',1,1100,4,'',1,1300,4,'',1,1200,4,'',1,1100,4,'',1,900,4,'',1,4900,4,'',1,1300,4,'',1,1300,4,'',1,1300,4,'',1,1300,4,'',1,5400,4,'',1,1800,4,'',1,1600,4,'',1,5600,4,'',1,1800,4,'',1,1600,4,'',1,2200,4,'',1,6000,4,'',1,2000,4,'',1,2000,4,'',1,5900,4,'',1,1900,4,'',1,1800,4,'',1,7600,4,'',1,7400,4,'',1,3100,4,'',1,7300,4,'',1,3500,4,'',1,6200,4,'',1
'2',6000,61630,4,'',1,2800,4,'',1,6700,4,'',1,2600,4,'',1,6600,4,'',1,2900,4,'',1,6990,4,'',1,2710,4,'',1,2890,4,'',1,6500,4,'',1,2300,4,'',1,6100,4,'',1,2200,4,'',1,2200,4,'',1,6100,4,'',1,2200,4,'',1,2200,4,'',1,6300,4,'',1,2300,4,'',1,6200,4,'',1,2300,4,'',1,2200,4,'',1,6300,4,'',1,2200,4,'',1,2300,4,'',1,6200,4,'',1,2300,4,'',1,6200,4,'',1,2200,4,'',1,2200,4,'',1,6200,4,'',1,2200,4,'',1,2000,4,'',1,6100,4,'',1,2200,4,'',1,2100,4,'',1,6100,4,'',1,1910,4,'',1,1800,4,'',1,6500,4,'',1,2300,4,'',1,6300,4,'',1,2200,4,'',1,2100,4,'',1,7100,4,'',1,3500,4,'',1,7200,4,'',1,3200,4,'',1,7300,4,'',1
'3merged62045',6000,62230,4,'',1,2500,4,'',1,6600,4,'',1,2690,4,'',1,6600,4,'',1,2600,4,'',1,2700,4,'',1,6700,4,'',1,2700,4,'',1,6700,4,'',1,2800,4,'',1,7000,4,'',1,2900,4,'',1,6900,4,'',1,2900,4,'',1,6900,4,'',1,3000,4,'',1,7000,4,'',1,3000,4,'',1,7000,4,'',1,2900,4,'',1,7000,4,'',1,2900,4,'',1,7000,4,'',1,2900,4,'',1,7000,4,'',1,2900,4,'',1,6800,4,'',1,2910,4,'',1,7690,4,'',1,3510,4,'',1,7600,4,'',1,7500,4,'',1,3500,4,'',1,7400,4,'',1,3400,4,'',1,7200,4,'',1,3200,4,'',1
'4merged62046',6000,55210,4,'',1,5100,4,'',1,1700,4,'',1,1500,4,'',1,1500,4,'',1,5500,4,'',1,1400,4,'',1,1300,4,'',1,1200,4,'',1,1300,4,'',1,5200,4,'',1,1200,4,'',1,1100,4,'',1,1100,4,'',1,1200,4,'',1,5200,4,'',1,1200,4,'',1,1100,4,'',1,1200,4,'',1,1400,4,'',1,5400,4,'',1,1400,4,'',1,1500,4,'',1,1400,4,'',1,5400,4,'',1,1500,4,'',1,1400,4,'',1,1500,4,'',1,5500,4,'',1,1400,4,'',1,1400,4,'',1,1400,4,'',1,5400,4,'',1,1500,4,'',1,1600,4,'',1,1600,4,'',1,5400,4,'',1,1300,4,'',1,1500,4,'',1,1500,4,'',1,5790,4,'',1,1500,4,'',1,1300,4,'',1,1500,4,'',1,5400,4,'',1,1310,4,'',1,1300,4,'',1,1300,4,'',1,1300,4,'',1,5390,4,'',1,1210,4,'',1,1200,4,'',1,1200,4,'',1,1000,4,'',1,4900,4,'',1,1000,4,'',1,1300,4,'',1,1300,4,'',1,1400,4,'',1,5300,4,'',1,1600,4,'',1,1700,4,'',1,1600,4,'',1,5700,4,'',1,1800,4,'',1,1800,4,'',1,6100,4,'',1,2000,4,'',1,2000,4,'',1,6000,4,'',1,1800,4,'',1,2000,4,'',1,6700,4,'',1,3500,4,'',1,7310,4,'',1,3100,4,'',1,7200,4,'',1
'2',7400,73100,4,'',1,9900,4,'',1,9800,4,'',1,10000,4,'',1,10000,4,'',1,10400,4,'',1,10400,4,'',1,10500,4,'',1,10500,4,'',1,10500,4,'',1,10300,4,'',1,10200,4,'',1,9700,4,'',1
'3merged62045',7400,112800,4,'',1,10400,4,'',1,10400,4,'',1,10500,4,'',1,10500,4,'',1,10500,4,'',1,10300,4,'',1,10200,4,'',1
'4merged62046',7400,64800,4,'',1,5800,4,'',1,1600,4,'',1,1300,4,'',1,1200,4,'',1,1200,4,'',1,5200,4,'',1,1100,4,'',1,1100,4,'',1,1200,4,'',1,1200,4,'',1,5200,4,'',1,1300,4,'',1,1500,4,'',1,2100,4,'',1,6500,4,'',1,8200,4,'',1,4300,4,'',1,8200,4,'',1,8200,4,'',1,4200,4,'',1,6400,4,'',1,2250,4,'',1,6100,4,'',1,2200,4,'',1,2200,4,'',1,6400,4,'',1,2400,4,'',1,2550,4,'',1,6500,4,'',1,2400,4,'',1,6300,4,'',1,2200,4,'',1,2100,4,'',1,6100,4,'',1,2100,4,'',1,2110,4,'',1,7800,4,'',1,8000,4,'',1,4000,4,'',1
'2',7500,72900,4,'',1,2900,4,'',1,6900,4,'',1,3000,4,'',1,6900,4,'',1,2900,4,'',1,6900,4,'',1,2900,4,'',1,6900,4,'',1,2900,4,'',1,6900,4,'',1,2900,4,'',1,6900,4,'',1,2900,4,'',1,6900,4,'',1,3000,4,'',1,7000,4,'',1,3000,4,'',1,7000,4,'',1,3000,4,'',1,7000,4,'',1,3000,4,'',1,7000,4,'',1,3000,4,'',1,6800,4,'',1
'3merged62045',7500,115300,4,'',1,8300,4,'',1,8400,4,'',1,8400,4,'',1,4400,4,'',1,8400,4,'',1,8400,4,'',1,8400,4,'',1,4400,4,'',1,8300,4,'',1,8200,4,'',1
'4merged62046',7500,62600,4,'',1,2200,4,'',1,6200,4,'',1,1100,4,'',1,600,4,'',1,600,4,'',1,600,4,'',1,500,4,'',1,600,4,'',1,500,4,'',1,4600,4,'',1,600,4,'',1,600,4,'',1,600,4,'',1,700,4,'',1,600,4,'',1,600,4,'',1,600,4,'',1,500,4,'',1,600,4,'',1,4600,4,'',1,600,4,'',1,600,4,'',1,600,4,'',1,700,4,'',1,500,4,'',1,500,4,'',1,600,4,'',1,600,4,'',1,600,4,'',1,4600,4,'',1,600,4,'',1,600,4,'',1,600,4,'',1,1100,4,'',1,1200,4,'',1,6400,4,'',1,2500,4,'',1,2500,4,'',1,6400,4,'',1,2400,4,'',1,6500,4,'',1,2300,4,'',1,2500,4,'',1,6400,4,'',1,2500,4,'',1,6500,4,'',1,2500,4,'',1,1300,4,'',1,1100,4,'',1,5200,4,'',1,1400,4,'',1,1300,4,'',1,1200,4,'',1,5300,4,'',1,1300,4,'',1,1200,4,'',1,1400,4,'',1,1100,4,'',1,5100,4,'',1,2900,4,'',1,7100,4,'',1,2900,4,'',1,6800,4,'',1,3000,4,'',1,6900,4,'',1,2800,4,'',1,2900,4,'',1,6800,4,'',1,2800,4,'',1
'2',7800,75400,4,'',1,7900,4,'',1,7900,4,'',1,3900,4,'',1,7900,4,'',1,8200,4,'',1,4100,4,'',1,8200,4,'',1,8350,4,'',1,8300,4,'',1,4400,4,'',1,8400,4,'',1,8300,4,'',1,4300,4,'',1,8100,4,'',1,8300,4,'',1,3800,4,'',1,8050,4,'',1
'3merged62045',7800,110500,4,'',1,4300,4,'',1,8100,4,'',1,8250,4,'',1,4300,4,'',1,8300,4,'',1,8300,4,'',1,8300,4,'',1,4200,4,'',1,7900,4,'',1,8000,4,'',1,3900,4,'',1
'4merged62046',7800,62610,4,'',1,1900,4,'',1,5700,4,'',1,2040,4,'',1,1100,4,'',1,1190,4,'',1,1100,4,'',1,5200,4,'',1,1000,4,'',1,900,4,'',1,800,4,'',1,800,4,'',1,900,4,'',1,4800,4,'',1,960,4,'',1,2150,4,'',1,2200,4,'',1,6300,4,'',1,2300,4,'',1,6200,4,'',1,2300,4,'',1,2200,4,'',1,6200,4,'',1,2200,4,'',1,2300,4,'',1,6300,4,'',1,2300,4,'',1,6300,4,'',1,2250,4,'',1,2350,4,'',1,6450,4,'',1,2250,4,'',1,1250,4,'',1,5350,4,'',1,1250,4,'',1,1550,4,'',1,1250,4,'',1,1550,4,'',1,5200,4,'',1,1150,4,'',1,1300,4,'',1,1050,4,'',1,1100,4,'',1,5100,4,'',1,1200,4,'',1,1350,4,'',1,2000,4,'',1,6000,4,'',1,2210,4,'',1,7800,4,'',1,3790,4,'',1,7900,4,'',1,7800,4,'',1
'2',66200,71000,4,'',1,3200,4,'',1,7300,4,'',1,3500,4,'',1,7600,4,'',1,7700,4,'',1,3700,4,'',1,7800,4,'',1,3800,4,'',1,8100,4,'',1,8000,4,'',1,3900,4,'',1,8000,4,'',1,7900,4,'',1,4000,4,'',1,7900,4,'',1,8000,4,'',1,3700,4,'',1,8000,4,'',1,7800,4,'',1,3800,4,'',1,11200,4,'',1,14600,4,'',1,10300,4,'',1
'3merged62045',66200,73900,4,'',1,7300,4,'',1,3400,4,'',1,7400,4,'',1,3500,4,'',1,7500,4,'',1,7600,4,'',1,3600,4,'',1,7800,4,'',1,3700,4,'',1,7700,4,'',1,7700,4,'',1,3900,4,'',1,7800,4,'',1,7900,4,'',1,3800,4,'',1,7700,4,'',1,3700,4,'',1,7800,4,'',1,11400,4,'',1,14900,4,'',1,10400,4,'',1,10200,4,'',1
'4merged62046',66200,63700,4,'',1,6800,4,'',1,1700,4,'',1,1500,4,'',1,2200,4,'',1,5800,4,'',1,1600,4,'',1,1500,4,'',1,6000,4,'',1,2100,4,'',1,8000,4,'',1,4100,4,'',1,8000,4,'',1,8100,4,'',1,4100,4,'',1,8000,4,'',1,8100,4,'',1,4100,4,'',1,8100,4,'',1,2400,4,'',1,6200,4,'',1,1400,4,'',1,1400,4,'',1,5500,4,'',1,1400,4,'',1,1400,4,'',1,1500,4,'',1,5800,4,'',1,2300,4,'',1,8000,4,'',1,4000,4,'',1,8000,4,'',1,8000,4,'',1,3900,4,'',1,8000,4,'',1,7300,4,'',1
'2',67101,65500,4,'',1,6700,4,'',1,2600,4,'',1,6700,4,'',1,2600,4,'',1,6700,4,'',1,2600,4,'',1,6700,4,'',1,2600,4,'',1,2700,4,'',1,6600,4,'',1,2700,4,'',1,6600,4,'',1,2700,4,'',1,6600,4,'',1,2700,4,'',1,2600,4,'',1,6700,4,'',1,2600,4,'',1,6700,4,'',1,2600,4,'',1,6700,4,'',1,2600,4,'',1,6700,4,'',1,2600,4,'',1,2700,4,'',1,6600,4,'',1,2700,4,'',1,6600,4,'',1,2700,4,'',1,6600,4,'',1,4000,4,'',1,9300,4,'',1
'3merged62045',67101,100100,4,'',1,2600,4,'',1,2700,4,'',1,6600,4,'',1,2700,4,'',1,6600,4,'',1,2700,4,'',1,6600,4,'',1,2700,4,'',1,2600,4,'',1,6700,4,'',1,2600,4,'',1,6700,4,'',1,2600,4,'',1,6700,4,'',1,2600,4,'',1,6700,4,'',1,2600,4,'',1,2700,4,'',1,6600,4,'',1,2700,4,'',1
'4merged62046',67101,55800,4,'',1,6700,4,'',1,2700,4,'',1,5500,4,'',1,1400,4,'',1,1500,4,'',1,1500,4,'',1,5500,4,'',1,1500,4,'',1,1400,4,'',1,1500,4,'',1,5500,4,'',1,1500,4,'',1,1400,4,'',1,1400,4,'',1,6900,4,'',1,2800,4,'',1,6800,4,'',1,2900,4,'',1,6800,4,'',1,2800,4,'',1,6900,4,'',1,2800,4,'',1,6900,4,'',1,2900,4,'',1,7000,4,'',1,2800,4,'',1,1500,4,'',1,5500,4,'',1,1500,4,'',1,1500,4,'',1,1400,4,'',1,5500,4,'',1,1500,4,'',1,1400,4,'',1,2900,4,'',1,7000,4,'',1,2600,4,'',1,6700,4,'',1,2600,4,'',1,6700,4,'',1,4100,4,'',1,9400,4,'',1,9400,4,'',1
'2',67201,70800,4,'',1,2700,4,'',1,6600,4,'',1,2700,4,'',1,2600,4,'',1,6700,4,'',1,2600,4,'',1,6700,4,'',1,2600,4,'',1,6700,4,'',1,2600,4,'',1,6700,4,'',1,2600,4,'',1,2700,4,'',1,6600,4,'',1,2700,4,'',1,6600,4,'',1,2700,4,'',1,6600,4,'',1,2700,4,'',1,2600,4,'',1,6700,4,'',1,2600,4,'',1,6700,4,'',1,2600,4,'',1,6700,4,'',1,2600,4,'',1,6700,4,'',1,2700,4,'',1,2600,4,'',1,6700,4,'',1,9300,4,'',1
'3merged62045',67201,101400,4,'',1,2600,4,'',1,6700,4,'',1,2600,4,'',1,6700,4,'',1,2600,4,'',1,2700,4,'',1,6600,4,'',1,2700,4,'',1,6600,4,'',1,2700,4,'',1,6600,4,'',1,2700,4,'',1,2600,4,'',1,6700,4,'',1,2600,4,'',1,6700,4,'',1,2600,4,'',1,6700,4,'',1,2600,4,'',1,6700,4,'',1
'4merged62046',67201,61100,4,'',1,2700,4,'',1,7000,4,'',1,1500,4,'',1,1500,4,'',1,1500,4,'',1,5400,4,'',1,1500,4,'',1,1400,4,'',1,1500,4,'',1,5500,4,'',1,1500,4,'',1,1400,4,'',1,6800,4,'',1,2900,4,'',1,6800,4,'',1,2800,4,'',1,2800,4,'',1,6800,4,'',1,2900,4,'',1,6800,4,'',1,2900,4,'',1,6900,4,'',1,2900,4,'',1,6900,4,'',1,1500,4,'',1,1500,4,'',1,5500,4,'',1,1500,4,'',1,1500,4,'',1,1400,4,'',1,5500,4,'',1,1500,4,'',1,1400,4,'',1,1400,4,'',1,6800,4,'',1,2800,4,'',1,6700,4,'',1,2700,4,'',1,6700,4,'',1,2700,4,'',1,9400,4,'',1,9400,4,'',1,9400,4,'',1
'2',2222200,55300,4,'',1,5500,4,'',1,2500,4,'',1,2400,4,'',1,6500,4,'',1,2400,4,'',1,6500,4,'',1,2400,4,'',1,2300,4,'',1,6100,4,'',1,2200,4,'',1,6200,4,'',1,2200,4,'',1,2200,4,'',1,6200,4,'',1,2300,4,'',1,2300,4,'',1,6200,4,'',1,2300,4,'',1,6300,4,'',1,2200,4,'',1,2300,4,'',1,6400,4,'',1,2300,4,'',1,2300,4,'',1,6300,4,'',1,2400,4,'',1,6300,4,'',1,2300,4,'',1,2400,4,'',1,6300,4,'',1,2300,4,'',1,6300,4,'',1,2200,4,'',1,2300,4,'',1,6300,4,'',1,2300,4,'',1,2400,4,'',1,6700,4,'',1,3000,4,'',1,7000,4,'',1,2800,4,'',1,6810,4,'',1,2800,4,'',1,6800,4,'',1,2800,4,'',1,6800,4,'',1,2700,4,'',1,6700,4,'',1,2700,4,'',1,6900,4,'',1
'3merged62045',2222200,60800,4,'',1,2500,4,'',1,2400,4,'',1,6500,4,'',1,2400,4,'',1,6500,4,'',1,2400,4,'',1,2300,4,'',1,6100,4,'',1,2200,4,'',1,6200,4,'',1,2200,4,'',1,2200,4,'',1,6200,4,'',1,2300,4,'',1,2300,4,'',1,6200,4,'',1,2300,4,'',1,6300,4,'',1,2200,4,'',1,2300,4,'',1,6400,4,'',1,2300,4,'',1,2300,4,'',1,6300,4,'',1,2400,4,'',1,6300,4,'',1,2300,4,'',1,2400,4,'',1,6300,4,'',1,2300,4,'',1,6300,4,'',1,2200,4,'',1,2300,4,'',1,6300,4,'',1,2300,4,'',1,2400,4,'',1,6700,4,'',1,3000,4,'',1,7000,4,'',1,2800,4,'',1,6810,4,'',1,2800,4,'',1,6800,4,'',1,2800,4,'',1,6800,4,'',1,2700,4,'',1
'4merged62046',2222200,50910,4,'',1,1500,4,'',1,1500,4,'',1,1500,4,'',1,5500,4,'',1,1490,4,'',1,1110,4,'',1,890,4,'',1,710,4,'',1,790,4,'',1,4800,4,'',1,850,4,'',1,800,4,'',1,800,4,'',1,800,4,'',1,800,4,'',1,800,4,'',1,4800,4,'',1,800,4,'',1,800,4,'',1,800,4,'',1,800,4,'',1,800,4,'',1,700,4,'',1,750,4,'',1,4800,4,'',1,800,4,'',1,700,4,'',1,800,4,'',1,800,4,'',1,800,4,'',1,800,4,'',1,5200,4,'',1,1600,4,'',1,1600,4,'',1,1600,4,'',1,5600,4,'',1,1600,4,'',1,1600,4,'',1,1600,4,'',1,5600,4,'',1,1600,4,'',1,1600,4,'',1,5600,4,'',1,1600,4,'',1,1500,4,'',1,1600,4,'',1,5600,4,'',1,1510,4,'',1,1600,4,'',1,1600,4,'',1,5690,4,'',1,1600,4,'',1,1600,4,'',1,1510,4,'',1,5690,4,'',1,1600,4,'',1,1600,4,'',1,5600,4,'',1,1600,4,'',1,1500,4,'',1,1320,4,'',1,5590,4,'',1,1590,4,'',1,1500,4,'',1,1600,4,'',1,5600,4,'',1,1600,4,'',1,1600,4,'',1,2400,4,'',1,6700,4,'',1,3000,4,'',1,7000,4,'',1,2800,4,'',1,6810,4,'',1,2800,4,'',1,6800,4,'',1,2800,4,'',1,6800,4,'',1,2700,4,'',1,6700,4,'',1,2700,4,'',1,6900,4,'',1
