'18459-special',1801,110400,4,'',1
'18460-special',1800,111500,,'',1
'18461-special',1801,132100,4,'',1
'18462-special',1800,132600,,'',1
'18463-special',1801,153600,4,'',1
'18464-special',1800,154000,,'',1
'18465-special',1801,174700,4,'',1
'18466-special',1800,175500,,'',1
'18467-special',1801,195300,4,'',1
'18468-special',1800,195700,0,'Riverbend',1
'18479-special',1801,104000,4,'',1
'18480-special',1800,105400,0,'Riverbend',1
'18481-special',1801,125800,4,'',1
'18482-special',1800,130400,0,'Riverbend',1
'18483-special',1801,151300,4,'',1
'18484-special',1800,151700,0,'Riverbend',1
'18485-special',1801,172600,4,'',1
'18486-special',1800,173200,0,'Riverbend',1
'18487-special',1801,193000,4,'',1
'18488-special',1800,193400,,'',1
'18498-special',1801,95400,4,'',1
'18499-special',1800,101100,0,'Riverbend',1
'18500-special',1801,121300,4,'',1
'18501-special',1800,121900,0,'Riverbend',1
'18502-special',1801,142800,4,'',1
'18503-special',1800,143300,0,'Riverbend',1
'18504-special',1801,164200,4,'',1
'18505-special',1800,164600,0,'Riverbend',1
'18506-special',1801,185000,4,'',1
'18507-special',1800,190800,0,'Riverbend',1
'18508-special',1801,210200,4,'',1
'18509-special',1800,210600,,'',1
'18519-special',1801,112700,4,'',1
'18520-special',1800,113600,0,'Riverbend',1
'18521-special',1801,134300,4,'',1
'18522-special',1800,134900,0,'Riverbend',1
'18523-special',1801,155800,4,'',1
'18524-special',1800,160200,0,'Riverbend',1
'18525-special',1801,180800,4,'',1
'18526-special',1800,181900,0,'Riverbend',1
'18527-special',1801,201600,4,'',1
'18528-special',1800,202000,,'',1
'18537-special',1801,101700,4,'',1
'18538-special',1800,103200,,'',1
'18539-special',1801,123600,4,'',1
'18540-special',1800,124100,,'',1
'18541-special',1801,145100,4,'',1
'18542-special',1800,145500,,'',1
'18543-special',1801,170400,4,'',1
'18544-special',1800,170900,,'',1
'18545-special',1801,190900,4,'',1
'18549-special',1801,115000,4,'',1
'18550-special',1800,115800,,'',1
'18551-special',1801,140600,4,'',1
'18552-special',1800,141100,,'',1
'18553-special',1801,162000,4,'',1
'18554-special',1800,162400,,'',1
'18555-special',1801,182900,4,'',1
'18556-special',1800,184400,,'',1
'18557-special',1801,203800,4,'',1
'18558-special',1800,204300,0,'Riverbend',1
'2',1800,100000,,'',1,1400,0,'Riverbend',1,1400,,'',1,1400,0,'Riverbend',1,1300,,'',1,5300,0,'Riverbend',1,1400,,'',1,1200,0,'Riverbend',1,1300,,'',1,5400,0,'Riverbend',1,1300,,'',1,1400,0,'Riverbend',1,1400,,'',1,1400,0,'Riverbend',1,5400,,'',1,1400,0,'Riverbend',1,1400,,'',1,1300,0,'Riverbend',1,5300,,'',1,1400,0,'Riverbend',1,1400,,'',1,1500,0,'Riverbend',1,5500,,'',1,1500,0,'Riverbend',1,1500,,'',1,1500,0,'Riverbend',1,5600,,'',1,1700,0,'Riverbend',1,1700,,'',1,1700,0,'Riverbend',1,5700,,'',1,1800,0,'Riverbend',1,1900,,'',1,5800,0,'Riverbend',1,1900,,'',1,1900,0,'Riverbend',1,6000,,'',1,2200,0,'Riverbend',1,2300,,'',1,6200,0,'Riverbend',1,2200,,'',1,2200,0,'Riverbend',1
'2',1801,95300,4,'',1,5500,4,'',1,1400,4,'',1,1400,4,'',1,1300,4,'',1,5300,4,'',1,1300,4,'',1,1300,4,'',1,1300,4,'',1,1300,4,'',1,5500,4,'',1,1500,4,'',1,1400,4,'',1,1400,4,'',1,5400,4,'',1,1400,4,'',1,1400,4,'',1,1300,4,'',1,5300,4,'',1,1400,4,'',1,1300,4,'',1,1400,4,'',1,1400,4,'',1,5400,4,'',1,1400,4,'',1,1400,4,'',1,1400,4,'',1,5200,4,'',1,1400,4,'',1,1400,4,'',1,1500,4,'',1,5500,4,'',1,1400,4,'',1,1400,4,'',1,1600,4,'',1,5500,4,'',1,1500,4,'',1,1600,4,'',1,1500,4,'',1,5500,4,'',1,1700,4,'',1,1500,4,'',1,1600,4,'',1,5800,4,'',1,1700,4,'',1,1900,4,'',1
'3',1800,101100,0,'Riverbend',1,2100,,'',1,2200,0,'Riverbend',1,6100,,'',1,2100,0,'Riverbend',1,2200,,'',1,6100,0,'Riverbend',1,2200,,'',1,6300,0,'Riverbend',1,2200,,'',1,2300,0,'Riverbend',1,6200,,'',1,2200,0,'Riverbend',1,2200,,'',1,6200,0,'Riverbend',1,2300,,'',1,6200,0,'Riverbend',1,2200,,'',1,2200,0,'Riverbend',1,6300,,'',1,2300,0,'Riverbend',1,2300,,'',1,6400,0,'Riverbend',1,2500,,'',1,6400,0,'Riverbend',1,2600,,'',1,2300,0,'Riverbend',1,6300,,'',1,2300,0,'Riverbend',1,6300,,'',1
'3',1801,95400,4,'',1,6300,4,'',1,2300,4,'',1,6400,4,'',1,2300,4,'',1,2300,4,'',1,6300,4,'',1,2300,4,'',1,2200,4,'',1,6300,4,'',1,2200,4,'',1,6300,4,'',1,2200,4,'',1,2300,4,'',1,6200,4,'',1,2300,4,'',1,2200,4,'',1,6200,4,'',1,2200,4,'',1,6200,4,'',1,2200,4,'',1,2100,4,'',1,6100,4,'',1,2100,4,'',1,2100,4,'',1,5900,4,'',1,2100,4,'',1,2300,4,'',1,6300,4,'',1,2200,4,'',1,6400,4,'',1
