'18456-special',1800,80700,4,'',1
'18457-special',1801,81100,0,'Tuxedo',1
'18468-special',1800,204920,0,'Riverbend',1
'18472-special',1800,243540,0,'Riverbend',1
'18478-special',1800,93600,4,'',1
'18479-special',1801,94200,,'',1
'18480-special',1800,114900,4,'',1
'18481-special',1801,115500,,'',1
'18482-special',1800,140300,4,'',1
'18483-special',1801,141000,,'',1
'18484-special',1800,161550,0,'Riverbend',1
'18486-special',1800,182720,0,'Riverbend',1
'18490-special',1800,222020,0,'Riverbend',1
'18497-special',1800,85200,4,'',1
'18498-special',1801,85700,,'',1
'18499-special',1800,110600,4,'',1
'18500-special',1801,111100,,'',1
'18501-special',1800,131800,4,'',1
'18502-special',1801,132500,,'',1
'18503-special',1800,153150,0,'Riverbend',1
'18505-special',1800,174350,0,'Riverbend',1
'18507-special',1800,200220,0,'Riverbend',1
'18511-special',1800,234640,0,'Riverbend',1
'18518-special',1800,102100,4,'',1
'18519-special',1801,102600,,'',1
'18520-special',1800,123400,4,'',1
'18521-special',1801,124000,,'',1
'18522-special',1800,144800,4,'',1
'18523-special',1801,145500,,'',1
'18524-special',1800,165950,0,'Riverbend',1
'18526-special',1800,191420,0,'Riverbend',1
'18530-special',1800,230320,0,'Riverbend',1
'18534-special',1800,72300,4,'',1
'18535-special',1801,72700,0,'Tuxedo',1
'18558-special',1800,213520,0,'Riverbend',1
'1merged62058',1800,82700,4,'',1,2100,4,'',1,6800,4,'',1,2500,4,'',1,6100,4,'',1,2300,4,'',1,2300,4,'',1,6200,4,'',1,2400,4,'',1,2400,4,'',1,6300,4,'',1,2300,4,'',1,6400,4,'',1,2400,4,'',1,2400,4,'',1,6300,4,'',1,2400,4,'',1,6300,4,'',1,2020,0,'Riverbend',1,31030,0,'Riverbend',1,6600,0,'Riverbend',1,3800,0,'Riverbend',1,7000,0,'Riverbend',1,3170,0,'Riverbend',1,7800,0,'Riverbend',1,8500,0,'Riverbend',1,4500,0,'Riverbend',1,8400,0,'Riverbend',1,8400,0,'Riverbend',1,8400,0,'Riverbend',1,3900,0,'Riverbend',1
'1merged62058',1801,53000,0,'Tuxedo',1,30300,0,'Tuxedo',1,2300,0,'Tuxedo',1,6400,0,'Tuxedo',1,2400,0,'Tuxedo',1,6400,0,'Tuxedo',1,2200,0,'Tuxedo',1,2300,0,'Tuxedo',1,6200,0,'Tuxedo',1,2300,0,'Tuxedo',1,6400,0,'Tuxedo',1,2300,0,'Tuxedo',1,2400,0,'Tuxedo',1,6400,0,'Tuxedo',1,2400,0,'Tuxedo',1,6300,0,'Tuxedo',1,2300,0,'Tuxedo',1,3100,0,'Tuxedo',1,5900,0,'Tuxedo',1
'2merged62059',1800,53700,4,'',1,8000,4,'',1,3600,4,'',1,7400,4,'',1,7300,4,'',1,3200,4,'',1,7000,4,'',1,2600,4,'',1,2600,4,'',1,6500,4,'',1,2500,4,'',1,6700,4,'',1,2800,4,'',1,6700,4,'',1,2700,4,'',1,6700,4,'',1,2700,4,'',1,2800,4,'',1,6800,4,'',1,2700,4,'',1,6700,4,'',1,2900,4,'',1,6950,0,'Riverbend',1,3000,0,'Riverbend',1,7300,0,'Riverbend',1,3400,0,'Riverbend',1,7500,0,'Riverbend',1,7600,0,'Riverbend',1,3600,0,'Riverbend',1,8100,0,'Riverbend',1,8370,0,'Riverbend',1,4300,0,'Riverbend',1,8320,0,'Riverbend',1,8280,0,'Riverbend',1,4200,0,'Riverbend',1,8200,0,'Riverbend',1,8020,0,'Riverbend',1,4100,0,'Riverbend',1
'2merged62059',1801,54000,0,'Tuxedo',1,8100,0,'Tuxedo',1,3500,0,'Tuxedo',1,7400,0,'Tuxedo',1,7300,0,'Tuxedo',1,3400,0,'Tuxedo',1,7000,,'',1,2700,,'',1,2500,,'',1,6600,,'',1,2500,,'',1,6700,,'',1,2800,,'',1,6800,,'',1,2700,,'',1,6700,,'',1,2700,,'',1,6800,,'',1,2800,,'',1,2700,,'',1,6700,,'',1,3000,,'',1
'3merged62060',1800,72300,4,'',1,8400,4,'',1,4500,4,'',1,8400,4,'',1,8500,4,'',1,8500,4,'',1,4300,4,'',1,8500,4,'',1,8400,4,'',1,8500,4,'',1,4500,4,'',1,8350,0,'Riverbend',1,8400,0,'Riverbend',1,4400,0,'Riverbend',1,8400,0,'Riverbend',1,8370,0,'Riverbend',1,8700,0,'Riverbend',1,8800,0,'Riverbend',1,4700,0,'Riverbend',1,8600,0,'Riverbend',1,8500,0,'Riverbend',1,8300,0,'Riverbend',1,4320,0,'Riverbend',1,8900,0,'Riverbend',1
'3merged62060',1801,72700,0,'Tuxedo',1,8400,0,'Tuxedo',1,4600,,'',1,8500,,'',1,8400,,'',1,8500,,'',1,4400,,'',1,8500,,'',1,8500,,'',1,8500,,'',1,4500,,'',1
'1merged62058',3200,65900,4,'',1,7400,4,'',1,7200,4,'',1,74610,0,'Riverbend',1,7000,0,'Riverbend',1,2900,0,'Riverbend',1,6700,0,'Riverbend',1,2700,0,'Riverbend',1,6420,0,'Riverbend',1
'1merged62058',3201,52900,,'',1,7200,,'',1,3300,,'',1,7000,,'',1,3100,,'',1,7200,,'',1
