'1merged62089',1100,185200,4,'',1,7300,4,'',1,2900,4,'',1,7100,4,'',1,3000,4,'',1,7300,4,'',1,8600,4,'',1,4300,4,'',1,8500,4,'',1,8500,4,'',1,8100,4,'',1,4100,4,'',1
'1merged62089',1101,182900,0,'Glenway',1,2700,0,'N Kildonan',1,7300,0,'Glenway',1,2900,0,'N Kildonan',1,7200,0,'Glenway',1,7200,0,'N Kildonan',1,3500,0,'Glenway',1,8100,0,'N Kildonan',1,8300,0,'Glenway',1,4500,0,'N Kildonan',1,8500,0,'Glenway',1
'2merged62091',1100,184000,4,'',1,7900,4,'',1,3400,4,'',1,7100,4,'',1,3500,4,'',1,7500,4,'',1,8000,4,'',1,4300,4,'',1,8500,4,'',1,8400,4,'',1,8000,4,'',1,4100,4,'',1
'2merged62091',1101,184700,0,'N Kildonan',1,7600,0,'Glenway',1,3400,0,'N Kildonan',1,7300,0,'Glenway',1,7300,0,'N Kildonan',1,3500,0,'Glenway',1,8000,0,'N Kildonan',1,8300,0,'Glenway',1,4500,0,'N Kildonan',1,8500,0,'Glenway',1
'3merged62090',1100,70500,4,'',1,4200,4,'',1,8400,4,'',1,8400,4,'',1,8500,4,'',1,4700,4,'',1,8800,4,'',1,8800,4,'',1,8800,4,'',1,8900,4,'',1,4800,4,'',1,8800,4,'',1,8800,4,'',1,8800,4,'',1,8800,4,'',1,4700,4,'',1,8500,4,'',1,8400,4,'',1,8600,4,'',1,4200,4,'',1,8300,4,'',1,8300,4,'',1,4200,4,'',1,8200,4,'',1
'3merged62090',1101,62700,0,'Glenway',1,8200,0,'Glenway',1,4300,0,'Glenway',1,8400,0,'Glenway',1,8500,0,'Glenway',1,8600,0,'Glenway',1,4700,0,'Glenway',1,8700,0,'Glenway',1,8800,0,'Glenway',1,8800,0,'Glenway',1,8800,0,'Glenway',1,4800,0,'Glenway',1,8800,0,'Glenway',1,8800,0,'Glenway',1,8800,0,'Glenway',1,8800,0,'Glenway',1,4700,0,'Glenway',1,8500,0,'Glenway',1,8500,0,'Glenway',1,8500,0,'Glenway',1,4300,0,'Glenway',1,8300,0,'Glenway',1,8200,0,'Glenway',1
'1merged62089',2100,54300,4,'',1,6800,4,'',1,2300,4,'',1,1800,4,'',1,7000,4,'',1,2700,4,'',1,6400,4,'',1,3200,4,'',1,7200,4,'',1,4000,4,'',1,6900,4,'',1,7600,4,'',1,3700,4,'',1,7600,4,'',1,3800,4,'',1,7500,4,'',1,7600,4,'',1,3100,4,'',1,7000,4,'',1,3100,4,'',1
'1merged62089',2101,82100,,'',1,3000,,'',1,7400,,'',1,7600,,'',1,3100,,'',1,7600,,'',1,3600,,'',1,7600,,'',1,3700,,'',1,7500,,'',1,7700,,'',1,3100,,'',1,7100,,'',1,3000,,'',1,6700,,'',1,2300,,'',1,2000,,'',1,5700,,'',1,1600,,'',1,1900,,'',1,6100,,'',1
'2merged62091',2100,55200,4,'',1,7800,4,'',1,7800,4,'',1,3900,4,'',1,7600,4,'',1,3300,4,'',1,7300,4,'',1,7200,4,'',1,3300,4,'',1,7300,4,'',1,3600,4,'',1,7400,4,'',1,3400,4,'',1,7600,4,'',1,7500,4,'',1,3500,4,'',1,7700,4,'',1,3700,4,'',1,7500,4,'',1,7600,4,'',1,3400,4,'',1,7300,4,'',1
'2merged62091',2101,55500,,'',1,7800,,'',1,7800,,'',1,3900,,'',1,7700,,'',1,7400,,'',1,3200,,'',1,7300,,'',1,3300,,'',1,7400,,'',1,3500,,'',1,7600,,'',1,3500,,'',1,7500,,'',1,7600,,'',1,3600,,'',1,7600,,'',1,3400,,'',1,7500,,'',1,7600,,'',1,3300,,'',1,7300,,'',1
'1merged62089',2200,160300,4,'',1,2000,4,'',1,1900,4,'',1,1600,4,'',1,6100,4,'',1,2000,4,'',1,6200,4,'',1,2400,4,'',1
'1merged62089',2201,52300,,'',1,2400,,'',1,6400,,'',1,1800,,'',1,1700,,'',1,5500,,'',1,1700,,'',1,1800,,'',1,2300,,'',1
