'16774-special',1001,102900,0,'Wolseley',1
'16775-special',1000,112700,4,'',1
'16776-special',1001,113000,0,'Wolseley',1
'16777-special',1000,123100,4,'',1
'16778-special',1001,123300,0,'Wolseley',1
'16779-special',1000,133500,4,'',1
'16780-special',1001,133700,0,'Wolseley',1
'16781-special',1000,143900,4,'',1
'16782-special',1001,144100,0,'Wolseley',1
'16783-special',1000,154300,4,'',1
'16784-special',1001,154500,0,'Wolseley',1
'16785-special',1000,164700,4,'',1
'16786-special',1001,164900,0,'Wolseley',1
'16787-special',1000,175000,4,'',1
'16788-special',1001,175200,0,'Wolseley',1
'16789-special',1000,185100,4,'',1
'16790-special',1001,185300,0,'Wolseley',1
'16791-special',1000,194900,4,'',1
'16792-special',1001,195100,0,'Wolseley',1
'16793-special',1000,204700,4,'',1
'16794-special',1001,204900,0,'Wolseley',1
'16795-special',1000,214400,4,'',1
'16796-special',1001,214600,0,'Wolseley',1
'16797-special',1000,224000,4,'',1
'1merged62052',1000,61600,4,'',1,10200,4,'',1,10400,4,'',1,10500,4,'',1,10700,4,'',1,10700,4,'',1,10900,4,'',1,10900,4,'',1,14900,4,'',1,10900,4,'',1,10900,4,'',1,10800,4,'',1,10200,4,'',1,10100,4,'',1,9900,4,'',1,9900,4,'',1,9900,4,'',1,9500,4,'',1,9300,4,'',1
'1merged62052',1001,61800,0,'Wolseley',1,10200,0,'Wolseley',1,10400,0,'Wolseley',1,10500,0,'Wolseley',1,10700,0,'Wolseley',1,10700,0,'Wolseley',1,10900,0,'Wolseley',1,14900,0,'Wolseley',1,10900,0,'Wolseley',1,10900,0,'Wolseley',1,10900,0,'Wolseley',1,10800,0,'Wolseley',1,10200,0,'Wolseley',1,10100,0,'Wolseley',1,9900,0,'Wolseley',1,9900,0,'Wolseley',1,9900,0,'Wolseley',1,9500,0,'Wolseley',1,9400,0,'Wolseley',1
'2merged62051',1000,112700,4,'',1,10400,4,'',1,10400,4,'',1,10400,4,'',1,10400,4,'',1,10400,4,'',1,10300,4,'',1,10100,4,'',1,9800,4,'',1,9800,4,'',1,9700,4,'',1,9600,4,'',1
'2merged62051',1001,102900,0,'Wolseley',1,10100,0,'Wolseley',1,10300,0,'Wolseley',1,10400,0,'Wolseley',1,10400,0,'Wolseley',1,10400,0,'Wolseley',1,10400,0,'Wolseley',1,10300,0,'Wolseley',1,10100,0,'Wolseley',1,9800,0,'Wolseley',1,9800,0,'Wolseley',1,9700,0,'Wolseley',1
'4',1000,54300,4,'',1,8600,4,'',1,8600,4,'',1,8800,4,'',1,10100,4,'',1,11200,4,'',1,11100,4,'',1,11100,4,'',1,11200,4,'',1,10200,4,'',1,8500,4,'',1,8700,4,'',1,8600,4,'',1,4500,4,'',1,8700,4,'',1,9300,4,'',1,10000,4,'',1,10000,4,'',1,10000,4,'',1,9800,4,'',1,9500,4,'',1,9400,4,'',1
'4',1001,54700,0,'Wolseley',1,8500,0,'Wolseley',1,8500,0,'Wolseley',1,8800,0,'Wolseley',1,10200,0,'Wolseley',1,11200,0,'Wolseley',1,11000,0,'Wolseley',1,11200,0,'Wolseley',1,11100,0,'Wolseley',1,10200,0,'Wolseley',1,8500,0,'Wolseley',1,8700,0,'Wolseley',1,8700,0,'Wolseley',1,9000,0,'Wolseley',1,4100,0,'Downtown',1,9400,0,'Wolseley',1,10000,0,'Wolseley',1,10000,0,'Wolseley',1,9900,0,'Wolseley',1,9800,0,'Wolseley',1,9500,0,'Wolseley',1,9600,0,'Wolseley',1
