'2',4300,64000,4,'',1,8100,4,'',1,8000,4,'',1,4100,4,'',1,8000,4,'',1,8100,4,'',1,4100,4,'',1,8100,4,'',1,8100,4,'',1,4100,4,'',1,8300,4,'',1,8200,4,'',1,4200,4,'',1,8200,4,'',1,8200,4,'',1,4100,4,'',1,8100,4,'',1,8100,4,'',1,8100,4,'',1
'2',4301,60100,,'',1,4200,,'',1,8100,,'',1,8000,,'',1,4100,,'',1,8100,,'',1,8000,,'',1,4100,,'',1,8100,,'',1,8200,,'',1,4100,,'',1,8200,,'',1,8200,,'',1,4200,,'',1,8200,,'',1,8100,,'',1,8200,,'',1,4100,,'',1,8100,,'',1,8100,,'',1
'3merged62045',4300,114700,4,'',1,8200,4,'',1,8200,4,'',1,4200,4,'',1,8200,4,'',1,8200,4,'',1,4200,4,'',1,8200,4,'',1,8200,4,'',1,8100,4,'',1,4200,4,'',1
'3merged62045',4301,110900,,'',1,4100,,'',1,8200,,'',1,8200,,'',1,4200,,'',1,8200,,'',1,8200,,'',1,8200,,'',1,4200,,'',1,8200,,'',1,8100,,'',1
'4merged62046',4300,61600,4,'',1,2600,4,'',1,6800,4,'',1,2800,4,'',1,6800,4,'',1,2900,4,'',1,6900,4,'',1,4200,4,'',1,8200,4,'',1,8300,4,'',1,4400,4,'',1,8300,4,'',1,8300,4,'',1,8300,4,'',1,4300,4,'',1,8300,4,'',1,7400,4,'',1,3300,4,'',1,7100,4,'',1,3000,4,'',1,6900,4,'',1,3900,4,'',1,8100,4,'',1,8000,4,'',1,4100,4,'',1,8000,4,'',1,8100,4,'',1,3800,4,'',1
'4merged62046',4301,55100,,'',1,6800,,'',1,2800,,'',1,6800,,'',1,2800,,'',1,6800,,'',1,2800,,'',1,6800,,'',1,4300,,'',1,8300,,'',1,8300,,'',1,4300,,'',1,8300,,'',1,8300,,'',1,8200,,'',1,4400,,'',1,8200,,'',1,7400,,'',1,3400,,'',1,8400,,'',1,8500,,'',1,4000,,'',1,8100,,'',1,8000,,'',1,4100,,'',1,8000,,'',1,8000,,'',1
'3merged62045',8900,113000,,'',1,8400,,'',1,4400,,'',1,8400,,'',1,8400,,'',1,8400,,'',1,4400,,'',1,8400,,'',1,8400,,'',1,8400,,'',1
'3merged62045',8901,112700,4,'',1,8400,4,'',1,4400,4,'',1,8400,4,'',1,8400,4,'',1,8400,4,'',1,4400,4,'',1,8400,4,'',1,8400,4,'',1,8400,4,'',1
'4merged62046',8900,82600,,'',1,2300,,'',1,6300,,'',1,4600,,'',1,8600,,'',1,8700,,'',1,8700,,'',1,8700,,'',1,4600,,'',1,6300,,'',1,2400,,'',1,6300,,'',1,2300,,'',1
'4merged62046',8901,90700,4,'',1,2300,4,'',1,2300,4,'',1,8600,4,'',1,8700,4,'',1,8700,4,'',1,8700,4,'',1,4700,4,'',1,8600,4,'',1,2300,4,'',1,6400,4,'',1,2800,4,'',1
'2',9000,61800,4,'',1,3900,4,'',1,7800,4,'',1,7900,4,'',1,4000,4,'',1,8000,4,'',1,8100,4,'',1,4000,4,'',1,8000,4,'',1,8100,4,'',1,4000,4,'',1,8100,4,'',1,8000,4,'',1,4100,4,'',1,8000,4,'',1,8100,4,'',1,4000,4,'',1,8100,4,'',1,8100,4,'',1,8100,4,'',1,4000,4,'',1,8000,4,'',1,7900,4,'',1,4000,4,'',1,7800,4,'',1,3800,4,'',1,7700,4,'',1,7700,4,'',1
'3merged62045',9000,101000,4,'',1,11900,4,'',1,12300,4,'',1,16100,4,'',1,12100,4,'',1,12100,4,'',1,16100,4,'',1
'4merged62046',9000,55600,,'',1,7500,,'',1,7500,,'',1,3800,,'',1,7800,,'',1,3100,,'',1,7700,,'',1,7900,4,'',1,4200,4,'',1,8200,4,'',1,8200,4,'',1,4200,4,'',1,8200,4,'',1,8200,4,'',1,8200,4,'',1,4800,,'',1,8300,,'',1,8000,,'',1,3400,,'',1,7700,,'',1,7800,4,'',1,4000,4,'',1,7900,4,'',1,8000,4,'',1,3900,4,'',1,7800,4,'',1,3800,4,'',1,7700,4,'',1,7700,4,'',1
