'18486-special',7100,63400,0,'Templeton',1
'18487-special',7101,73800,4,'',1
'18488-special',7100,74000,0,'Templeton',1
'18489-special',7101,84500,4,'',1
'18490-special',7100,84800,0,'Templeton',1
'18491-special',7101,95300,4,'',1
'18492-special',7100,95600,0,'Templeton',1
'18493-special',7101,110200,4,'',1
'18494-special',7100,110500,0,'Templeton',1
'18495-special',7101,120700,4,'',1
'18496-special',7100,121300,0,'WalMart',1
'18497-special',7101,131800,4,'',1
'18498-special',7100,132000,0,'Templeton',1
'18499-special',7101,142500,4,'',1
'18500-special',7100,142800,0,'WalMart',1
'18501-special',7101,153400,4,'',1
'18502-special',7100,153700,0,'Templeton',1
'18503-special',7101,164200,4,'',1
'18504-special',7100,164500,0,'WalMart',1
'18505-special',7101,175000,4,'',1
'18506-special',7100,175400,0,'Templeton',1
'18507-special',7101,185500,4,'',1
'18508-special',7100,185700,0,'Templeton',1
'18509-special',7101,200100,4,'',1
'18510-special',7100,200300,0,'Templeton',1
'18511-special',7101,210800,4,'',1
'18512-special',7100,211000,0,'Templeton',1
'18513-special',7101,221400,4,'',1
'18514-special',7100,221600,0,'Templeton',1
'18515-special',7101,232000,4,'',1
'18516-special',7100,232200,0,'Templeton',1
'18517-special',7101,242500,4,'',1
'18518-special',7100,242700,0,'Templeton',1
'18523-special',7100,113000,0,'WalMart',1
'18524-special',7101,123200,4,'',1
'18525-special',7100,123500,0,'Templeton',1
'18526-special',7101,134000,4,'',1
'18527-special',7100,134300,0,'WalMart',1
'18528-special',7101,144800,4,'',1
'18529-special',7100,145100,0,'Templeton',1
'18530-special',7101,155600,4,'',1
'18531-special',7100,160000,0,'WalMart',1
'18532-special',7101,170500,4,'',1
'18533-special',7100,170800,0,'Templeton',1
'18534-special',7101,181100,4,'',1
'18535-special',7100,181900,0,'WalMart',1
'18536-special',7101,191800,4,'',1
'18539-special',7100,115100,0,'Templeton',1
'18540-special',7101,125600,4,'',1
'18541-special',7100,125800,0,'WalMart',1
'18542-special',7101,140300,4,'',1
'18543-special',7100,140600,0,'Templeton',1
'18544-special',7101,151100,4,'',1
'18545-special',7100,151400,0,'WalMart',1
'18546-special',7101,161900,4,'',1
'18547-special',7100,162300,0,'Templeton',1
'18548-special',7101,172700,4,'',1
'18549-special',7100,173100,0,'WalMart',1
'18550-special',7101,183300,4,'',1
'1merged62052',7100,52600,0,'WalMart',1,2200,0,'Templeton',1,6100,0,'WalMart',1,2000,0,'Templeton',1,2100,0,'WalMart',1,6100,0,'Templeton',1,2100,0,'WalMart',1,2200,0,'Templeton',1,6100,0,'WalMart',1,2200,0,'Templeton',1,2100,0,'WalMart',1,6200,0,'Templeton',1,2200,0,'WalMart',1,6200,0,'Templeton',1,2200,0,'WalMart',1,2200,0,'Templeton',1,6300,0,'WalMart',1,2300,0,'Templeton',1,2200,0,'WalMart',1,6300,0,'Templeton',1,2300,0,'WalMart',1,6300,0,'Templeton',1,2300,0,'WalMart',1,2300,0,'Templeton',1,6300,0,'WalMart',1,2300,0,'Templeton',1,6300,0,'WalMart',1,2400,0,'Templeton',1,2300,0,'WalMart',1,6400,0,'Templeton',1,2200,0,'WalMart',1,2300,0,'Templeton',1,6300,0,'WalMart',1,2300,0,'Templeton',1,6300,0,'WalMart',1,2200,0,'Templeton',1,2200,0,'WalMart',1,6200,0,'Templeton',1,2200,0,'WalMart',1,2100,0,'Templeton',1,6100,0,'WalMart',1,2100,0,'Templeton',1,2100,0,'WalMart',1,6100,0,'Templeton',1,2200,0,'WalMart',1,6300,0,'Templeton',1,3800,0,'WalMart',1,10100,0,'Templeton',1,10600,0,'Templeton',1,10200,0,'Templeton',1
'1merged62052',7101,62600,4,'',1,2100,4,'',1,6200,4,'',1,2100,4,'',1,2100,4,'',1,6100,4,'',1,2200,4,'',1,2200,4,'',1,6100,4,'',1,2200,4,'',1,6200,4,'',1,2200,4,'',1,2300,4,'',1,6200,4,'',1,2300,4,'',1,2300,4,'',1,6300,4,'',1,2300,4,'',1,6300,4,'',1,2300,4,'',1,2300,4,'',1,6300,4,'',1,2300,4,'',1,2200,4,'',1,6400,4,'',1,2300,4,'',1,6300,4,'',1,2400,4,'',1,2300,4,'',1,6300,4,'',1,2300,4,'',1,6200,4,'',1,2300,4,'',1,2200,4,'',1,6200,4,'',1,2200,4,'',1,2100,4,'',1,6100,4,'',1,2100,4,'',1,2100,4,'',1,6100,4,'',1,2100,4,'',1,2000,4,'',1,6000,4,'',1,2200,4,'',1,6300,4,'',1,3700,4,'',1,10600,4,'',1,10300,4,'',1
'2merged62051',7100,63400,0,'Templeton',1,10600,0,'Templeton',1,10800,0,'Templeton',1,10800,0,'Templeton',1,14900,0,'Templeton',1,2500,0,'WalMart',1,2100,0,'Templeton',1,6200,0,'WalMart',1,2200,0,'Templeton',1,2300,0,'WalMart',1,6200,0,'Templeton',1,2300,0,'WalMart',1,6300,0,'Templeton',1,2200,0,'WalMart',1,2300,0,'Templeton',1,6300,0,'WalMart',1,2300,0,'Templeton',1,6300,0,'WalMart',1,2300,0,'Templeton',1,2200,0,'WalMart',1,6300,0,'Templeton',1,2300,0,'WalMart',1,2300,0,'Templeton',1,6500,0,'WalMart',1,3800,0,'Templeton',1,14600,0,'Templeton',1,10700,0,'Templeton',1,10600,0,'Templeton',1,10600,0,'Templeton',1,10500,0,'Templeton',1
'2merged62051',7101,73800,4,'',1,10700,4,'',1,10800,4,'',1,14900,4,'',1,10500,4,'',1,2500,4,'',1,2400,4,'',1,6200,4,'',1,2200,4,'',1,6300,4,'',1,2200,4,'',1,2300,4,'',1,6300,4,'',1,2300,4,'',1,2200,4,'',1,6300,4,'',1,2300,4,'',1,6300,4,'',1,2200,4,'',1,2300,4,'',1,6100,4,'',1,2200,4,'',1,2200,4,'',1,6300,4,'',1,8300,4,'',1,10700,4,'',1,10600,4,'',1,10600,4,'',1,10500,4,'',1
'4',7100,51900,0,'Templeton',1,2300,0,'WalMart',1,1600,0,'Templeton',1,5400,0,'WalMart',1,1200,0,'Templeton',1,1300,0,'WalMart',1,1300,0,'Templeton',1,5400,0,'WalMart',1,1400,0,'Templeton',1,1400,0,'WalMart',1,1500,0,'Templeton',1,5400,0,'WalMart',1,1400,0,'Templeton',1,1500,0,'WalMart',1,1600,0,'Templeton',1,5800,0,'WalMart',1,1700,0,'Templeton',1,1700,0,'WalMart',1,1600,0,'Templeton',1,5700,0,'WalMart',1,1700,0,'Templeton',1,1700,0,'WalMart',1,5600,0,'Templeton',1,1700,0,'WalMart',1,1700,0,'Templeton',1,1700,0,'WalMart',1,5700,0,'Templeton',1,1700,0,'WalMart',1,1700,0,'Templeton',1,5700,0,'WalMart',1,1600,0,'Templeton',1,1700,0,'WalMart',1,1700,0,'Templeton',1,5700,0,'WalMart',1,1600,0,'Templeton',1,1400,0,'WalMart',1,1200,0,'Templeton',1,5200,0,'WalMart',1,1400,0,'Templeton',1,1300,0,'WalMart',1,1300,0,'Templeton',1,1400,0,'WalMart',1,5400,0,'Templeton',1,1400,0,'WalMart',1,1300,0,'Templeton',1,1400,0,'WalMart',1,5400,0,'Templeton',1,1400,0,'WalMart',1,1400,0,'Templeton',1,1700,0,'WalMart',1,5700,0,'Templeton',1,1700,0,'WalMart',1,1700,0,'Templeton',1,1700,0,'WalMart',1,5800,0,'Templeton',1,1700,0,'WalMart',1,1700,0,'Templeton',1,5700,0,'WalMart',1,1700,0,'Templeton',1,1800,0,'WalMart',1,7000,0,'Templeton',1,3100,0,'WalMart',1,7100,0,'Templeton',1,3100,0,'WalMart',1,7100,0,'Templeton',1,3000,0,'Templeton',1,10400,0,'Templeton',1,10100,0,'Templeton',1
'4',7101,55500,4,'',1,6600,4,'',1,1300,4,'',1,1300,4,'',1,5400,4,'',1,1500,4,'',1,1300,4,'',1,1500,4,'',1,1400,4,'',1,5400,4,'',1,1500,4,'',1,1500,4,'',1,1500,4,'',1,5400,4,'',1,1300,4,'',1,1200,4,'',1,1500,4,'',1,5700,4,'',1,1700,4,'',1,1600,4,'',1,1700,4,'',1,5700,4,'',1,1700,4,'',1,1700,4,'',1,5700,4,'',1,1700,4,'',1,1700,4,'',1,1700,4,'',1,5600,4,'',1,1700,4,'',1,1700,4,'',1,5700,4,'',1,1700,4,'',1,2000,4,'',1,1800,4,'',1,5900,4,'',1,1700,4,'',1,1600,4,'',1,5500,4,'',1,1400,4,'',1,1300,4,'',1,1200,4,'',1,1300,4,'',1,5300,4,'',1,1500,4,'',1,1500,4,'',1,1800,4,'',1,5900,4,'',1,1900,4,'',1,1800,4,'',1,5800,4,'',1,1700,4,'',1,1700,4,'',1,5700,4,'',1,1600,4,'',1,1600,4,'',1,1600,4,'',1,5600,4,'',1,1600,4,'',1,1600,4,'',1,7000,4,'',1,3100,4,'',1,7000,4,'',1,3100,4,'',1,10400,4,'',1,10200,4,'',1
