'2merged62068',64200,60600,,'',1,2600,,'',1,2600,,'',1,6700,,'',1,2700,,'',1,6700,,'',1,2600,,'',1,6600,,'',1,2600,,'',1,6600,,'',1,2600,,'',1,2600,,'',1,6600,,'',1,2600,,'',1,6600,,'',1,2600,,'',1,6600,,'',1,2600,,'',1,2600,,'',1,6600,,'',1,2600,,'',1,6800,,'',1,2800,,'',1,6800,,'',1,2800,,'',1,6800,,'',1,2800,,'',1,6700,,'',1,2700,,'',1,2600,,'',1,6600,,'',1,2500,,'',1,6500,,'',1,2500,,'',1,6500,,'',1,2500,,'',1,2500,,'',1
'2merged62068',64201,60400,4,'',1,2600,4,'',1,2600,4,'',1,6700,4,'',1,2700,4,'',1,6700,4,'',1,2600,4,'',1,6600,4,'',1,2600,4,'',1,6600,4,'',1,2600,4,'',1,2600,4,'',1,6600,4,'',1,2600,4,'',1,6600,4,'',1,2600,4,'',1,6600,4,'',1,2600,4,'',1,2600,4,'',1,6600,4,'',1,2600,4,'',1,6800,4,'',1,2800,4,'',1,6800,4,'',1,2800,4,'',1,6800,4,'',1,2800,4,'',1,6700,4,'',1,2700,4,'',1,2600,4,'',1,6600,4,'',1,2500,4,'',1,6500,4,'',1,2500,4,'',1,6500,4,'',1,2500,4,'',1,2500,4,'',1,6500,4,'',1
'3merged62067',64200,65300,,'',1,6500,,'',1,2500,,'',1,6500,,'',1,2500,,'',1,2500,,'',1,6500,,'',1,2500,,'',1,6500,,'',1,2500,,'',1,6500,,'',1,2500,,'',1,2500,,'',1,6500,,'',1,2500,,'',1,6500,,'',1,2500,,'',1,2500,,'',1,6600,,'',1,2600,,'',1,6600,,'',1,2600,,'',1,6600,,'',1,2600,,'',1,6600,,'',1,2500,,'',1,2500,,'',1,6500,,'',1,2500,,'',1,6500,,'',1,2500,,'',1,2500,,'',1,6500,,'',1,2500,,'',1,6500,,'',1
'3merged62067',64201,71600,4,'',1,2500,4,'',1,6500,4,'',1,2500,4,'',1,2500,4,'',1,6500,4,'',1,2500,4,'',1,6500,4,'',1,2500,4,'',1,6500,4,'',1,2500,4,'',1,2500,4,'',1,6500,4,'',1,2500,4,'',1,6500,4,'',1,2500,4,'',1,2500,4,'',1,6600,4,'',1,2600,4,'',1,6600,4,'',1,2600,4,'',1,6600,4,'',1,2600,4,'',1,2600,4,'',1,6500,4,'',1,2500,4,'',1,6500,4,'',1,2500,4,'',1,6500,4,'',1,2500,4,'',1,2500,4,'',1,6500,4,'',1,2500,4,'',1,6500,4,'',1
'4',64200,95700,,'',1,6400,,'',1,2400,,'',1,6400,,'',1,2400,,'',1,2400,,'',1,6400,,'',1,2400,,'',1,6400,,'',1,2400,,'',1,2400,,'',1,6400,,'',1,2400,,'',1,6400,,'',1,2400,,'',1,2400,,'',1,6400,,'',1,2400,,'',1,6400,,'',1,2400,,'',1,2400,,'',1
'4',64201,101900,4,'',1,2400,4,'',1,6400,4,'',1,2400,4,'',1,2400,4,'',1,6400,4,'',1,2400,4,'',1,6400,4,'',1,2400,4,'',1,2400,4,'',1,6400,4,'',1,2400,4,'',1,6400,4,'',1,2400,4,'',1,2400,4,'',1,6400,4,'',1,2400,4,'',1,6400,4,'',1,2400,4,'',1,2400,4,'',1,6400,4,'',1
'2merged62068',64900,60500,,'',1,2300,,'',1,2300,,'',1,6500,,'',1,3800,,'',1,7900,,'',1,7800,,'',1,3700,,'',1,7600,,'',1,7600,,'',1,3600,,'',1,7600,,'',1,3600,,'',1,7600,,'',1,7800,,'',1,3600,,'',1,6500,,'',1,2400,,'',1,1200,,'',1,1500,,'',1,6500,,'',1,2600,,'',1,6600,,'',1,2500,,'',1,2200,,'',1,6400,,'',1,2500,,'',1,8500,,'',1,10500,,'',1,10200,,'',1
'2merged62068',64901,60100,4,'',1,2300,4,'',1,2300,4,'',1,6400,4,'',1,2600,4,'',1,6700,4,'',1,2600,4,'',1,1800,4,'',1,5900,4,'',1,3700,4,'',1,7600,4,'',1,3600,4,'',1,7600,4,'',1,7600,4,'',1,3600,4,'',1,7600,4,'',1,3600,4,'',1,7700,4,'',1,7800,4,'',1,3900,4,'',1,6600,4,'',1,2600,4,'',1,6500,4,'',1,2400,4,'',1,2500,4,'',1,6400,4,'',1,2500,4,'',1,8400,4,'',1,10500,4,'',1,10300,4,'',1
'3merged62067',64900,61400,,'',1,10400,,'',1,10400,,'',1,10400,,'',1,10600,,'',1,10800,,'',1,10900,,'',1,10900,,'',1,14900,,'',1,10900,,'',1,10900,,'',1,10800,,'',1,10500,,'',1,10200,,'',1
'3merged62067',64901,61000,4,'',1,10400,4,'',1,10400,4,'',1,10400,4,'',1,10600,4,'',1,10800,4,'',1,10900,4,'',1,10900,4,'',1,14900,4,'',1,10900,4,'',1,10900,4,'',1,10800,4,'',1,10500,4,'',1,10400,4,'',1
'4',64900,92600,,'',1,10600,,'',1,10800,,'',1,10900,,'',1,10900,,'',1,14900,,'',1,10900,,'',1,10700,,'',1
'4',64901,102800,4,'',1,10800,4,'',1,10900,4,'',1,10900,4,'',1,14900,4,'',1,10900,4,'',1,10900,4,'',1
