67101,'1_merged_67009',633,,43178,33,,,1,72,,43190,33,,,1,35,,43179,33,,,1,75,,43191,33,,,1,34,,43180,33,,,1,75,,43192,33,,,1,33,,43181,33,,,1,74,,43193,33,,,1,72,,43182,33,,,1,33,,43194,33,,,1,72,,43183,33,,,1,33,,43195,33,,,1,72,,43184,33,,,1,33,,43196,33,,,1,73,,43185,33,,,1,35,,43197,33,,,1,75,,43186,33,,,1,76,,43198,33,,,1,35,,43187,33,,,1,76,,43199,33,,,1,35,,43188,33,,,1,74,,43200,33,,,1,32,,43189,33,,,1,70,,43201,33,,,1,101,,43202,33,,,1,100,,43203,33,,,1,100,,43204,33,,,1
67101,'2_merged_67011',748,,43205,33,,,1,102,,43206,33,,,1,102,,43207,33,,,1,104,,43208,33,,,1,144,,43209,33,,,1,104,,43210,33,,,1,104,,43211,33,,,1,104,,43212,33,,,1,104,,43213,33,,,1,104,,43214,33,,,1,104,,43215,33,,,1,103,,43216,33,,,1
67101,'3_merged_67010',850,,43217,33,,,1,102,,43218,33,,,1,104,,43219,33,,,1,144,,43220,33,,,1,104,,43221,33,,,1,104,,43222,33,,,1,104,,43223,33,,,1,104,,43224,33,,,1,104,,43225,33,,,1,104,,43226,33,,,1,103,,43227,33,,,1
67101,'6',850,,43228,33,,,1,102,,43229,33,,,1,104,,43230,33,,,1,144,,43231,33,,,1,104,,43232,33,,,1,104,,43233,33,,,1,104,,43234,33,,,1,104,,43235,33,,,1,104,,43236,33,,,1,104,,43237,33,,,1,103,,43238,33,,,1
67600,'1_merged_67009',530,,43362,11,,,1,27,,43376,11,,,1,66,,43369,11,,,1,29,,43384,11,,,1,68,,43363,11,,,1,29,,43377,11,,,1,69,,43370,11,,,1,28,,43385,11,,,1,69,,43364,11,,,1,29,,43378,11,,,1,69,,43371,11,,,1,28,,43386,11,,,1,68,,43365,11,,,1,28,,43379,11,,,1,68,,43372,11,,,1,28,,43387,11,,,1,68,,43366,11,,,1,29,,43380,11,,,1,27,,43373,11,,,1,70,,43388,11,,,1,27,,43367,11,,,1
67600,'2_merged_67011',636,,43392,11,,,1,98,,43399,11,,,1,95,,43393,11,,,1,98,,43400,11,,,1,98,,43394,11,,,1,99,,43401,11,,,1,98,,43395,11,,,1,99,,43402,11,,,1,99,,43396,11,,,1,99,,43403,11,,,1,99,,43397,11,,,1,99,,43404,11,,,1,99,,43398,11,,,1
67600,'3_merged_67010',733,,43405,11,,,1,96,,43411,11,,,1,98,,43406,11,,,1,98,,43412,11,,,1,99,,43407,11,,,1,98,,43413,11,,,1,99,,43408,11,,,1,99,,43414,11,,,1,99,,43409,11,,,1,99,,43415,11,,,1,99,,43410,11,,,1,99,,43416,11,,,1
67600,'6',733,,43417,11,,,1,96,,43423,11,,,1,98,,43418,11,,,1,98,,43424,11,,,1,99,,43419,11,,,1,98,,43425,11,,,1,99,,43420,11,,,1,99,,43426,11,,,1,99,,43421,11,,,1,99,,43427,11,,,1,99,,43422,11,,,1,99,,43428,11,,,1
67601,'1_merged_67009',1520,,43449,72,,,1,31,,43442,72,,,1,55,,43460,24,,,1,15,,43457,72,,,1,16,,43459,24,,,1,15,,43435,72,,,1,56,,43429,24,,,1,15,,43450,72,,,1,30,,43443,72,,,1,71,,43458,72,,,1,28,,43436,72,,,1,69,,43451,72,,,1
67601,'2_merged_67011',1910,,43473,72,,,1
67601,'3_merged_67010',1910,,43479,72,,,1
67601,'6',1910,,43491,72,,,1
67801,'1_merged_67009',545,,43733,24,,,1,71,,43727,24,,,1,29,,43734,24,,,1,70,,43741,24,,,1,31,,43728,24,,,1,72,,43735,24,,,1,32,,43736,24,,,1,71,,43729,24,,,1,31,,43723,24,,,1,70,,43737,24,,,1,30,,43730,24,,,1,71,,43724,24,,,1,30,,43738,24,,,1,70,,43731,24,,,1,31,,43725,24,,,1,70,,43739,24,,,1,30,,43732,24,,,1,71,,43742,24,,,1,31,,43740,24,,,1,70,,43743,24,,,1,32,,43745,24,,,1,72,,43747,24,,,1,71,,43744,24,,,1,32,,43746,24,,,1,72,,43748,24,,,1,30,,43726,24,,,1
