2201,'1_merged_67027',534,,19596,2,,,1,67,,19594,2,,,1,28,,19597,2,,,1,28,,19591,2,,,1,70,,19598,2,,,1,29,,19595,2,,,1,71,,19599,2,,,1,30,,19613,2,,,1,71,,19600,2,,,1,30,,19614,2,,,1,71,,19601,2,,,1,71,,19615,2,,,1,31,,19602,2,,,1,71,,19616,2,,,1,32,,19603,2,,,1,71,,19617,2,,,1,32,,19604,2,,,1,71,,19618,2,,,1,32,,19605,2,,,1,72,,19619,2,,,1,16,,19629,2,,,1,16,,19606,2,,,1,56,,19633,2,,,1,16,,19620,2,,,1,16,,19631,2,,,1,16,,19607,2,,,1,56,,19592,2,,,1,16,,19621,2,,,1,16,,19632,2,,,1,16,,19608,2,,,1,56,,19630,2,,,1,16,,19622,2,,,1,16,,19593,2,,,1,15,,19609,2,,,1,69,,19623,2,,,1,29,,19610,2,,,1,68,,19624,2,,,1,28,,19611,2,,,1,68,,19625,2,,,1,28,,19612,2,,,1,67,,19626,2,,,1,95,,19627,2,,,1,95,,19628,2,,,1
2201,'2_merged_67029',553,,19653,2,,,1,67,,19634,2,,,1,28,,19654,2,,,1,67,,19635,2,,,1,28,,19655,2,,,1,67,,19636,2,,,1,28,,19656,2,,,1,67,,19637,2,,,1,29,,19657,2,,,1,67,,19638,2,,,1,30,,19658,2,,,1,28,,19639,2,,,1,70,,19659,2,,,1,30,,19640,2,,,1,70,,19660,2,,,1,30,,19641,2,,,1,70,,19661,2,,,1,30,,19642,2,,,1,70,,19662,2,,,1,30,,19643,2,,,1,70,,19663,2,,,1,30,,19644,2,,,1,70,,19664,2,,,1,30,,19645,2,,,1,70,,19665,2,,,1,30,,19646,2,,,1,70,,19666,2,,,1,30,,19647,2,,,1,69,,19667,2,,,1,28,,19648,2,,,1,69,,19668,2,,,1,28,,19649,2,,,1,68,,19669,2,,,1,28,,19650,2,,,1,95,,19651,2,,,1,95,,19652,2,,,1
2201,'3_merged_67028',653,,19670,2,,,1,95,,19671,2,,,1,95,,19672,2,,,1,96,,19673,2,,,1,97,,19674,2,,,1,98,,19675,2,,,1,70,,19687,2,,,1,30,,19676,2,,,1,70,,19688,2,,,1,30,,19677,2,,,1,70,,19689,2,,,1,30,,19678,2,,,1,70,,19690,2,,,1,30,,19679,2,,,1,70,,19691,2,,,1,30,,19680,2,,,1,70,,19692,2,,,1,30,,19681,2,,,1,70,,19693,2,,,1,30,,19682,2,,,1,99,,19683,2,,,1,97,,19684,2,,,1,96,,19685,2,,,1,95,,19686,2,,,1
7001,'1_merged_67027',524,,21085,2,,,1,31,,21073,2,,,1,69,,21086,2,,,1,28,,21094,2,,,1,69,,21074,2,,,1,30,,21087,2,,,1,70,,21095,2,,,1,29,,21075,2,,,1,69,,21088,2,,,1,29,,21096,2,,,1,69,,21076,2,,,1,30,,21089,2,,,1,69,,21097,2,,,1,29,,21077,2,,,1,69,,21090,2,,,1,30,,21098,2,,,1,70,,21078,2,,,1,28,,21091,2,,,1,70,,21099,2,,,1,30,,21079,2,,,1,71,,21092,2,,,1,31,,21100,2,,,1,71,,21080,2,,,1,31,,21093,2,,,1,71,,21101,2,,,1,31,,21081,2,,,1,71,,21106,2,,,1,29,,21102,2,,,1,69,,21082,2,,,1,30,,21107,2,,,1,68,,21103,2,,,1,27,,21083,2,,,1,67,,21108,2,,,1,28,,21104,2,,,1,68,,21084,2,,,1,28,,21109,2,,,1,81,,21105,2,,,1,41,,21110,2,,,1
7001,'2_merged_67029',524,,21130,2,,,1,80,,21117,2,,,1,40,,21131,2,,,1,67,,21142,2,,,1,26,,21118,2,,,1,67,,21132,2,,,1,27,,21143,2,,,1,27,,21119,2,,,1,66,,21133,2,,,1,28,,21144,2,,,1,67,,21120,2,,,1,28,,21134,2,,,1,68,,21145,2,,,1,28,,21121,2,,,1,69,,21135,2,,,1,29,,21146,2,,,1,69,,21122,2,,,1,28,,21136,2,,,1,69,,21147,2,,,1,29,,21123,2,,,1,69,,21137,2,,,1,29,,21148,2,,,1,68,,21124,2,,,1,29,,21138,2,,,1,69,,21111,2,,,1,28,,21125,2,,,1,28,,21139,2,,,1,69,,21112,2,,,1,28,,21126,2,,,1,68,,21140,2,,,1,28,,21113,2,,,1,69,,21127,2,,,1,27,,21141,2,,,1,67,,21114,2,,,1,41,,21128,2,,,1,80,,21115,2,,,1,81,,21129,2,,,1,41,,21116,2,,,1
7001,'3_merged_67028',634,,21162,2,,,1,80,,21149,2,,,1,40,,21163,2,,,1,80,,21150,2,,,1,80,,21164,2,,,1,41,,21151,2,,,1,81,,21165,2,,,1,81,,21152,2,,,1,42,,21166,2,,,1,83,,21153,2,,,1,83,,21167,2,,,1,83,,21154,2,,,1,43,,21168,2,,,1,83,,21155,2,,,1,83,,21169,2,,,1,83,,21156,2,,,1,43,,21170,2,,,1,83,,21157,2,,,1,82,,21171,2,,,1,41,,21158,2,,,1,82,,21172,2,,,1,81,,21159,2,,,1,41,,21173,2,,,1,80,,21160,2,,,1,81,,21174,2,,,1,41,,21161,2,,,1
7401,'1_merged_67027',529,,21303,2,,,1,22,,21290,35,,,1,64,,21318,35,,,1,23,,21314,35,,,1,64,,21322,35,,,1,26,,21309,35,,,1,26,,21297,35,,,1,66,,21304,35,,,1,26,,21291,35,,,1,67,,21319,35,,,1,26,,21315,35,,,1,65,,21323,35,,,1,25,,21310,35,,,1,25,,21298,35,,,1,65,,21305,35,,,1,26,,21292,35,,,1,65,,21320,35,,,1,26,,21316,35,,,1,66,,21324,35,,,1,26,,21311,35,,,1,26,,21299,35,,,1,66,,21306,35,,,1,27,,21293,35,,,1,67,,21321,35,,,1,26,,21317,35,,,1,68,,21325,35,,,1,28,,21312,35,,,1,67,,21300,35,,,1,28,,21307,35,,,1,27,,21294,35,,,1,65,,21284,35,,,1,26,,21287,35,,,1,66,,21328,35,,,1,25,,21313,35,,,1,64,,21301,35,,,1,24,,21282,35,,,1,24,,21295,35,,,1,65,,21285,35,,,1,32,,21288,35,,,1,72,,21308,35,,,1,33,,21302,35,,,1
7401,'2_merged_67029',540,,21358,2,,,1,72,,21351,35,,,1,32,,21336,35,,,1,72,,21329,35,,,1,33,,21344,35,,,1,73,,21359,35,,,1,31,,21352,35,,,1,72,,21337,35,,,1,32,,21330,35,,,1,73,,21345,35,,,1,74,,21360,35,,,1,34,,21353,35,,,1,73,,21338,35,,,1,34,,21331,35,,,1,75,,21346,35,,,1,35,,21361,35,,,1,75,,21354,35,,,1,75,,21339,35,,,1,34,,21332,35,,,1,75,,21347,35,,,1,35,,21362,35,,,1,75,,21355,35,,,1,35,,21340,35,,,1,73,,21333,35,,,1,74,,21348,35,,,1,32,,21363,35,,,1,74,,21356,35,,,1,33,,21341,35,,,1,71,,21334,35,,,1,32,,21349,35,,,1,72,,21364,35,,,1,33,,21357,35,,,1
7401,'3_merged_67028',725,,21365,35,,,1,81,,21378,35,,,1,41,,21372,35,,,1,80,,21384,35,,,1,81,,21366,35,,,1,42,,21379,35,,,1,82,,21373,35,,,1,83,,21385,35,,,1,44,,21367,35,,,1,84,,21380,35,,,1,83,,21374,35,,,1,84,,21386,35,,,1,44,,21368,35,,,1,84,,21381,35,,,1,84,,21375,35,,,1,83,,21387,35,,,1,42,,21369,35,,,1,82,,21382,35,,,1,82,,21376,35,,,1,41,,21388,35,,,1,80,,21370,35,,,1,80,,21383,35,,,1,40,,21377,35,,,1
22401,'1_merged_67027',514,,21722,2,,,1,28,,21713,19,,,1,68,,21736,19,,,1,29,,21723,19,,,1,70,,21714,19,,,1,30,,21737,19,,,1,70,,21724,19,,,1,30,,21715,19,,,1,70,,21738,19,,,1,28,,21725,19,,,1,69,,21716,19,,,1,29,,21739,19,,,1,69,,21726,19,,,1,29,,21717,19,,,1,68,,21740,19,,,1,29,,21727,19,,,1,29,,21718,19,,,1,69,,21741,19,,,1,30,,21728,19,,,1,70,,21719,19,,,1,31,,21742,19,,,1,72,,21729,19,,,1,71,,21720,19,,,1,31,,21743,19,,,1,72,,21730,19,,,1,31,,21721,19,,,1,71,,21744,19,,,1,30,,21731,19,,,1,81,,21709,19,,,1,82,,21732,19,,,1,41,,21710,19,,,1,81,,21733,19,,,1,80,,21711,19,,,1,41,,21734,19,,,1,80,,21712,19,,,1,81,,21735,19,,,1
22401,'2_merged_67029',638,,21758,19,,,1,81,,21745,19,,,1,40,,21759,19,,,1,81,,21746,19,,,1,80,,21760,19,,,1,82,,21747,19,,,1,42,,21761,19,,,1,83,,21748,19,,,1,83,,21762,19,,,1,43,,21749,19,,,1,83,,21763,19,,,1,83,,21750,19,,,1,83,,21764,19,,,1,43,,21751,19,,,1,83,,21765,19,,,1,83,,21752,19,,,1,43,,21766,19,,,1,82,,21753,19,,,1,82,,21767,19,,,1,82,,21754,19,,,1,41,,21768,19,,,1,81,,21755,19,,,1,80,,21769,19,,,1,41,,21756,19,,,1,80,,21770,19,,,1,81,,21757,19,,,1
68001,'1_merged_67027',533,,23505,2,,,1,68,,23516,2,,,1,29,,23506,2,,,1,72,,23517,2,,,1,32,,23507,2,,,1,73,,23518,2,,,1,33,,23508,2,,,1,73,,23519,2,,,1,32,,23509,2,,,1,71,,23520,2,,,1,30,,23510,2,,,1,71,,23521,2,,,1,30,,23511,2,,,1,71,,23522,2,,,1,30,,23512,2,,,1,71,,23523,2,,,1,32,,23513,2,,,1,71,,23524,2,,,1,32,,23514,2,,,1,74,,23525,2,,,1,75,,23515,2,,,1,35,,23526,2,,,1,75,,23534,2,,,1,35,,23527,2,,,1,73,,23535,2,,,1,30,,23528,2,,,1,71,,23536,2,,,1,29,,23529,2,,,1,69,,23537,2,,,1,28,,23530,2,,,1,69,,23538,2,,,1,28,,23531,2,,,1,69,,23539,2,,,1,28,,23532,2,,,1,69,,23540,2,,,1,28,,23533,2,,,1,69,,23541,2,,,1
400001601,'1_merged_67027',454,,26349,2,,,1,62,,26366,2,,,1,21,,26378,2,,,1,21,,26359,2,,,1,50,,26385,2,,,1,11,,26373,2,,,1,12,,26389,2,,,1,12,,26350,2,,,1,12,,26409,2,,,1,51,,26367,2,,,1,13,,26390,2,,,1,13,,26379,2,,,1,14,,26388,2,,,1,54,,26360,2,,,1,14,,26386,2,,,1,14,,26374,2,,,1,26,,26351,2,,,1,66,,26368,2,,,1,25,,26380,2,,,1,64,,26361,2,,,1,24,,26375,2,,,1,25,,26352,2,,,1,65,,26369,2,,,1,24,,26381,2,,,1,64,,26362,2,,,1,24,,26376,2,,,1,65,,26353,2,,,1,24,,26370,2,,,1,24,,26382,2,,,1,64,,26363,2,,,1,14,,26394,2,,,1,14,,26377,2,,,1,13,,26391,2,,,1,54,,26354,2,,,1,13,,26393,2,,,1,14,,26371,2,,,1,14,,26396,2,,,1,54,,26383,2,,,1,14,,26401,2,,,1,15,,26364,2,,,1,16,,26395,2,,,1,54,,26402,2,,,1,16,,26392,2,,,1,14,,26355,2,,,1,14,,26406,2,,,1,13,,26372,2,,,1,53,,26397,2,,,1,16,,26384,2,,,1,20,,26365,2,,,1,64,,26403,2,,,1,28,,26356,2,,,1,67,,26398,2,,,1,27,,26407,2,,,1,69,,26404,2,,,1,27,,26357,2,,,1,26,,26399,2,,,1,67,,26408,2,,,1,27,,26405,2,,,1,66,,26358,2,,,1,26,,26400,2,,,1
400001601,'2_merged_67029',539,,26420,2,,,1,67,,26436,2,,,1,26,,26410,2,,,1,25,,26430,2,,,1,67,,26421,2,,,1,27,,26437,2,,,1,66,,26411,2,,,1,25,,26431,2,,,1,62,,26446,2,,,1,23,,26422,2,,,1,22,,26438,2,,,1,61,,26412,2,,,1,23,,26432,2,,,1,22,,26447,2,,,1,63,,26423,2,,,1,23,,26439,2,,,1,63,,26413,2,,,1,24,,26433,2,,,1,24,,26448,2,,,1,64,,26424,2,,,1,23,,26440,2,,,1,63,,26414,2,,,1,24,,26434,2,,,1,24,,26449,2,,,1,64,,26425,2,,,1,23,,26441,2,,,1,63,,26415,2,,,1,24,,26435,2,,,1,24,,26450,2,,,1,64,,26426,2,,,1,30,,26442,2,,,1,71,,26416,2,,,1,31,,26451,2,,,1,66,,26427,2,,,1,28,,26443,2,,,1,68,,26417,2,,,1,27,,26452,2,,,1,69,,26428,2,,,1,27,,26444,2,,,1,26,,26418,2,,,1,67,,26453,2,,,1,27,,26429,2,,,1,66,,26445,2,,,1,26,,26419,2,,,1
400001601,'3_merged_67028',648,,26463,2,,,1,67,,26482,2,,,1,27,,26454,2,,,1,67,,26473,2,,,1,26,,26464,2,,,1,67,,26483,2,,,1,27,,26455,2,,,1,28,,26474,2,,,1,67,,26465,2,,,1,28,,26484,2,,,1,68,,26456,2,,,1,30,,26475,2,,,1,70,,26466,2,,,1,30,,26485,2,,,1,69,,26457,2,,,1,29,,26476,2,,,1,70,,26467,2,,,1,30,,26486,2,,,1,69,,26458,2,,,1,29,,26477,2,,,1,70,,26468,2,,,1,30,,26487,2,,,1,69,,26459,2,,,1,29,,26478,2,,,1,70,,26469,2,,,1,29,,26488,2,,,1,67,,26460,2,,,1,28,,26479,2,,,1,68,,26470,2,,,1,27,,26489,2,,,1,69,,26461,2,,,1,27,,26480,2,,,1,26,,26471,2,,,1,67,,26490,2,,,1,27,,26462,2,,,1,66,,26481,2,,,1,26,,26472,2,,,1
