4301,'1_merged_67009',539,,40639,27,,,1,65,,40611,59,,,1,25,,40631,59,,,1,27,,40623,59,,,1,67,,40640,59,,,1,27,,40612,59,,,1,67,,40632,59,,,1,27,,40624,59,,,1,66,,40641,59,,,1,24,,40613,59,,,1,25,,40633,59,,,1,67,,40625,59,,,1,26,,40642,59,,,1,65,,40614,59,,,1,25,,40634,59,,,1,65,,40626,59,,,1,25,,40643,59,,,1,25,,40615,59,,,1,65,,40635,59,,,1,25,,40627,59,,,1,66,,40644,59,,,1,27,,40616,59,,,1,67,,40636,59,,,1,27,,40628,59,,,1,68,,40645,59,,,1,28,,40617,59,,,1,28,,40637,59,,,1,69,,40629,59,,,1,28,,40646,59,,,1,65,,40618,59,,,1,26,,40638,59,,,1,66,,40630,59,,,1,24,,40647,59,,,1,65,,40619,59,,,1,33,,40648,59,,,1,73,,40610,59,,,1,33,,40620,59,,,1,88,,40649,59,,,1,88,,40621,59,,,1,88,,40650,59,,,1
4301,'2_merged_67011',614,,40674,27,,,1,32,,40662,59,,,1,72,,40651,59,,,1,32,,40675,59,,,1,72,,40663,59,,,1,33,,40652,59,,,1,72,,40676,59,,,1,32,,40664,59,,,1,73,,40653,59,,,1,73,,40677,59,,,1,33,,40665,59,,,1,74,,40654,59,,,1,33,,40678,59,,,1,74,,40666,59,,,1,34,,40655,59,,,1,73,,40679,59,,,1,74,,40667,59,,,1,34,,40656,59,,,1,73,,40680,59,,,1,34,,40668,59,,,1,74,,40657,59,,,1,33,,40681,59,,,1,74,,40669,59,,,1,33,,40658,59,,,1,71,,40682,59,,,1,33,,40670,59,,,1,73,,40659,59,,,1,74,,40683,59,,,1,34,,40671,59,,,1,88,,40660,59,,,1,88,,40672,59,,,1,88,,40661,59,,,1
4301,'3_merged_67010',736,,40684,59,,,1,89,,40695,59,,,1,89,,40685,59,,,1,88,,40696,59,,,1,49,,40686,59,,,1,90,,40697,59,,,1,90,,40687,59,,,1,90,,40698,59,,,1,91,,40688,59,,,1,90,,40699,59,,,1,51,,40689,59,,,1,90,,40700,59,,,1,91,,40690,59,,,1,90,,40701,59,,,1,89,,40691,59,,,1,89,,40702,59,,,1,49,,40692,59,,,1,88,,40703,59,,,1,89,,40693,59,,,1,88,,40704,59,,,1,88,,40694,59,,,1
4301,'6',736,,40706,59,,,1,89,,40717,59,,,1,89,,40707,59,,,1,88,,40718,59,,,1,49,,40708,59,,,1,90,,40719,59,,,1,90,,40709,59,,,1,90,,40720,59,,,1,91,,40710,59,,,1,90,,40721,59,,,1,51,,40711,59,,,1,90,,40722,59,,,1,91,,40712,59,,,1,90,,40723,59,,,1,89,,40713,59,,,1,89,,40724,59,,,1,49,,40714,59,,,1,88,,40725,59,,,1,89,,40715,59,,,1,88,,40726,59,,,1,88,,40716,59,,,1
7401,'1_merged_67009',537,,41311,18,,,1,63,,41331,18,,,1,23,,41338,18,,,1,24,,41345,18,,,1,66,,41330,18,,,1,25,,41317,18,,,1,66,,41324,18,,,1,26,,41312,18,,,1,27,,41332,18,,,1,66,,41339,18,,,1,25,,41346,18,,,1,65,,41349,18,,,1,25,,41318,18,,,1,65,,41325,18,,,1,26,,41313,18,,,1,25,,41333,18,,,1,66,,41340,18,,,1,26,,41347,18,,,1,65,,41350,18,,,1,26,,41319,18,,,1,65,,41326,18,,,1,27,,41314,18,,,1,27,,41334,18,,,1,64,,41341,18,,,1,14,,41310,18,0,5 6,1,14,,41348,18,,,1,68,,41351,18,,,1,14,,41355,18,0,5 6,1,14,,41320,18,,,1,68,,41327,18,,,1,28,,41315,18,,,1,67,,41335,18,,,1,26,,41342,18,,,1,26,,41353,18,,,1,65,,41352,18,,,1,24,,41321,18,,,1,64,,41328,18,,,1,25,,41309,18,,,1,66,,41336,18,,,1,32,,41343,18,,,1,72,,41354,18,,,1,33,,41322,18,,,1,72,,41329,18,0,5 6,1,32,,41337,18,0,5 6,1,72,,41344,18,0,5 6,1
7401,'2_merged_67011',557,,41378,18,,,1,72,,41363,18,,,1,72,,41356,18,,,1,33,,41371,18,,,1,73,,41386,18,,,1,31,,41379,18,,,1,72,,41364,18,,,1,32,,41357,18,,,1,73,,41372,18,,,1,33,,41387,18,,,1,74,,41380,18,,,1,33,,41365,18,,,1,73,,41358,18,,,1,75,,41373,18,,,1,35,,41388,18,,,1,75,,41381,18,,,1,35,,41366,18,,,1,74,,41359,18,,,1,35,,41374,18,,,1,75,,41389,18,,,1,75,,41382,18,,,1,35,,41367,18,,,1,74,,41360,18,,,1,35,,41375,18,,,1,72,,41390,18,,,1,34,,41383,18,,,1,74,,41368,18,,,1,71,,41361,18,,,1,32,,41376,18,,,1,72,,41391,18,,,1,33,,41384,18,,,1,72,,41369,18,0,5 6,1,32,,41362,18,0,5 6,1,72,,41377,18,0,5 6,1
7401,'3_merged_67010',710,,41392,18,,,1,41,,41405,18,,,1,81,,41399,18,,,1,80,,41411,18,,,1,41,,41393,18,,,1,81,,41406,18,,,1,82,,41400,18,,,1,42,,41412,18,,,1,84,,41394,18,,,1,84,,41407,18,,,1,83,,41401,18,,,1,44,,41413,18,,,1,84,,41395,18,,,1,84,,41408,18,,,1,84,,41402,18,,,1,43,,41414,18,,,1,84,,41396,18,,,1,82,,41409,18,,,1,42,,41403,18,,,1,82,,41415,18,,,1,80,,41397,18,,,1,40,,41410,18,,,1,80,,41404,18,,,1,80,,41416,18,0,5 6,1,40,,41398,18,0,5 6,1
7401,'6',710,,41417,18,,,1,41,,41430,18,,,1,81,,41424,18,,,1,80,,41436,18,,,1,41,,41418,18,,,1,81,,41431,18,,,1,82,,41425,18,,,1,42,,41437,18,,,1,84,,41419,18,,,1,84,,41432,18,,,1,83,,41426,18,,,1,44,,41438,18,,,1,84,,41420,18,,,1,84,,41433,18,,,1,84,,41427,18,,,1,43,,41439,18,,,1,84,,41421,18,,,1,82,,41434,18,,,1,42,,41428,18,,,1,82,,41440,18,,,1,80,,41422,18,,,1,40,,41435,18,,,1,80,,41429,18,,,1,80,,41441,18,0,5 6,1,40,,41423,18,0,5 6,1
88101,'1_merged_67009',547,,43945,15,,,1,84,,43946,15,,,1,84,,43947,15,,,1,86,,43948,15,,,1,46,,43949,15,,,1,682,,43950,15,,,1,87,,43951,15,,,1,87,,43952,15,,,1,47,,43953,15,,,1,86,,43954,15,,,1
400001701,'1_merged_67009',551,,47747,31,,,1,66,,47726,53,,,1,24,,47736,53,,,1,15,,47760,31,,,1,54,,47717,53,,,1,14,,47758,53,,,1,14,,47748,53,,,1,13,,47762,53,,,1,54,,47727,53,,,1,14,,47759,53,,,1,13,,47737,53,,,1,14,,47761,53,,,1,54,,47718,53,,,1,26,,47749,53,,,1,27,,47728,53,,,1,66,,47738,53,,,1,27,,47719,53,,,1,67,,47750,53,,,1,27,,47729,53,,,1,66,,47739,53,,,1,27,,47720,53,,,1,67,,47751,53,,,1,27,,47730,53,,,1,27,,47740,53,,,1,68,,47721,53,,,1,28,,47752,53,,,1,69,,47731,53,,,1,15,,47763,53,,,1,15,,47741,53,,,1,56,,47767,53,,,1,15,,47722,53,,,1,16,,47765,53,,,1,15,,47753,53,,,1,56,,47769,53,,,1,15,,47732,53,,,1,16,,47764,53,,,1,15,,47742,53,,,1,55,,47768,53,,,1,14,,47723,53,,,1,27,,47754,53,,,1,67,,47733,53,,,1,27,,47743,53,,,1,66,,47724,53,,,1,25,,47755,53,,,1,24,,47734,53,,,1,65,,47744,53,,,1,25,,47725,53,,,1,64,,47756,53,,,1,24,,47735,53,,,1,64,,47745,53,,,1,49,,47757,53,,,1,88,,47746,53,,,1
400001701,'2_merged_67011',628,,47781,53,,,1,24,,47801,53,,,1,65,,47770,53,,,1,24,,47792,53,,,1,65,,47782,53,,,1,25,,47802,53,,,1,25,,47771,53,,,1,65,,47793,53,,,1,25,,47783,53,,,1,66,,47803,53,,,1,26,,47772,53,,,1,66,,47794,53,,,1,26,,47784,53,,,1,26,,47804,53,,,1,67,,47773,53,,,1,27,,47795,53,,,1,67,,47785,53,,,1,27,,47805,53,,,1,67,,47774,53,,,1,27,,47796,53,,,1,66,,47786,53,,,1,27,,47806,53,,,1,27,,47775,53,,,1,67,,47797,53,,,1,26,,47787,53,,,1,66,,47807,53,,,1,27,,47776,53,,,1,65,,47798,53,,,1,26,,47788,53,,,1,65,,47808,53,,,1,25,,47777,53,,,1,25,,47799,53,,,1,65,,47789,53,,,1,25,,47809,53,,,1,65,,47778,53,,,1,33,,47800,53,,,1,73,,47790,53,,,1,89,,47779,53,,,1,49,,47791,53,,,1,88,,47780,53,,,1
400001701,'3_merged_67010',717,,47820,53,,,1,24,,47839,53,,,1,65,,47810,53,,,1,25,,47831,53,,,1,25,,47821,53,,,1,65,,47840,53,,,1,25,,47811,53,,,1,66,,47832,53,,,1,26,,47822,53,,,1,66,,47841,53,,,1,26,,47812,53,,,1,26,,47833,53,,,1,67,,47823,53,,,1,27,,47842,53,,,1,67,,47813,53,,,1,27,,47834,53,,,1,67,,47824,53,,,1,27,,47843,53,,,1,66,,47814,53,,,1,27,,47835,53,,,1,27,,47825,53,,,1,67,,47844,53,,,1,26,,47815,53,,,1,66,,47836,53,,,1,27,,47826,53,,,1,65,,47845,53,,,1,26,,47816,53,,,1,65,,47837,53,,,1,25,,47827,53,,,1,25,,47846,53,,,1,65,,47817,53,,,1,25,,47838,53,,,1,65,,47828,53,,,1,33,,47847,53,,,1,73,,47818,53,,,1,89,,47829,53,,,1,49,,47819,53,,,1,88,,47830,53,,,1
400001701,'6',717,,47858,53,,,1,24,,47877,53,,,1,65,,47848,53,,,1,25,,47869,53,,,1,25,,47859,53,,,1,65,,47878,53,,,1,25,,47849,53,,,1,66,,47870,53,,,1,26,,47860,53,,,1,66,,47879,53,,,1,26,,47850,53,,,1,26,,47871,53,,,1,67,,47861,53,,,1,27,,47880,53,,,1,67,,47851,53,,,1,27,,47872,53,,,1,67,,47862,53,,,1,27,,47881,53,,,1,66,,47852,53,,,1,27,,47873,53,,,1,27,,47863,53,,,1,67,,47882,53,,,1,26,,47853,53,,,1,66,,47874,53,,,1,27,,47864,53,,,1,65,,47883,53,,,1,26,,47854,53,,,1,65,,47875,53,,,1,25,,47865,53,,,1,25,,47884,53,,,1,65,,47855,53,,,1,25,,47876,53,,,1,65,,47866,53,,,1,33,,47885,53,,,1,73,,47856,53,,,1,89,,47867,53,,,1,49,,47857,53,,,1,88,,47868,53,,,1
400001801,'1_merged_67009',554,,48122,20,,,1,60,,48097,20,,,1,21,,48123,20,,,1,13,,48142,20,,,1,53,,48098,20,,,1,12,,48096,20,,,1,12,,48124,20,,,1,12,,48143,20,,,1,12,,48099,20,,,1,52,,48140,20,,,1,13,,48125,20,,,1,12,,48144,20,,,1,13,,48100,20,,,1,12,,48141,20,,,1,53,,48126,20,,,1,11,,48145,20,,,1,12,,48101,20,,,1,23,,48127,20,,,1,62,,48102,20,,,1,23,,48128,20,,,1,22,,48103,20,,,1,63,,48129,20,,,1,22,,48104,20,,,1,63,,48130,20,,,1,22,,48105,20,,,1,23,,48131,20,,,1,62,,48106,20,,,1,23,,48132,20,,,1,22,,48107,20,,,1,63,,48133,20,,,1,23,,48108,20,,,1,65,,48134,20,,,1,25,,48109,20,,,1,14,,48146,20,,,1,54,,48135,20,,,1,14,,48157,20,,,1,13,,48110,20,,,1,14,,48147,20,,,1,13,,48136,20,,,1,54,,48158,20,,,1,13,,48111,20,,,1,13,,48148,20,,,1,13,,48137,20,,,1,54,,48159,20,,,1,11,,48112,20,,,1,12,,48149,20,,,1,11,,48138,20,,,1,13,,48160,20,,,1,51,,48113,20,,,1,21,,48139,20,,,1,21,,48114,20,,,1,60,,48150,20,,,1,21,,48115,20,,,1,20,,48151,20,,,1,61,,48116,20,,,1,20,,48152,20,,,1,21,,48117,20,,,1,60,,48153,20,,,1,21,,48118,20,,,1,20,,48154,20,,,1,61,,48119,20,,,1,20,,48155,20,,,1,21,,48120,20,,,1,60,,48156,20,,,1,21,,48121,20,,,1
400001801,'2_merged_67011',635,,48186,20,,,1,21,,48161,20,,,1,61,,48187,20,,,1,21,,48162,20,,,1,21,,48188,20,,,1,61,,48163,20,,,1,21,,48189,20,,,1,61,,48164,20,,,1,21,,48190,20,,,1,21,,48165,20,,,1,62,,48191,20,,,1,21,,48166,20,,,1,23,,48192,20,,,1,62,,48167,20,,,1,23,,48193,20,,,1,22,,48168,20,,,1,63,,48194,20,,,1,22,,48169,20,,,1,63,,48195,20,,,1,22,,48170,20,,,1,23,,48196,20,,,1,62,,48171,20,,,1,23,,48197,20,,,1,22,,48172,20,,,1,63,,48198,20,,,1,22,,48173,20,,,1,63,,48199,20,,,1,22,,48174,20,,,1,23,,48200,20,,,1,62,,48175,20,,,1,23,,48201,20,,,1,22,,48176,20,,,1,62,,48202,20,,,1,21,,48177,20,,,1,61,,48203,20,,,1,20,,48178,20,,,1,21,,48204,20,,,1,60,,48179,20,,,1,21,,48205,20,,,1,20,,48180,20,,,1,61,,48206,20,,,1,20,,48181,20,,,1,21,,48207,20,,,1,60,,48182,20,,,1,21,,48208,20,,,1,20,,48183,20,,,1,61,,48209,20,,,1,20,,48184,20,,,1,21,,48210,20,,,1,60,,48185,20,,,1,21,,48211,20,,,1
400001801,'3_merged_67010',717,,48236,20,,,1,21,,48212,20,,,1,21,,48237,20,,,1,61,,48213,20,,,1,21,,48238,20,,,1,61,,48214,20,,,1,21,,48239,20,,,1,21,,48215,20,,,1,62,,48240,20,,,1,21,,48216,20,,,1,23,,48241,20,,,1,62,,48217,20,,,1,23,,48242,20,,,1,22,,48218,20,,,1,63,,48243,20,,,1,22,,48219,20,,,1,63,,48244,20,,,1,22,,48220,20,,,1,23,,48245,20,,,1,62,,48221,20,,,1,23,,48246,20,,,1,22,,48222,20,,,1,63,,48247,20,,,1,22,,48223,20,,,1,63,,48248,20,,,1,22,,48224,20,,,1,23,,48249,20,,,1,62,,48225,20,,,1,23,,48250,20,,,1,22,,48226,20,,,1,62,,48251,20,,,1,21,,48227,20,,,1,61,,48252,20,,,1,20,,48228,20,,,1,21,,48253,20,,,1,60,,48229,20,,,1,21,,48254,20,,,1,20,,48230,20,,,1,61,,48255,20,,,1,20,,48231,20,,,1,21,,48256,20,,,1,60,,48232,20,,,1,21,,48257,20,,,1,20,,48233,20,,,1,61,,48258,20,,,1,20,,48234,20,,,1,21,,48259,20,,,1,60,,48235,20,,,1
400001801,'6',717,,48284,20,,,1,21,,48260,20,,,1,21,,48285,20,,,1,61,,48261,20,,,1,21,,48286,20,,,1,61,,48262,20,,,1,21,,48287,20,,,1,21,,48263,20,,,1,62,,48288,20,,,1,21,,48264,20,,,1,23,,48289,20,,,1,62,,48265,20,,,1,23,,48290,20,,,1,22,,48266,20,,,1,63,,48291,20,,,1,22,,48267,20,,,1,63,,48292,20,,,1,22,,48268,20,,,1,23,,48293,20,,,1,62,,48269,20,,,1,23,,48294,20,,,1,22,,48270,20,,,1,63,,48295,20,,,1,22,,48271,20,,,1,63,,48296,20,,,1,22,,48272,20,,,1,23,,48297,20,,,1,62,,48273,20,,,1,23,,48298,20,,,1,22,,48274,20,,,1,62,,48299,20,,,1,21,,48275,20,,,1,61,,48300,20,,,1,20,,48276,20,,,1,21,,48301,20,,,1,60,,48277,20,,,1,21,,48302,20,,,1,20,,48278,20,,,1,61,,48303,20,,,1,20,,48279,20,,,1,21,,48304,20,,,1,60,,48280,20,,,1,21,,48305,20,,,1,20,,48281,20,,,1,61,,48306,20,,,1,20,,48282,20,,,1,21,,48307,20,,,1,60,,48283,20,,,1
