2800,'1_merged_67009',602,,39360,46,,,1,17,,39369,72,,,1,17,,39370,72,,,1,16,,39371,72,,,1,55,,39383,72,,,1,15,,39361,72,,,1,14,,39395,72,,,1,13,,39384,72,,,1,54,,39377,72,,,1,14,,39378,72,,,1,13,,39389,72,,,1,14,,39390,72,,,1,14,,39396,72,,,1,55,,39372,72,,,1,27,,39362,72,,,1,67,,39385,72,,,1,26,,39379,72,,,1,67,,39391,72,,,1,27,,39373,72,,,1,26,,39363,72,,,1,67,,39386,72,,,1,27,,39380,72,,,1,67,,39392,72,,,1,27,,39374,72,,,1,66,,39364,72,,,1,28,,39387,72,,,1,70,,39381,72,,,1,29,,39397,72,,,1,18,,39393,72,,,1,56,,39375,72,,,1,15,,39410,72,,,1,16,,39365,72,,,1,15,,39403,72,,,1,56,,39388,72,,,1,14,,39359,72,,,1,14,,39382,72,,,1,13,,39402,72,,,1,54,,39398,72,,,1,13,,39394,72,,,1,13,,39376,72,,,1,13,,39411,72,,,1,15,,39366,72,,,1,71,,39399,72,,,1,70,,39404,72,,,1,31,,39407,72,,,1,71,,39367,72,,,1,30,,39400,72,,,1,70,,39405,72,,,1,30,,39408,72,,,1,69,,39368,72,,,1,30,,39401,72,,,1,70,,39406,72,,,1,30,,39409,72,,,1
2800,'2_merged_67011',603,,39412,46,,,1,30,,39439,72,,,1,69,,39430,72,,,1,29,,39422,72,,,1,69,,39413,72,,,1,30,,39440,72,,,1,71,,39431,72,,,1,30,,39423,72,,,1,70,,39414,72,,,1,32,,39441,72,,,1,71,,39432,72,,,1,32,,39424,72,,,1,71,,39415,72,,,1,32,,39442,72,,,1,73,,39433,72,,,1,32,,39425,72,,,1,72,,39416,72,,,1,32,,39443,72,,,1,72,,39434,72,,,1,32,,39426,72,,,1,72,,39417,72,,,1,32,,39444,72,,,1,72,,39435,72,,,1,72,,39427,72,,,1,31,,39418,72,,,1,70,,39445,72,,,1,30,,39436,72,,,1,71,,39428,72,,,1,30,,39419,72,,,1,69,,39446,72,,,1,30,,39437,72,,,1,70,,39429,72,,,1,30,,39420,72,,,1,100,,39438,72,,,1,100,,39421,72,,,1
2800,'3_merged_67010',654,,39449,46,,,1,89,,39465,72,,,1,80,,39458,72,,,1,80,,39450,72,,,1,40,,39466,72,,,1,80,,39459,72,,,1,81,,39451,72,,,1,42,,39467,72,,,1,82,,39460,72,,,1,82,,39452,72,,,1,43,,39468,72,,,1,82,,39461,72,,,1,82,,39453,72,,,1,83,,39469,72,,,1,42,,39462,72,,,1,82,,39454,72,,,1,82,,39470,72,,,1,41,,39463,72,,,1,80,,39455,72,,,1,82,,39471,72,,,1,42,,39464,72,,,1,81,,39456,72,,,1,99,,39447,72,,,1,100,,39457,72,,,1,100,,39448,72,,,1
2800,'6',654,,39472,46,,,1,89,,39488,72,,,1,80,,39481,72,,,1,80,,39473,72,,,1,40,,39489,72,,,1,80,,39482,72,,,1,81,,39474,72,,,1,42,,39490,72,,,1,82,,39483,72,,,1,82,,39475,72,,,1,43,,39491,72,,,1,82,,39484,72,,,1,82,,39476,72,,,1,83,,39492,72,,,1,42,,39485,72,,,1,82,,39477,72,,,1,82,,39493,72,,,1,41,,39486,72,,,1,80,,39478,72,,,1,82,,39494,72,,,1,42,,39487,72,,,1,81,,39479,72,,,1,99,,39495,72,,,1,100,,39480,72,,,1,100,,39496,72,,,1
33001,'1_merged_67009',552,,42024,13,,,1,63,,42039,48,,,1,26,,42016,48,,,1,65,,42032,48,,,1,26,,42025,48,,,1,26,,42040,48,,,1,66,,42017,48,,,1,26,,42033,48,,,1,66,,42026,48,,,1,26,,42041,48,,,1,66,,42018,48,,,1,26,,42034,48,,,1,25,,42027,48,,,1,66,,42042,48,,,1,26,,42019,48,,,1,66,,42035,48,,,1,25,,42028,48,,,1,66,,42043,48,,,1,26,,42020,48,,,1,66,,42036,48,,,1,26,,42029,48,,,1,27,,42044,48,,,1,70,,42021,48,,,1,28,,42037,48,,,1,69,,42030,48,,,1,29,,42045,48,,,1,69,,42022,48,,,1,28,,42038,48,,,1,68,,42031,48,,,1
33001,'2_merged_67011',639,,42055,48,,,1,84,,42047,48,,,1,91,,42056,48,,,1,86,,42048,48,,,1,51,,42057,48,,,1,87,,42049,48,,,1,92,,42058,48,,,1,91,,42050,48,,,1,91,,42059,48,,,1,91,,42051,48,,,1,51,,42060,48,,,1,91,,42052,48,,,1,91,,42061,48,,,1,91,,42053,48,,,1,91,,42062,48,,,1
33001,'3_merged_67010',809,,42063,28,,,1,101,,42069,28,,,1,100,,42064,28,,,1,101,,42070,28,,,1,101,,42065,28,,,1,101,,42071,28,,,1,102,,42066,28,,,1,101,,42072,28,,,1,102,,42067,28,,,1,101,,42073,28,,,1,102,,42068,28,,,1
33001,'6',809,,42075,28,,,1,101,,42081,28,,,1,100,,42076,28,,,1,101,,42082,28,,,1,101,,42077,28,,,1,101,,42083,28,,,1,102,,42078,28,,,1,101,,42084,28,,,1,102,,42079,28,,,1,101,,42085,28,,,1,102,,42080,28,,,1
33600,'1_merged_67009',523,,42203,20,,,1,36,,42218,53,,,1,76,,42211,53,,,1,77,,42204,53,,,1,39,,42219,53,,,1,78,,42212,53,,,1,78,,42205,53,,,1,38,,42220,53,,,1,77,,42213,53,,,1,37,,42206,53,,,1,77,,42221,53,,,1,77,,42214,53,,,1,37,,42207,53,,,1,77,,42222,53,,,1,77,,42215,53,,,1,37,,42208,53,,,1,78,,42223,53,,,1,38,,42216,53,,,1,78,,42209,53,,,1,80,,42224,53,,,1,38,,42217,53,,,1,77,,42210,53,,,1
33600,'2_merged_67011',714,,42233,53,,,1,93,,42226,53,,,1,94,,42234,53,,,1,54,,42227,53,,,1,95,,42235,53,,,1,95,,42228,53,,,1,95,,42236,53,,,1,96,,42229,53,,,1,96,,42237,53,,,1,95,,42230,53,,,1,96,,42238,53,,,1,95,,42231,53,,,1,96,,42239,53,,,1
33600,'3_merged_67010',802,,42246,20,,,1,100,,42240,20,,,1,101,,42247,20,,,1,101,,42241,20,,,1,101,,42248,20,,,1,102,,42242,20,,,1,101,,42249,20,,,1,102,,42243,20,,,1,101,,42250,20,,,1,102,,42244,20,,,1,101,,42251,20,,,1
33600,'6',802,,42258,20,,,1,100,,42252,20,,,1,101,,42259,20,,,1,101,,42253,20,,,1,101,,42260,20,,,1,102,,42254,20,,,1,101,,42261,20,,,1,102,,42255,20,,,1,101,,42262,20,,,1,102,,42256,20,,,1,101,,42263,20,,,1
