'1merged67243',22400,55100,,'',1,6900,,'',1,2800,,'',1,6900,,'',1,3000,,'',1,7000,,'',1,3000,,'',1,7000,,'',1,3000,,'',1,6900,,'',1,2900,,'',1,6900,,'',1,2900,,'',1,6900,,'',1,2900,,'',1,6900,,'',1,2900,,'',1,6900,,'',1,3000,,'',1,7000,,'',1,3100,,'',1,7200,,'',1,3200,,'',1,7000,,'',1,3200,,'',1,7200,,'',1,3100,,'',1
'1merged67243',22401,53100,,'',1,2800,,'',1,6900,,'',1,2900,,'',1,7000,,'',1,3000,,'',1,7000,,'',1,3000,,'',1,7000,,'',1,2800,,'',1,6900,,'',1,2900,,'',1,6900,,'',1,2900,,'',1,6900,,'',1,2900,,'',1,6900,,'',1,3000,,'',1,7000,,'',1,3000,,'',1,7100,,'',1,3200,,'',1,7100,,'',1,3100,,'',1,7200,,'',1,3200,,'',1,7000,,'',1,3000,,'',1
'2merged67245',22400,64300,,'',1,8100,,'',1,8100,,'',1,4100,,'',1,8100,,'',1,8200,,'',1,4200,,'',1,8400,,'',1,8300,,'',1,8400,,'',1,4300,,'',1,8400,,'',1,8300,,'',1,4400,,'',1,8300,,'',1,8400,,'',1,8300,,'',1,4400,,'',1
'2merged67245',22401,70300,,'',1,4100,,'',1,8100,,'',1,8100,,'',1,4200,,'',1,8200,,'',1,8300,,'',1,4400,,'',1,8400,,'',1,8300,,'',1,8400,,'',1,4300,,'',1,8400,,'',1,8300,,'',1,8400,,'',1,4300,,'',1,8400,,'',1,8200,,'',1
'1merged67243',400001200,51100,,'',1,1800,,'',1,1800,,'',1,5800,,'',1,1500,,'',1,1100,,'',1,1000,,'',1,1000,,'',1,5000,,'',1,1000,,'',1,1000,,'',1,1000,,'',1,1000,,'',1,1000,,'',1,5000,,'',1,1000,,'',1,1100,,'',1,1700,,'',1,6300,,'',1,2100,,'',1,2100,,'',1,6000,,'',1,2000,,'',1,2000,,'',1,6000,,'',1,2000,,'',1,2000,,'',1,6000,,'',1,2000,,'',1,2000,,'',1,6000,,'',1,2000,,'',1,2000,,'',1,6000,,'',1,2100,,'',1,2400,,'',1,6300,,'',1,2200,,'',1,2000,,'',1,6000,,'',1,2000,,'',1,2000,,'',1,6300,,'',1,2400,,'',1,6400,,'',1,2600,,'',1,2600,,'',1,6700,,'',1,3100,,'',1,7100,,'',1,2800,,'',1,6800,,'',1,8000,,'',1,5300,,'',1,9300,,'',1,9200,,'',1
'1merged67243',400001201,54100,4,'',1,5900,4,'',1,2000,4,'',1,2100,4,'',1,6200,4,'',1,2000,4,'',1,1800,4,'',1,6000,4,'',1,1900,4,'',1,2000,4,'',1,1800,4,'',1,6000,4,'',1,2100,4,'',1,1900,4,'',1,6100,4,'',1,2000,4,'',1,2000,4,'',1,6000,4,'',1,2000,4,'',1,2000,4,'',1,6000,4,'',1,2000,4,'',1,2000,4,'',1,6000,4,'',1,2000,4,'',1,2000,4,'',1,6000,4,'',1,2400,4,'',1,6300,4,'',1,2200,4,'',1,1400,4,'',1,1300,4,'',1,5100,4,'',1,1200,4,'',1,1200,4,'',1,1200,4,'',1,1200,4,'',1,5200,4,'',1,1200,4,'',1,1200,4,'',1,1200,4,'',1,1200,4,'',1,5200,4,'',1,1200,4,'',1,1100,4,'',1,1200,4,'',1,1100,4,'',1,6000,4,'',1,2200,4,'',1,2000,4,'',1,6400,4,'',1,3000,4,'',1,6800,4,'',1,2600,4,'',1,6800,4,'',1,4000,4,'',1,9300,4,'',1,9200,4,'',1
'2merged67245',400001200,55200,,'',1,6600,,'',1,2600,,'',1,6600,,'',1,2600,,'',1,6600,,'',1,2600,,'',1,2700,,'',1,6700,,'',1,2700,,'',1,6800,,'',1,2800,,'',1,6900,,'',1,2800,,'',1,6900,,'',1,2900,,'',1,7000,,'',1,2900,,'',1,7000,,'',1,2900,,'',1,7000,,'',1,2900,,'',1,7000,,'',1,2900,,'',1,7000,,'',1,2900,,'',1,7000,,'',1,2900,,'',1,6800,,'',1,2900,,'',1,2800,,'',1,6700,,'',1,2800,,'',1,6600,,'',1,2700,,'',1,6700,,'',1,2700,,'',1,6600,,'',1,2500,,'',1
'2merged67245',400001201,61400,4,'',1,2600,4,'',1,6600,4,'',1,2600,4,'',1,2600,4,'',1,6600,4,'',1,2700,4,'',1,6600,4,'',1,2800,4,'',1,6700,4,'',1,2800,4,'',1,7000,4,'',1,2800,4,'',1,6900,4,'',1,2900,4,'',1,7000,4,'',1,2900,4,'',1,7000,4,'',1,2900,4,'',1,7000,4,'',1,2900,4,'',1,7000,4,'',1,2900,4,'',1,7000,4,'',1,2900,4,'',1,7000,4,'',1,2900,4,'',1,2800,4,'',1,6900,4,'',1,2800,4,'',1,6700,4,'',1,2800,4,'',1,6600,4,'',1,2700,4,'',1,6700,4,'',1,2700,4,'',1,6600,4,'',1,2500,4,'',1,2600,4,'',1
'3merged67244',400001200,64400,,'',1,6600,,'',1,2600,,'',1,6600,,'',1,2600,,'',1,2700,,'',1,6700,,'',1,2700,,'',1,6800,,'',1,2800,,'',1,6900,,'',1,2800,,'',1,6900,,'',1,2900,,'',1,7000,,'',1,2900,,'',1,7000,,'',1,2900,,'',1,7000,,'',1,2900,,'',1,7000,,'',1,2900,,'',1,7000,,'',1,2900,,'',1,7000,,'',1,2900,,'',1,6800,,'',1,2900,,'',1,2800,,'',1,6700,,'',1,2800,,'',1,6600,,'',1,2700,,'',1,6700,,'',1
'3merged67244',400001201,70600,4,'',1,2600,4,'',1,2600,4,'',1,6600,4,'',1,2700,4,'',1,6600,4,'',1,2800,4,'',1,6700,4,'',1,2800,4,'',1,7000,4,'',1,2800,4,'',1,6900,4,'',1,2900,4,'',1,7000,4,'',1,2900,4,'',1,7000,4,'',1,2900,4,'',1,7000,4,'',1,2900,4,'',1,7000,4,'',1,2900,4,'',1,7000,4,'',1,2900,4,'',1,7000,4,'',1,2900,4,'',1,2800,4,'',1,6900,4,'',1,2800,4,'',1,6700,4,'',1,2800,4,'',1,6600,4,'',1,2700,4,'',1,6700,4,'',1,2700,4,'',1
'6',400001200,64400,,'',1,6600,,'',1,2600,,'',1,6600,,'',1,2600,,'',1,2700,,'',1,6700,,'',1,2700,,'',1,6800,,'',1,2800,,'',1,6900,,'',1,2800,,'',1,6900,,'',1,2900,,'',1,7000,,'',1,2900,,'',1,7000,,'',1,2900,,'',1,7000,,'',1,2900,,'',1,7000,,'',1,2900,,'',1,7000,,'',1,2900,,'',1,7000,,'',1,2900,,'',1,6800,,'',1,2900,,'',1,2800,,'',1,6700,,'',1,2800,,'',1,6600,,'',1,2700,,'',1,6700,,'',1,2600,,'',1,6600,,'',1,2600,,'',1,2500,,'',1
'6',400001201,70600,4,'',1,2600,4,'',1,2600,4,'',1,6600,4,'',1,2700,4,'',1,6600,4,'',1,2800,4,'',1,6700,4,'',1,2800,4,'',1,7000,4,'',1,2800,4,'',1,6900,4,'',1,2900,4,'',1,7000,4,'',1,2900,4,'',1,7000,4,'',1,2900,4,'',1,7000,4,'',1,2900,4,'',1,7000,4,'',1,2900,4,'',1,7000,4,'',1,2900,4,'',1,7000,4,'',1,2900,4,'',1,2800,4,'',1,6900,4,'',1,2800,4,'',1,6700,4,'',1,2800,4,'',1,6600,4,'',1,2700,4,'',1,6700,4,'',1,2600,4,'',1,6600,4,'',1,2600,4,'',1,2600,4,'',1,6600,4,'',1,2500,4,'',1
