3800,'1_merged_67009',541,,40060,26,4,,1,66,,40041,57,4,,1,26,,40050,57,4,,1,16,,40031,26,4,,1,54,,40033,57,4,,1,14,,40072,57,4,,1,14,,40061,57,4,,1,15,,40032,57,4,,1,55,,40042,57,4,,1,15,,40071,57,4,,1,14,,40051,57,4,,1,29,,40034,57,4,,1,68,,40062,57,4,,1,29,,40043,57,4,,1,69,,40052,57,4,,1,29,,40035,57,4,,1,68,,40063,57,4,,1,28,,40044,57,4,,1,69,,40053,57,4,,1,29,,40036,57,4,,1,68,,40064,57,4,,1,29,,40045,57,4,,1,69,,40054,57,4,,1,29,,40037,57,4,,1,71,,40065,57,4,,1,15,,40078,26,4,,1,14,,40046,57,4,,1,15,,40074,57,4,,1,55,,40055,57,4,,1,15,,40076,57,4,,1,15,,40038,57,4,,1,15,,40073,57,4,,1,55,,40066,57,4,,1,15,,40079,57,4,,1,14,,40047,57,4,,1,15,,40075,57,4,,1,55,,40056,57,4,,1,15,,40077,57,4,,1,14,,40039,57,4,,1,68,,40067,57,4,,1,27,,40048,57,4,,1,69,,40057,57,4,,1,27,,40040,57,4,,1,26,,40068,57,4,,1,68,,40049,57,4,,1,28,,40058,57,4,,1,92,,40069,57,4,,1,92,,40059,57,4,,1,92,,40070,57,4,,1
3800,'2_merged_67011',629,,40080,57,4,,1,73,,40091,57,4,,1,33,,40100,57,4,,1,75,,40081,57,4,,1,34,,40092,57,4,,1,74,,40101,57,4,,1,27,,40110,57,4,,1,66,,40082,57,4,,1,26,,40093,57,4,,1,66,,40102,57,4,,1,27,,40111,57,4,,1,27,,40083,57,4,,1,67,,40094,57,4,,1,27,,40103,57,4,,1,67,,40112,57,4,,1,28,,40084,57,4,,1,67,,40095,57,4,,1,27,,40104,57,4,,1,67,,40113,57,4,,1,28,,40085,57,4,,1,67,,40096,57,4,,1,27,,40105,57,4,,1,27,,40114,57,4,,1,68,,40086,57,4,,1,27,,40097,57,4,,1,67,,40106,57,4,,1,27,,40115,57,4,,1,67,,40087,57,4,,1,27,,40098,57,4,,1,67,,40107,57,4,,1,28,,40116,57,4,,1,66,,40088,57,4,,1,27,,40099,57,4,,1,27,,40108,57,4,,1,92,,40089,57,4,,1,92,,40109,57,4,,1,92,,40090,57,4,,1
3800,'3_merged_67010',728,,40127,57,4,,1,78,,40117,57,4,,1,37,,40137,57,4,,1,78,,40128,57,4,,1,36,,40118,57,4,,1,76,,40138,57,4,,1,75,,40129,57,4,,1,36,,40119,57,4,,1,76,,40139,57,4,,1,36,,40130,57,4,,1,77,,40120,57,4,,1,76,,40140,57,4,,1,36,,40131,57,4,,1,77,,40121,57,4,,1,36,,40141,57,4,,1,76,,40132,57,4,,1,77,,40122,57,4,,1,36,,40142,57,4,,1,76,,40133,57,4,,1,36,,40123,57,4,,1,76,,40143,57,4,,1,75,,40134,57,4,,1,34,,40124,57,4,,1,76,,40144,57,4,,1,34,,40135,57,4,,1,92,,40125,57,4,,1,92,,40136,57,4,,1,92,,40126,57,4,,1
3800,'6',728,,40155,57,4,,1,78,,40145,57,4,,1,37,,40165,57,4,,1,78,,40156,57,4,,1,36,,40146,57,4,,1,76,,40166,57,4,,1,75,,40157,57,4,,1,36,,40147,57,4,,1,76,,40167,57,4,,1,36,,40158,57,4,,1,77,,40148,57,4,,1,76,,40168,57,4,,1,36,,40159,57,4,,1,77,,40149,57,4,,1,36,,40169,57,4,,1,76,,40160,57,4,,1,77,,40150,57,4,,1,36,,40170,57,4,,1,76,,40161,57,4,,1,36,,40151,57,4,,1,76,,40171,57,4,,1,75,,40162,57,4,,1,34,,40152,57,4,,1,76,,40172,57,4,,1,34,,40163,57,4,,1,92,,40153,57,4,,1,92,,40164,57,4,,1,92,,40154,57,4,,1
3801,'1_merged_67009',521,,40175,1,,,1,24,,40203,1,,,1,56,,40174,1,,,1,13,,40184,1,,,1,13,,40213,1,,,1,13,,40193,1,,,1,14,,40173,1,,,1,54,,40176,1,,,1,14,,40214,1,,,1,15,,40204,1,,,1,69,,40185,1,,,1,29,,40194,1,,,1,69,,40177,1,,,1,29,,40205,1,,,1,68,,40186,1,,,1,29,,40195,1,,,1,29,,40178,1,,,1,68,,40206,1,,,1,28,,40187,1,,,1,69,,40196,1,,,1,29,,40179,1,,,1,68,,40207,1,,,1,29,,40188,1,,,1,69,,40197,1,,,1,30,,40180,1,,,1,55,,40215,1,,,1,15,,40208,1,,,1,15,,40220,1,,,1,14,,40189,1,,,1,55,,40217,1,,,1,15,,40198,1,,,1,15,,40219,1,,,1,15,,40181,1,,,1,55,,40216,1,,,1,15,,40209,1,,,1,15,,40221,1,,,1,14,,40190,1,,,1,70,,40199,1,,,1,29,,40182,1,,,1,69,,40210,1,,,1,27,,40191,1,,,1,68,,40200,1,,,1,27,,40183,1,,,1,68,,40211,1,,,1,54,,40201,1,,,1,92,,40212,1,,,1,92,,40202,1,,,1
3801,'2_merged_67011',558,,40241,1,,,1,75,,40222,1,,,1,73,,40233,1,,,1,33,,40242,1,,,1,67,,40252,1,,,1,26,,40223,1,,,1,24,,40234,1,,,1,66,,40243,1,,,1,27,,40253,1,,,1,66,,40224,1,,,1,26,,40235,1,,,1,66,,40244,1,,,1,27,,40254,1,,,1,67,,40225,1,,,1,27,,40236,1,,,1,27,,40245,1,,,1,67,,40255,1,,,1,28,,40226,1,,,1,67,,40237,1,,,1,27,,40246,1,,,1,67,,40256,1,,,1,28,,40227,1,,,1,67,,40238,1,,,1,27,,40247,1,,,1,67,,40257,1,,,1,28,,40228,1,,,1,28,,40239,1,,,1,67,,40248,1,,,1,28,,40258,1,,,1,67,,40229,1,,,1,27,,40240,1,,,1,67,,40249,1,,,1,26,,40259,1,,,1,67,,40230,1,,,1,54,,40250,1,,,1,92,,40231,1,,,1,92,,40251,1,,,1
3801,'3_merged_67010',627,,40260,1,,,1,77,,40280,1,,,1,37,,40270,1,,,1,76,,40261,1,,,1,35,,40281,1,,,1,75,,40271,1,,,1,75,,40262,1,,,1,35,,40282,1,,,1,75,,40272,1,,,1,36,,40263,1,,,1,76,,40283,1,,,1,76,,40273,1,,,1,37,,40264,1,,,1,76,,40284,1,,,1,36,,40274,1,,,1,77,,40265,1,,,1,76,,40285,1,,,1,36,,40275,1,,,1,77,,40266,1,,,1,37,,40286,1,,,1,75,,40276,1,,,1,76,,40267,1,,,1,36,,40287,1,,,1,75,,40277,1,,,1,91,,40268,1,,,1,54,,40278,1,,,1,92,,40269,1,,,1,92,,40279,1,,,1
3801,'6',627,,40288,1,,,1,77,,40308,1,,,1,37,,40298,1,,,1,76,,40289,1,,,1,35,,40309,1,,,1,75,,40299,1,,,1,75,,40290,1,,,1,35,,40310,1,,,1,75,,40300,1,,,1,36,,40291,1,,,1,76,,40311,1,,,1,76,,40301,1,,,1,37,,40292,1,,,1,76,,40312,1,,,1,36,,40302,1,,,1,77,,40293,1,,,1,76,,40313,1,,,1,36,,40303,1,,,1,77,,40294,1,,,1,37,,40314,1,,,1,75,,40304,1,,,1,76,,40295,1,,,1,36,,40315,1,,,1,75,,40305,1,,,1,91,,40296,1,,,1,54,,40306,1,,,1,92,,40297,1,,,1,92,,40307,1,,,1
44600,'1_merged_67009',602,,42476,35,4,,1,31,,42488,35,4,,1,73,,42477,35,4,,1,34,,42489,35,4,,1,75,,42478,35,4,,1,35,,42490,35,4,,1,75,,42479,35,4,,1,34,,42491,35,4,,1,74,,42480,35,4,,1,73,,42492,35,4,,1,34,,42481,35,4,,1,73,,42493,35,4,,1,34,,42482,35,4,,1,74,,42494,35,4,,1,34,,42483,35,4,,1,75,,42495,35,4,,1,75,,42484,35,4,,1,37,,42496,35,4,,1,77,,42485,35,4,,1,37,,42497,35,4,,1,77,,42486,35,4,,1,75,,42498,35,4,,1,33,,42487,35,4,,1,72,,42499,35,4,,1
44601,'1_merged_67009',606,,42500,1,,,1,31,,42512,1,,,1,73,,42501,1,,,1,34,,42513,1,,,1,75,,42502,1,,,1,35,,42514,1,,,1,75,,42503,1,,,1,74,,42515,1,,,1,34,,42504,1,,,1,73,,42516,1,,,1,34,,42505,1,,,1,73,,42517,1,,,1,34,,42506,1,,,1,74,,42518,1,,,1,34,,42507,1,,,1,75,,42519,1,,,1,76,,42508,1,,,1,36,,42520,1,,,1,77,,42509,1,,,1,77,,42521,1,,,1,37,,42510,1,,,1,74,,42522,1,,,1,34,,42511,1,,,1,72,,42523,1,,,1
