'1merged62166',64900,63600,4,'',1,6500,4,'',1,2600,4,'',1,2600,4,'',1,7800,4,'',1,7800,4,'',1,3500,4,'',1,7700,4,'',1,3600,4,'',1,7600,4,'',1,7600,4,'',1,3600,4,'',1,7600,4,'',1,3600,4,'',1,7800,4,'',1,7800,4,'',1,2600,4,'',1,6300,4,'',1,1400,4,'',1,1500,4,'',1,2500,4,'',1,6600,4,'',1,2500,4,'',1,6400,4,'',1,2200,4,'',1,2300,4,'',1,6300,4,'',1,8500,4,'',1,10300,4,'',1,10200,4,'',1
'1merged62166',64901,53100,,'',1,2200,,'',1,6200,,'',1,2300,,'',1,6600,,'',1,2500,,'',1,2600,,'',1,5800,,'',1,2000,,'',1,7800,,'',1,3600,,'',1,7600,,'',1,3600,,'',1,7600,,'',1,7600,,'',1,3600,,'',1,7600,,'',1,3600,,'',1,7800,,'',1,7800,,'',1,2600,,'',1,6600,,'',1,2600,,'',1,2500,,'',1,6600,,'',1,2500,,'',1,6500,,'',1,8700,,'',1,10500,,'',1,10300,,'',1
'2merged62168',64900,64400,4,'',1,10400,4,'',1,10400,4,'',1,10400,4,'',1,14700,4,'',1,10900,4,'',1,10900,4,'',1,10900,4,'',1,10900,4,'',1,10900,4,'',1,10800,4,'',1,14800,4,'',1,10400,4,'',1,10200,4,'',1
'2merged62168',64901,54200,,'',1,10400,,'',1,10400,,'',1,10400,,'',1,10400,,'',1,14700,,'',1,10900,,'',1,10900,,'',1,10900,,'',1,10900,,'',1,10900,,'',1,10800,,'',1,14800,,'',1,10400,,'',1
'3merged62167',64900,95600,4,'',1,14700,4,'',1,10900,4,'',1,10900,4,'',1,10900,4,'',1,10900,4,'',1,10900,4,'',1,10600,4,'',1
'3merged62167',64901,95800,,'',1,14700,,'',1,10900,,'',1,10900,,'',1,10900,,'',1,10900,,'',1,10900,,'',1
'1merged62166',65000,61300,4,'',1,3000,4,'',1,6200,4,'',1,2400,4,'',1,7200,4,'',1,3800,4,'',1,7900,4,'',1,3800,4,'',1,7600,4,'',1,7600,4,'',1,3700,4,'',1,7600,4,'',1,3600,4,'',1,7600,4,'',1,7700,4,'',1,3700,4,'',1,7100,4,'',1,2400,4,'',1,6600,4,'',1,2600,4,'',1,6600,4,'',1,2500,4,'',1,2600,4,'',1,6400,4,'',1,1700,4,'',1,2600,4,'',1,7400,4,'',1,9800,4,'',1,10300,4,'',1,9800,4,'',1
'1merged62166',65001,54800,,'',1,6200,,'',1,2200,,'',1,2400,,'',1,6500,,'',1,2600,,'',1,7600,,'',1,2900,,'',1,7700,,'',1,7600,,'',1,3600,,'',1,7600,,'',1,3600,,'',1,7600,,'',1,7600,,'',1,3600,,'',1,7700,,'',1,3800,,'',1,7200,,'',1,2600,,'',1,6600,,'',1,2600,,'',1,6500,,'',1,2500,,'',1,6600,,'',1,3400,,'',1,9800,,'',1,10300,,'',1,10200,,'',1
'2merged62168',65000,71200,4,'',1,10400,4,'',1,10400,4,'',1,10500,4,'',1,10800,4,'',1,10800,4,'',1,10900,4,'',1,10900,4,'',1,14900,4,'',1,10900,4,'',1,10800,4,'',1,10700,4,'',1,10400,4,'',1,9800,4,'',1
'2merged62168',65001,61700,,'',1,10100,,'',1,10400,,'',1,10400,,'',1,10500,,'',1,10800,,'',1,11000,,'',1,10800,,'',1,14900,,'',1,11000,,'',1,10800,,'',1,10800,,'',1,10600,,'',1,10400,,'',1
'3merged62167',65000,92400,4,'',1,10100,4,'',1,10800,4,'',1,10800,4,'',1,10900,4,'',1,10900,4,'',1,14900,4,'',1,10900,4,'',1,10200,4,'',1
'3merged62167',65001,92600,,'',1,10500,,'',1,10800,,'',1,11000,,'',1,10800,,'',1,14900,,'',1,11000,,'',1,10800,,'',1
