67600,'1_merged_67009',548,,43383,25,4,,1,68,,43362,73,4,,1,27,,43376,73,4,,1,68,,43369,73,4,,1,29,,43384,73,4,,1,69,,43363,73,4,,1,29,,43377,73,4,,1,69,,43370,73,4,,1,29,,43385,73,4,,1,69,,43364,73,4,,1,28,,43378,73,4,,1,68,,43371,73,4,,1,28,,43386,73,4,,1,28,,43365,73,4,,1,68,,43379,73,4,,1,29,,43372,73,4,,1,68,,43387,73,4,,1,28,,43366,73,4,,1,69,,43380,73,4,,1,28,,43373,73,4,,1,70,,43388,73,4,,1,30,,43367,73,4,,1,56,,43360,25,4,,1,15,,43381,61,4,,1,16,,43361,25,4,,1,15,,43374,61,4,,1,56,,43391,25,4,,1,15,,43389,61,4,,1,30,,43368,61,4,,1,71,,43382,61,4,,1,28,,43375,61,4,,1,70,,43390,61,4,,1
67600,'2_merged_67011',723,,43392,73,4,,1,99,,43399,73,4,,1,96,,43393,73,4,,1,99,,43400,73,4,,1,99,,43394,73,4,,1,99,,43401,73,4,,1,98,,43395,73,4,,1,99,,43402,73,4,,1,99,,43396,73,4,,1,99,,43403,73,4,,1,99,,43397,73,4,,1,99,,43404,73,4,,1,98,,43398,73,4,,1
67600,'3_merged_67010',821,,43405,73,4,,1,97,,43411,73,4,,1,99,,43406,73,4,,1,99,,43412,73,4,,1,99,,43407,73,4,,1,98,,43413,73,4,,1,99,,43408,73,4,,1,99,,43414,73,4,,1,99,,43409,73,4,,1,99,,43415,73,4,,1,99,,43410,73,4,,1,98,,43416,73,4,,1
67600,'6',821,,43417,73,4,,1,97,,43423,73,4,,1,99,,43418,73,4,,1,99,,43424,73,4,,1,99,,43419,73,4,,1,98,,43425,73,4,,1,99,,43420,73,4,,1,99,,43426,73,4,,1,99,,43421,73,4,,1,99,,43427,73,4,,1,99,,43422,73,4,,1,98,,43428,73,4,,1
67601,'1_merged_67009',525,,43437,1,,,1,27,,43452,1,,,1,68,,43430,1,,,1,27,,43445,1,,,1,68,,43438,1,,,1,29,,43453,1,,,1,69,,43431,1,,,1,29,,43446,1,,,1,70,,43439,1,,,1,30,,43454,1,,,1,68,,43432,1,,,1,28,,43447,1,,,1,68,,43440,1,,,1,28,,43455,1,,,1,68,,43433,1,,,1,29,,43448,1,,,1,28,,43441,1,,,1,68,,43456,1,,,1,27,,43434,1,,,1,69,,43449,1,,,1,28,,43442,1,,,1,70,,43457,1,,,1,30,,43435,1,,,1,71,,43450,1,,,1,31,,43443,1,,,1,71,,43458,1,,,1,30,,43436,1,,,1,71,,43451,1,,,1
67601,'2_merged_67011',633,,43467,1,,,1,95,,43461,1,,,1,98,,43468,1,,,1,97,,43462,1,,,1,99,,43469,1,,,1,98,,43463,1,,,1,99,,43470,1,,,1,99,,43464,1,,,1,99,,43471,1,,,1,99,,43465,1,,,1,99,,43472,1,,,1,99,,43466,1,,,1,99,,43473,1,,,1
67601,'3_merged_67010',729,,43480,1,,,1,97,,43474,1,,,1,98,,43481,1,,,1,98,,43475,1,,,1,98,,43482,1,,,1,99,,43476,1,,,1,99,,43483,1,,,1,99,,43477,1,,,1,99,,43484,1,,,1,99,,43478,1,,,1,99,,43485,1,,,1,99,,43479,1,,,1
67601,'6',729,,43492,1,,,1,97,,43486,1,,,1,98,,43493,1,,,1,98,,43487,1,,,1,98,,43494,1,,,1,99,,43488,1,,,1,99,,43495,1,,,1,99,,43489,1,,,1,99,,43496,1,,,1,99,,43490,1,,,1,99,,43497,1,,,1,99,,43491,1,,,1
600000700,'1_merged_67009',516,,49658,1,,,1,14,,49587,1,,,1,13,,49601,1,,,1,12,,49613,1,,,1,53,,49585,1,,,1,11,,49589,1,,,1,10,,49619,1,,,1,8,,49621,1,,,1,7,,49659,1,,,1,7,,49628,1,,,1,7,,49634,1,,,1,48,,49588,1,,,1,9,,49602,1,,,1,10,,49614,1,,,1,10,,49578,1,,,1,10,,49586,1,,,1,10,,49590,1,,,1,51,,49620,1,,,1,12,,49622,1,,,1,14,,49629,1,,,1,14,,49635,1,,,1,54,,49603,1,,,1,14,,49615,1,,,1,15,,49579,1,,,1,14,,49591,1,,,1,15,,49623,1,,,1,54,,49630,1,,,1,14,,49636,1,,,1,14,,49604,1,,,1,14,,49616,1,,,1,54,,49580,1,,,1,14,,49592,1,,,1,14,,49624,1,,,1,14,,49631,1,,,1,54,,49637,1,,,1,14,,49605,1,,,1,14,,49617,1,,,1,14,,49581,1,,,1,54,,49593,1,,,1,14,,49625,1,,,1,14,,49632,1,,,1,14,,49638,1,,,1,14,,49606,1,,,1,51,,49641,1,,,1,12,,49618,1,,,1,11,,49582,1,,,1,11,,49594,1,,,1,11,,49646,1,,,1,51,,49626,1,,,1,12,,49633,1,,,1,13,,49639,1,,,1,13,,49607,1,,,1,13,,49642,1,,,1,53,,49647,1,,,1,13,,49583,1,,,1,12,,49595,1,,,1,14,,49648,1,,,1,54,,49627,1,,,1,14,,49652,1,,,1,14,,49640,1,,,1,14,,49608,1,,,1,13,,49643,1,,,1,54,,49584,1,,,1,15,,49596,1,,,1,16,,49649,1,,,1,18,,49653,1,,,1,59,,49609,1,,,1,19,,49644,1,,,1,19,,49597,1,,,1,58,,49650,1,,,1,18,,49654,1,,,1,18,,49610,1,,,1,58,,49645,1,,,1,18,,49598,1,,,1,19,,49651,1,,,1,60,,49655,1,,,1,28,,49611,1,,,1,69,,49599,1,,,1,30,,49656,1,,,1,70,,49612,1,,,1,30,,49600,1,,,1,70,,49657,1,,,1
600000700,'2_merged_67011',533,,49672,1,,,1,70,,49660,1,,,1,30,,49685,1,,,1,70,,49673,1,,,1,29,,49661,1,,,1,70,,49686,1,,,1,30,,49674,1,,,1,23,,49694,1,,,1,63,,49662,1,,,1,23,,49687,1,,,1,64,,49675,1,,,1,24,,49695,1,,,1,23,,49663,1,,,1,64,,49688,1,,,1,24,,49676,1,,,1,64,,49696,1,,,1,24,,49664,1,,,1,24,,49689,1,,,1,64,,49677,1,,,1,24,,49697,1,,,1,64,,49665,1,,,1,25,,49690,1,,,1,24,,49678,1,,,1,64,,49698,1,,,1,24,,49666,1,,,1,65,,49691,1,,,1,24,,49679,1,,,1,24,,49699,1,,,1,64,,49667,1,,,1,25,,49692,1,,,1,64,,49680,1,,,1,24,,49700,1,,,1,24,,49668,1,,,1,64,,49693,1,,,1,23,,49681,1,,,1,70,,49701,1,,,1,30,,49669,1,,,1,69,,49682,1,,,1,30,,49702,1,,,1,69,,49670,1,,,1,30,,49683,1,,,1,70,,49703,1,,,1,29,,49671,1,,,1,70,,49684,1,,,1,30,,49704,1,,,1
600000700,'3_merged_67010',558,,49726,1,,,1,70,,49714,1,,,1,30,,49705,1,,,1,69,,49727,1,,,1,30,,49715,1,,,1,70,,49706,1,,,1,24,,49736,1,,,1,64,,49728,1,,,1,23,,49716,1,,,1,63,,49707,1,,,1,24,,49737,1,,,1,24,,49729,1,,,1,63,,49717,1,,,1,24,,49708,1,,,1,64,,49738,1,,,1,24,,49730,1,,,1,24,,49718,1,,,1,64,,49709,1,,,1,24,,49739,1,,,1,64,,49731,1,,,1,25,,49719,1,,,1,24,,49710,1,,,1,64,,49740,1,,,1,24,,49732,1,,,1,65,,49720,1,,,1,24,,49711,1,,,1,24,,49741,1,,,1,64,,49733,1,,,1,24,,49721,1,,,1,65,,49712,1,,,1,24,,49742,1,,,1,24,,49734,1,,,1,64,,49722,1,,,1,23,,49713,1,,,1,63,,49743,1,,,1,24,,49735,1,,,1,24,,49723,1,,,1,84,,49744,1,,,1,84,,49724,1,,,1,84,,49745,1,,,1,44,,49725,1,,,1
600000700,'6',558,,49767,1,,,1,70,,49755,1,,,1,30,,49746,1,,,1,69,,49768,1,,,1,30,,49756,1,,,1,70,,49747,1,,,1,24,,49777,1,,,1,64,,49769,1,,,1,23,,49757,1,,,1,63,,49748,1,,,1,24,,49778,1,,,1,24,,49770,1,,,1,63,,49758,1,,,1,24,,49749,1,,,1,64,,49779,1,,,1,24,,49771,1,,,1,24,,49759,1,,,1,64,,49750,1,,,1,24,,49780,1,,,1,64,,49772,1,,,1,25,,49760,1,,,1,24,,49751,1,,,1,64,,49781,1,,,1,24,,49773,1,,,1,65,,49761,1,,,1,24,,49752,1,,,1,24,,49782,1,,,1,64,,49774,1,,,1,24,,49762,1,,,1,65,,49753,1,,,1,24,,49783,1,,,1,24,,49775,1,,,1,64,,49763,1,,,1,23,,49754,1,,,1,63,,49784,1,,,1,24,,49776,1,,,1,24,,49764,1,,,1,84,,49785,1,,,1,84,,49765,1,,,1,84,,49786,1,,,1,44,,49766,1,,,1
600000701,'1_merged_67009',559,,49795,40,4,,1,53,,49798,40,4,,1,13,,49829,40,4,,1,15,,49870,40,4,,1,14,,49797,40,4,,1,54,,49811,40,4,,1,13,,49823,40,4,,1,14,,49796,40,4,,1,14,,49799,40,4,,1,52,,49830,40,4,,1,12,,49831,40,4,,1,14,,49838,40,4,,1,14,,49844,40,4,,1,14,,49812,40,4,,1,54,,49824,40,4,,1,15,,49788,40,4,,1,14,,49800,40,4,,1,15,,49832,40,4,,1,54,,49839,40,4,,1,13,,49845,40,4,,1,14,,49813,40,4,,1,14,,49825,40,4,,1,54,,49789,40,4,,1,14,,49801,40,4,,1,14,,49833,40,4,,1,14,,49840,40,4,,1,15,,49846,40,4,,1,54,,49814,40,4,,1,14,,49826,40,4,,1,14,,49790,40,4,,1,14,,49802,40,4,,1,54,,49834,40,4,,1,14,,49841,40,4,,1,14,,49847,40,4,,1,14,,49815,40,4,,1,54,,49827,40,4,,1,14,,49791,40,4,,1,15,,49803,40,4,,1,15,,49835,40,4,,1,54,,49842,40,4,,1,14,,49848,40,4,,1,14,,49816,40,4,,1,12,,49851,40,4,,1,10,,49869,40,4,,1,52,,49828,40,4,,1,10,,49792,40,4,,1,10,,49804,40,4,,1,10,,49858,40,4,,1,9,,49856,40,4,,1,10,,49836,40,4,,1,49,,49862,40,4,,1,9,,49843,40,4,,1,9,,49849,40,4,,1,8,,49864,40,4,,1,8,,49817,40,4,,1,9,,49852,40,4,,1,9,,49857,40,4,,1,48,,49793,40,4,,1,11,,49805,40,4,,1,11,,49859,40,4,,1,12,,49837,40,4,,1,11,,49863,40,4,,1,52,,49850,40,4,,1,12,,49818,40,4,,1,13,,49853,40,4,,1,13,,49794,40,4,,1,13,,49806,40,4,,1,55,,49860,40,4,,1,18,,49865,40,4,,1,17,,49819,40,4,,1,59,,49854,40,4,,1,19,,49807,40,4,,1,19,,49861,40,4,,1,19,,49866,40,4,,1,60,,49820,40,4,,1,20,,49855,40,4,,1,20,,49808,40,4,,1,69,,49867,40,4,,1,29,,49821,40,4,,1,70,,49809,40,4,,1,31,,49868,40,4,,1,72,,49822,40,4,,1,72,,49810,40,4,,1
600000701,'2_merged_67011',557,,49871,33,4,,1,70,,49897,40,4,,1,30,,49884,40,4,,1,70,,49872,40,4,,1,30,,49898,40,4,,1,71,,49885,40,4,,1,31,,49873,40,4,,1,70,,49899,40,4,,1,30,,49886,40,4,,1,65,,49906,40,4,,1,23,,49874,40,4,,1,63,,49900,40,4,,1,25,,49887,40,4,,1,24,,49907,40,4,,1,64,,49875,40,4,,1,24,,49901,40,4,,1,64,,49888,40,4,,1,24,,49908,40,4,,1,24,,49876,40,4,,1,65,,49902,40,4,,1,24,,49889,40,4,,1,64,,49909,40,4,,1,24,,49877,40,4,,1,65,,49903,40,4,,1,24,,49890,40,4,,1,24,,49910,40,4,,1,64,,49878,40,4,,1,25,,49904,40,4,,1,64,,49891,40,4,,1,24,,49911,40,4,,1,24,,49879,40,4,,1,64,,49905,40,4,,1,24,,49892,40,4,,1,69,,49912,40,4,,1,30,,49880,40,4,,1,69,,49893,40,4,,1,30,,49913,40,4,,1,69,,49881,40,4,,1,30,,49894,40,4,,1,70,,49914,40,4,,1,29,,49882,40,4,,1,70,,49895,40,4,,1,30,,49915,40,4,,1,68,,49883,40,4,,1,30,,49896,40,4,,1,70,,49916,40,4,,1
600000701,'3_merged_67010',623,,49927,40,4,,1,30,,49917,40,4,,1,70,,49939,40,4,,1,30,,49928,40,4,,1,70,,49918,40,4,,1,31,,49940,40,4,,1,70,,49929,40,4,,1,30,,49919,40,4,,1,66,,49948,40,4,,1,24,,49941,40,4,,1,63,,49930,40,4,,1,24,,49920,40,4,,1,24,,49949,40,4,,1,64,,49942,40,4,,1,24,,49931,40,4,,1,64,,49921,40,4,,1,24,,49950,40,4,,1,24,,49943,40,4,,1,65,,49932,40,4,,1,24,,49922,40,4,,1,64,,49951,40,4,,1,24,,49944,40,4,,1,25,,49933,40,4,,1,64,,49923,40,4,,1,24,,49952,40,4,,1,64,,49945,40,4,,1,25,,49934,40,4,,1,24,,49924,40,4,,1,64,,49953,40,4,,1,24,,49946,40,4,,1,63,,49935,40,4,,1,23,,49925,40,4,,1,23,,49954,40,4,,1,63,,49947,40,4,,1,22,,49936,40,4,,1,64,,49926,40,4,,1,25,,49955,40,4,,1,83,,49937,40,4,,1,44,,49956,40,4,,1,84,,49938,40,4,,1,85,,49957,40,4,,1
600000701,'6',623,,49968,40,4,,1,30,,49958,40,4,,1,70,,49981,40,4,,1,30,,49969,40,4,,1,70,,49959,40,4,,1,31,,49982,40,4,,1,70,,49970,40,4,,1,30,,49960,40,4,,1,66,,49990,40,4,,1,24,,49983,40,4,,1,63,,49971,40,4,,1,24,,49961,40,4,,1,24,,49991,40,4,,1,64,,49984,40,4,,1,24,,49972,40,4,,1,64,,49962,40,4,,1,24,,49992,40,4,,1,24,,49985,40,4,,1,65,,49973,40,4,,1,24,,49963,40,4,,1,64,,49993,40,4,,1,24,,49986,40,4,,1,25,,49974,40,4,,1,64,,49964,40,4,,1,24,,49994,40,4,,1,64,,49987,40,4,,1,25,,49975,40,4,,1,24,,49965,40,4,,1,64,,49995,40,4,,1,24,,49988,40,4,,1,63,,49976,40,4,,1,23,,49966,40,4,,1,23,,49996,40,4,,1,63,,49989,40,4,,1,22,,49977,40,4,,1,64,,49967,40,4,,1,25,,49997,40,4,,1,83,,49978,40,4,,1,44,,49998,40,4,,1,84,,49979,40,4,,1,85,,49999,40,4,,1,22,,50000,33,4,,1,65,,49980,33,4,,1
