9100,'1_merged_67009',541,,41442,1,,,1,75,,41443,1,,,1,36,,41444,1,,,1,76,,41445,1,,,1,77,,41446,1,,,1,37,,41447,1,,,1,77,,41448,1,,,1,37,,41449,1,,,1,78,,41450,1,,,1,78,,41451,1,,,1,38,,41452,1,,,1,78,,41453,1,,,1,78,,41454,1,,,1,38,,41455,1,,,1,77,,41456,1,,,1,38,,41457,1,,,1,78,,41458,1,,,1,78,,41459,1,,,1,38,,41460,1,,,1,78,,41461,1,,,1,78,,41462,1,,,1,36,,41463,1,,,1
9100,'2_merged_67011',616,,41464,1,,,1,36,,41465,1,,,1,76,,41466,1,,,1,77,,41467,1,,,1,37,,41468,1,,,1,77,,41469,1,,,1,37,,41470,1,,,1,78,,41471,1,,,1,78,,41472,1,,,1,38,,41473,1,,,1,78,,41474,1,,,1,78,,41475,1,,,1,38,,41476,1,,,1,77,,41477,1,,,1,38,,41478,1,,,1,78,,41479,1,,,1,78,,41480,1,,,1,38,,41481,1,,,1,78,,41482,1,,,1,78,,41483,1,,,1,36,,41484,1,,,1
9100,'3_merged_67010',652,,41485,1,,,1,76,,41486,1,,,1,77,,41487,1,,,1,37,,41488,1,,,1,77,,41489,1,,,1,37,,41490,1,,,1,78,,41491,1,,,1,78,,41492,1,,,1,38,,41493,1,,,1,78,,41494,1,,,1,78,,41495,1,,,1,38,,41496,1,,,1,77,,41497,1,,,1,38,,41498,1,,,1,78,,41499,1,,,1,78,,41500,1,,,1,38,,41501,1,,,1,78,,41502,1,,,1,78,,41503,1,,,1,36,,41504,1,,,1
9100,'6',652,,41505,1,,,1,76,,41506,1,,,1,77,,41507,1,,,1,37,,41508,1,,,1,77,,41509,1,,,1,37,,41510,1,,,1,78,,41511,1,,,1,78,,41512,1,,,1,38,,41513,1,,,1,78,,41514,1,,,1,78,,41515,1,,,1,38,,41516,1,,,1,77,,41517,1,,,1,38,,41518,1,,,1,78,,41519,1,,,1,78,,41520,1,,,1,38,,41521,1,,,1,78,,41522,1,,,1,78,,41523,1,,,1,36,,41524,1,,,1
9101,'1_merged_67009',537,,41525,16,4,,1,75,,41526,16,4,,1,36,,41527,16,4,,1,76,,41528,16,4,,1,77,,41529,16,4,,1,37,,41530,16,4,,1,77,,41531,16,4,,1,37,,41532,16,4,,1,78,,41533,16,4,,1,78,,41534,16,4,,1,38,,41535,16,4,,1,78,,41536,16,4,,1,78,,41537,16,4,,1,39,,41538,16,4,,1,78,,41539,16,4,,1,38,,41540,16,4,,1,78,,41541,16,4,,1,78,,41542,16,4,,1,38,,41543,16,4,,1,78,,41544,16,4,,1,78,,41545,16,4,,1,36,,41546,16,4,,1,75,,41547,16,4,,1
9101,'2_merged_67011',611,,41548,16,4,,1,36,,41549,16,4,,1,76,,41550,16,4,,1,77,,41551,16,4,,1,38,,41552,16,4,,1,77,,41553,16,4,,1,37,,41554,16,4,,1,78,,41555,16,4,,1,78,,41556,16,4,,1,38,,41557,16,4,,1,78,,41558,16,4,,1,78,,41559,16,4,,1,39,,41560,16,4,,1,78,,41561,16,4,,1,38,,41562,16,4,,1,78,,41563,16,4,,1,78,,41564,16,4,,1,38,,41565,16,4,,1,78,,41566,16,4,,1,78,,41567,16,4,,1,36,,41568,16,4,,1,75,,41569,16,4,,1
9101,'3_merged_67010',647,,41570,16,4,,1,76,,41571,16,4,,1,77,,41572,16,4,,1,38,,41573,16,4,,1,77,,41574,16,4,,1,37,,41575,16,4,,1,78,,41576,16,4,,1,78,,41577,16,4,,1,38,,41578,16,4,,1,78,,41579,16,4,,1,78,,41580,16,4,,1,39,,41581,16,4,,1,78,,41582,16,4,,1,38,,41583,16,4,,1,78,,41584,16,4,,1,78,,41585,16,4,,1,38,,41586,16,4,,1,78,,41587,16,4,,1,78,,41588,16,4,,1,36,,41589,16,4,,1,75,,41590,16,4,,1
9101,'6',647,,41591,16,4,,1,76,,41592,16,4,,1,77,,41593,16,4,,1,38,,41594,16,4,,1,77,,41595,16,4,,1,37,,41596,16,4,,1,78,,41597,16,4,,1,78,,41598,16,4,,1,38,,41599,16,4,,1,78,,41600,16,4,,1,78,,41601,16,4,,1,39,,41602,16,4,,1,78,,41603,16,4,,1,38,,41604,16,4,,1,78,,41605,16,4,,1,78,,41606,16,4,,1,38,,41607,16,4,,1,78,,41608,16,4,,1,78,,41609,16,4,,1,36,,41610,16,4,,1,75,,41611,16,4,,1
2222201,'1_merged_67009',506,,44757,19,,,1,14,,44832,19,,,1,15,,44867,30,,,1,15,,44748,48,,,1,55,,44684,48,,,1,12,,44862,48,,,1,12,,44874,48,,,1,11,,44677,48,,,1,12,,44689,48,,,1,51,,44683,48,,,1,10,,44693,48,,,1,8,,44701,48,,,1,8,,44667,48,,,1,7,,44833,48,,,1,8,,44679,48,,,1,8,,44673,48,,,1,48,,44746,48,,,1,8,,44752,48,,,1,8,,44767,48,,,1,8,,44777,48,,,1,8,,44700,48,,,1,8,,44860,48,,,1,7,,44710,48,,,1,8,,44717,48,,,1,48,,44709,48,,,1,8,,44875,48,,,1,9,,44662,48,,,1,10,,44690,48,,,1,10,,44774,48,,,1,10,,44779,48,,,1,51,,44773,48,,,1,10,,44719,48,,,1,12,,44733,48,,,1,12,,44869,48,,,1,12,,44747,48,,,1,12,,44703,48,,,1,52,,44708,48,,,1,12,,44864,48,,,1,12,,44725,48,,,1,12,,44739,48,,,1,12,,44763,48,,,1,52,,44686,48,,,1,13,,44696,48,,,1,12,,44781,48,,,1,12,,44669,48,,,1,52,,44681,48,,,1,12,,44675,48,,,1,12,,44759,48,,,1,12,,44770,48,,,1,12,,44879,48,,,1,52,,44713,48,,,1,13,,44853,48,,,1,13,,44877,48,,,1,12,,44664,48,,,1,12,,44692,48,,,1,52,,44776,48,,,1,12,,44790,48,,,1,12,,44721,48,,,1,7,,44801,30,,,1,5,,44670,48,,,1,6,,44796,30,,,1,5,,44682,48,,,1,5,,44815,30,,,1,4,,44819,30,,,1,44,,44676,48,,,1,4,,44873,30,,,1,4,,44829,30,,,1,4,,44760,48,,,1,4,,44830,30,,,1,4,,44836,30,,,1,4,,44771,48,,,1,4,,44839,30,,,1,4,,44840,30,,,1,4,,44671,48,,,1,4,,44844,30,,,1,4,,44851,30,,,1,4,,44785,48,,,1,4,,44857,30,,,1,4,,44845,30,,,1,44,,44728,48,,,1,4,,44825,30,,,1,4,,44852,30,,,1,4,,44715,48,,,1,4,,44854,30,,,1,4,,44826,30,,,1,4,,44788,48,,,1,3,,44834,30,,,1,4,,44764,30,,,1,3,,44688,48,,,1,4,,44827,30,,,1,4,,44800,30,,,1,4,,44698,48,,,1,4,,44849,30,,,1,4,,44809,30,,,1,45,,44817,48,,,1,5,,44762,30,,,1,5,,44818,48,,,1,5,,44753,30,,,1,5,,44835,48,,,1,11,,44797,48,,,1,11,,44751,48,,,1,12,,44820,48,,,1,52,,44772,48,,,1,12,,44837,48,,,1,13,,44743,48,,,1,13,,44768,48,,,1,14,,44789,48,,,1,55,,44828,48,,,1,15,,44810,48,,,1,16,,44754,48,,,1,59,,44799,48,,,1,20,,44821,48,,,1,22,,44838,48,,,1,62,,44744,48,,,1,22,,44791,48,,,1,22,,44811,48,,,1,69,,44755,48,,,1,30,,44822,48,,,1,70,,44795,48,,,1,26,,44824,48,,,1,69,,44807,48,,,1,28,,44848,48,,,1
2222201,'2_merged_67011',544,,44920,19,,,1,67,,44903,37,,,1,27,,44889,48,,,1,67,,44929,48,,,1,28,,44948,48,,,1,26,,44921,48,,,1,70,,44904,48,,,1,30,,44890,48,,,1,70,,44930,48,,,1,29,,44949,48,,,1,67,,44922,48,,,1,25,,44956,48,,,1,63,,44905,48,,,1,23,,44891,48,,,1,64,,44931,48,,,1,22,,44964,48,,,1,21,,44950,48,,,1,60,,44923,48,,,1,20,,44957,48,,,1,21,,44973,48,,,1,60,,44906,48,,,1,20,,44892,48,,,1,22,,44932,48,,,1,61,,44965,48,,,1,20,,44951,48,,,1,21,,44924,48,,,1,61,,44958,48,,,1,20,,44974,48,,,1,20,,44907,48,,,1,61,,44893,48,,,1,21,,44933,48,,,1,20,,44966,48,,,1,61,,44952,48,,,1,21,,44925,48,,,1,20,,44959,48,,,1,64,,44975,48,,,1,29,,44917,48,,,1,72,,44945,48,,,1,32,,44953,48,,,1,72,,44900,48,,,1,29,,44909,48,,,1,71,,44971,48,,,1,31,,44887,48,,,1,68,,44927,48,,,1,28,,44977,48,,,1,70,,44919,48,,,1,26,,44947,48,,,1,69,,44955,48,,,1,28,,44902,48,,,1
2222201,'3_merged_67010',606,,44979,30,,,1,27,,45021,30,,,1,67,,45042,37,,,1,27,,45016,48,,,1,27,,44987,48,,,1,70,,44980,48,,,1,30,,45022,48,,,1,70,,45043,48,,,1,29,,45017,48,,,1,68,,44988,48,,,1,24,,45050,48,,,1,63,,44981,48,,,1,22,,45023,48,,,1,25,,45044,48,,,1,63,,45062,48,,,1,24,,45018,48,,,1,63,,44989,48,,,1,24,,45051,48,,,1,25,,44982,48,,,1,64,,45024,48,,,1,24,,45045,48,,,1,64,,45063,48,,,1,25,,45019,48,,,1,23,,44990,48,,,1,64,,45052,48,,,1,24,,44983,48,,,1,64,,45025,48,,,1,24,,45046,48,,,1,24,,45064,48,,,1,64,,45020,48,,,1,24,,44991,48,,,1,71,,45053,48,,,1,31,,45031,48,,,1,72,,45047,48,,,1,32,,45060,48,,,1,71,,45040,48,,,1,29,,44985,48,,,1,70,,45014,48,,,1,31,,45001,48,,,1,69,,44993,48,,,1,28,,45055,48,,,1,67,,45033,48,,,1,29,,45049,48,,,1
2222201,'6',606,,45065,30,,,1,27,,45107,30,,,1,67,,45128,37,,,1,27,,45102,48,,,1,27,,45073,48,,,1,70,,45066,48,,,1,30,,45108,48,,,1,70,,45129,48,,,1,29,,45103,48,,,1,68,,45074,48,,,1,24,,45136,48,,,1,63,,45067,48,,,1,22,,45109,48,,,1,25,,45130,48,,,1,63,,45149,48,,,1,24,,45104,48,,,1,63,,45075,48,,,1,24,,45137,48,,,1,25,,45068,48,,,1,64,,45110,48,,,1,24,,45131,48,,,1,64,,45150,48,,,1,25,,45105,48,,,1,23,,45076,48,,,1,64,,45138,48,,,1,24,,45069,48,,,1,64,,45111,48,,,1,24,,45132,48,,,1,24,,45151,48,,,1,64,,45106,48,,,1,24,,45077,48,,,1,71,,45139,48,,,1,31,,45117,48,,,1,71,,45133,48,,,1,32,,45146,48,,,1,71,,45126,48,,,1,30,,45071,48,,,1,70,,45100,48,,,1,31,,45087,48,,,1,69,,45079,48,,,1,28,,45141,48,,,1,67,,45119,48,,,1,29,,45135,48,,,1,65,,45148,26,,,1
