7401,'1_merged_67009',550,,41316,21,4,,1,63,,41323,37,4,,1,24,,41311,70,4,,1,65,,41331,70,4,,1,25,,41338,70,4,,1,27,,41345,70,4,,1,66,,41330,70,4,,1,26,,41317,70,4,,1,66,,41324,70,4,,1,24,,41312,70,4,,1,66,,41332,70,4,,1,26,,41339,70,4,,1,25,,41346,70,4,,1,65,,41349,70,4,,1,25,,41318,70,4,,1,65,,41325,70,4,,1,26,,41313,70,4,,1,25,,41333,70,4,,1,66,,41340,70,4,,1,26,,41347,70,4,,1,66,,41350,70,4,,1,26,,41319,70,4,,1,66,,41326,70,4,,1,27,,41314,70,4,,1,69,,41334,70,4,,1,29,,41341,70,4,,1,69,,41348,70,4,,1,28,,41351,70,4,,1,27,,41320,70,4,,1,64,,41327,70,4,,1,25,,41315,70,4,,1,65,,41335,70,4,,1,25,,41342,70,4,,1,65,,41353,70,4,,1,23,,41352,70,4,,1,24,,41321,70,4,,1,63,,41328,70,4,,1,24,,41309,70,4,,1,65,,41336,70,4,,1,32,,41343,70,4,,1,72,,41354,70,4,,1,33,,41322,70,4,,1
7401,'2_merged_67011',552,,41370,21,4,,1,72,,41385,37,4,,1,32,,41378,70,4,,1,72,,41363,70,4,,1,72,,41356,70,4,,1,33,,41371,70,4,,1,73,,41386,70,4,,1,33,,41379,70,4,,1,72,,41364,70,4,,1,33,,41357,70,4,,1,73,,41372,70,4,,1,34,,41387,70,4,,1,75,,41380,70,4,,1,75,,41365,70,4,,1,34,,41358,70,4,,1,75,,41373,70,4,,1,35,,41388,70,4,,1,75,,41381,70,4,,1,35,,41366,70,4,,1,74,,41359,70,4,,1,75,,41374,70,4,,1,35,,41389,70,4,,1,74,,41382,70,4,,1,35,,41367,70,4,,1,72,,41360,70,4,,1,33,,41375,70,4,,1,71,,41390,70,4,,1,33,,41383,70,4,,1,72,,41368,70,4,,1,71,,41361,70,4,,1,32,,41376,70,4,,1,72,,41391,70,4,,1,33,,41384,70,4,,1
7401,'3_merged_67010',809,,41392,70,4,,1,41,,41405,70,4,,1,82,,41399,70,4,,1,81,,41411,70,4,,1,42,,41393,70,4,,1,82,,41406,70,4,,1,83,,41400,70,4,,1,85,,41412,70,4,,1,44,,41394,70,4,,1,84,,41407,70,4,,1,83,,41401,70,4,,1,84,,41413,70,4,,1,44,,41395,70,4,,1,84,,41408,70,4,,1,83,,41402,70,4,,1,42,,41414,70,4,,1,82,,41396,70,4,,1,80,,41409,70,4,,1,41,,41403,70,4,,1,80,,41415,70,4,,1,80,,41397,70,4,,1,40,,41410,70,4,,1,80,,41404,70,4,,1
7401,'6',809,,41417,70,4,,1,41,,41430,70,4,,1,82,,41424,70,4,,1,81,,41436,70,4,,1,42,,41418,70,4,,1,82,,41431,70,4,,1,83,,41425,70,4,,1,85,,41437,70,4,,1,44,,41419,70,4,,1,84,,41432,70,4,,1,83,,41426,70,4,,1,84,,41438,70,4,,1,44,,41420,70,4,,1,84,,41433,70,4,,1,83,,41427,70,4,,1,42,,41439,70,4,,1,82,,41421,70,4,,1,80,,41434,70,4,,1,41,,41428,70,4,,1,80,,41440,70,4,,1,80,,41422,70,4,,1,40,,41435,70,4,,1,80,,41429,70,4,,1
66200,'1_merged_67009',555,,43028,43,4,,1,68,,43037,43,4,,1,29,,43040,43,4,,1,68,,43029,43,4,,1,29,,43038,43,4,,1,70,,43041,43,4,,1,29,,43030,43,4,,1,69,,43039,43,4,,1,29,,43015,43,4,,1,68,,43031,43,4,,1,28,,43022,43,4,,1,67,,43016,43,4,,1,27,,43032,43,4,,1,67,,43023,43,4,,1,27,,43017,43,4,,1,27,,43033,43,4,,1,68,,43024,43,4,,1,27,,43018,43,4,,1,68,,43034,43,4,,1,30,,43025,43,4,,1,69,,43019,43,4,,1,30,,43035,43,4,,1,70,,43026,43,4,,1,30,,43020,43,4,,1,70,,43036,43,4,,1,30,,43027,43,4,,1,68,,43021,43,4,,1,28,,43014,43,4,,1
67100,'1_merged_67009',601,,43116,34,4,,1,31,,43129,34,4,,1,74,,43117,34,4,,1,33,,43130,34,4,,1,75,,43118,34,4,,1,35,,43131,34,4,,1,73,,43119,34,4,,1,34,,43132,34,4,,1,72,,43120,34,4,,1,73,,43133,34,4,,1,32,,43121,34,4,,1,73,,43134,34,4,,1,32,,43122,34,4,,1,73,,43135,34,4,,1,32,,43123,34,4,,1,74,,43136,34,4,,1,34,,43124,34,4,,1,76,,43137,34,4,,1,75,,43125,34,4,,1,36,,43138,34,4,,1,75,,43126,34,4,,1,36,,43139,34,4,,1,74,,43127,34,4,,1,32,,43140,34,4,,1,71,,43128,34,4,,1,31,,43141,34,4,,1,100,,43142,34,4,,1,100,,43143,34,4,,1
67100,'2_merged_67011',716,,43144,34,4,,1,101,,43145,34,4,,1,102,,43146,34,4,,1,103,,43147,34,4,,1,104,,43148,34,4,,1,104,,43149,34,4,,1,104,,43150,34,4,,1,104,,43151,34,4,,1,104,,43152,34,4,,1,104,,43153,34,4,,1,104,,43154,34,4,,1,104,,43155,34,4,,1
67100,'3_merged_67010',817,,43156,34,4,,1,102,,43157,34,4,,1,103,,43158,34,4,,1,104,,43159,34,4,,1,104,,43160,34,4,,1,104,,43161,34,4,,1,104,,43162,34,4,,1,104,,43163,34,4,,1,104,,43164,34,4,,1,104,,43165,34,4,,1,104,,43166,34,4,,1
67100,'6',817,,43167,34,4,,1,102,,43168,34,4,,1,103,,43169,34,4,,1,104,,43170,34,4,,1,104,,43171,34,4,,1,104,,43172,34,4,,1,104,,43173,34,4,,1,104,,43174,34,4,,1,104,,43175,34,4,,1,104,,43176,34,4,,1,104,,43177,34,4,,1
67200,'1_merged_67009',617,,43241,33,4,,1,31,,43254,33,4,,1,75,,43242,33,4,,1,34,,43255,33,4,,1,75,,43243,33,4,,1,74,,43256,33,4,,1,33,,43244,33,4,,1,73,,43257,33,4,,1,33,,43245,33,4,,1,72,,43258,33,4,,1,33,,43246,33,4,,1,72,,43259,33,4,,1,32,,43247,33,4,,1,73,,43260,33,4,,1,73,,43248,33,4,,1,34,,43261,33,4,,1,75,,43249,33,4,,1,36,,43262,33,4,,1,75,,43250,33,4,,1,36,,43263,33,4,,1,75,,43251,33,4,,1,75,,43264,33,4,,1,33,,43252,33,4,,1,71,,43265,33,4,,1,35,,43253,33,4,,1,82,,43239,33,4,,1,100,,43240,33,4,,1
67200,'2_merged_67011',647,,43266,33,4,,1,101,,43267,33,4,,1,99,,43268,33,4,,1,103,,43269,33,4,,1,104,,43270,33,4,,1,104,,43271,33,4,,1,144,,43272,33,4,,1,104,,43273,33,4,,1,104,,43274,33,4,,1,104,,43275,33,4,,1,104,,43276,33,4,,1,104,,43277,33,4,,1
67200,'3_merged_67010',748,,43278,33,4,,1,99,,43279,33,4,,1,103,,43280,33,4,,1,104,,43281,33,4,,1,104,,43282,33,4,,1,144,,43283,33,4,,1,104,,43284,33,4,,1,104,,43285,33,4,,1,104,,43286,33,4,,1,104,,43287,33,4,,1,104,,43288,33,4,,1
67200,'6',748,,43289,33,4,,1,99,,43290,33,4,,1,103,,43291,33,4,,1,104,,43292,33,4,,1,104,,43293,33,4,,1,144,,43294,33,4,,1,104,,43295,33,4,,1,104,,43296,33,4,,1,104,,43297,33,4,,1,104,,43298,33,4,,1,104,,43299,33,4,,1
67901,'1_merged_67009',625,,43766,19,4,,1,27,,43770,19,4,,1,68,,43767,19,4,,1,30,,43771,19,4,,1,70,,43768,19,4,,1,30,,43772,19,4,,1,70,,43769,19,4,,1,28,,43765,19,4,,1,509,,43777,19,4,,1,70,,43773,19,4,,1,30,,43778,19,4,,1,70,,43774,19,4,,1,30,,43779,19,4,,1,70,,43775,19,4,,1,30,,43780,19,4,,1,68,,43776,19,4,,1,27,,43781,19,4,,1
88901,'1_merged_67009',600,,44093,24,4,,1,38,,44096,24,4,,1,79,,44094,24,4,,1,40,,44097,24,4,,1,81,,44095,24,4,,1,81,,44098,24,4,,1,626,,44099,24,4,,1,81,,44091,24,4,,1,82,,44100,24,4,,1,41,,44092,24,4,,1,80,,44101,24,4,,1
2222201,'1_merged_67009',507,,44699,13,4,,1,15,,44712,13,4,,1,15,,44803,31,4,,1,16,,44855,42,4,,1,52,,44859,42,4,,1,12,,44858,42,4,,1,11,,44707,42,4,,1,11,,44878,42,4,,1,11,,44714,42,4,,1,50,,44685,42,4,,1,9,,44723,42,4,,1,8,,44766,42,4,,1,8,,44805,42,4,,1,7,,44718,42,4,,1,8,,44732,42,4,,1,8,,44678,42,4,,1,8,,44868,42,4,,1,48,,44856,42,4,,1,8,,44831,42,4,,1,8,,44702,42,4,,1,8,,44726,42,4,,1,8,,44694,42,4,,1,8,,44861,42,4,,1,8,,44863,42,4,,1,48,,44722,42,4,,1,8,,44738,42,4,,1,10,,44761,42,4,,1,10,,44778,42,4,,1,10,,44724,42,4,,1,11,,44695,42,4,,1,10,,44780,42,4,,1,51,,44668,42,4,,1,12,,44680,42,4,,1,12,,44674,42,4,,1,12,,44758,42,4,,1,12,,44769,42,4,,1,52,,44870,42,4,,1,12,,44711,42,4,,1,12,,44850,42,4,,1,12,,44876,42,4,,1,12,,44663,42,4,,1,52,,44691,42,4,,1,12,,44775,42,4,,1,12,,44783,42,4,,1,12,,44720,42,4,,1,12,,44734,42,4,,1,52,,44871,42,4,,1,12,,44749,42,4,,1,12,,44704,42,4,,1,12,,44716,42,4,,1,13,,44865,42,4,,1,52,,44727,42,4,,1,13,,44741,42,4,,1,12,,44765,42,4,,1,12,,44687,42,4,,1,52,,44697,42,4,,1,12,,44782,42,4,,1,12,,44786,42,4,,1,11,,44735,42,4,,1,13,,44872,42,4,,1,52,,44750,42,4,,1,12,,44705,42,4,,1,12,,44731,42,4,,1,12,,44866,42,4,,1,12,,44813,42,4,,1,52,,44742,42,4,,1,12,,44787,42,4,,1,11,,44665,42,4,,1,11,,44792,42,4,,1,12,,44784,42,4,,1,12,,44798,42,4,,1,51,,44736,42,4,,1,12,,44672,42,4,,1,10,,44802,42,4,,1,12,,44706,42,4,,1,12,,44740,42,4,,1,52,,44841,42,4,,1,12,,44814,42,4,,1,13,,44729,42,4,,1,14,,44666,42,4,,1,54,,44793,42,4,,1,15,,44808,42,4,,1,16,,44737,42,4,,1,17,,44804,42,4,,1,60,,44846,42,4,,1,21,,44842,42,4,,1,21,,44730,42,4,,1,62,,44794,42,4,,1,22,,44816,42,4,,1,66,,44806,42,4,,1,30,,44847,42,4,,1,70,,44843,42,4,,1,28,,44745,42,4,,1,27,,44812,42,4,,1,69,,44756,42,4,,1,29,,44823,42,4,,1
2222201,'2_merged_67011',536,,44911,13,4,,1,23,,44939,13,4,,1,60,,44880,42,4,,1,28,,44894,42,4,,1,68,,44934,42,4,,1,27,,44912,42,4,,1,67,,44940,42,4,,1,30,,44881,42,4,,1,70,,44895,42,4,,1,30,,44935,42,4,,1,67,,44913,42,4,,1,26,,44941,42,4,,1,23,,44882,42,4,,1,63,,44960,42,4,,1,25,,44896,42,4,,1,62,,44936,42,4,,1,22,,44914,42,4,,1,20,,44967,42,4,,1,60,,44942,42,4,,1,20,,44883,42,4,,1,20,,44961,42,4,,1,60,,44897,42,4,,1,21,,44937,42,4,,1,22,,44915,42,4,,1,60,,44968,42,4,,1,20,,44943,42,4,,1,21,,44884,42,4,,1,60,,44962,42,4,,1,20,,44898,42,4,,1,20,,44938,42,4,,1,62,,44916,42,4,,1,20,,44969,42,4,,1,21,,44944,42,4,,1,61,,44885,42,4,,1,20,,44963,42,4,,1,22,,44899,42,4,,1,68,,44908,42,4,,1,31,,44970,42,4,,1,72,,44886,42,4,,1,72,,44926,42,4,,1,31,,44976,42,4,,1,69,,44918,42,4,,1,31,,44946,42,4,,1,70,,44954,42,4,,1,30,,44901,42,4,,1,69,,44910,42,4,,1,29,,44972,42,4,,1,26,,44888,42,4,,1,69,,44928,42,4,,1,29,,44978,42,4,,1
2222201,'3_merged_67010',559,,45007,13,4,,1,56,,44994,24,4,,1,27,,45034,24,4,,1,67,,45002,42,4,,1,27,,45026,42,4,,1,68,,45008,42,4,,1,30,,44995,42,4,,1,70,,45035,42,4,,1,30,,45003,42,4,,1,68,,45027,42,4,,1,25,,45009,42,4,,1,23,,44996,42,4,,1,63,,45056,42,4,,1,24,,45036,42,4,,1,63,,45004,42,4,,1,24,,45028,42,4,,1,24,,45010,42,4,,1,63,,44997,42,4,,1,24,,45057,42,4,,1,24,,45037,42,4,,1,64,,45005,42,4,,1,24,,45029,42,4,,1,64,,45011,42,4,,1,23,,44998,42,4,,1,24,,45058,42,4,,1,64,,45038,42,4,,1,24,,45006,42,4,,1,64,,45030,42,4,,1,24,,45012,42,4,,1,24,,44999,42,4,,1,64,,45059,42,4,,1,28,,45039,42,4,,1,72,,44984,42,4,,1,32,,45013,42,4,,1,72,,45000,42,4,,1,32,,44992,42,4,,1,70,,45054,42,4,,1,29,,45032,42,4,,1,70,,45048,42,4,,1,31,,45061,42,4,,1,70,,45041,42,4,,1,27,,44986,42,4,,1,69,,45015,42,4,,1
2222201,'6',559,,45093,13,4,,1,56,,45080,24,4,,1,27,,45120,24,4,,1,67,,45088,42,4,,1,27,,45112,42,4,,1,68,,45094,42,4,,1,30,,45081,42,4,,1,70,,45121,42,4,,1,30,,45089,42,4,,1,68,,45113,42,4,,1,25,,45095,42,4,,1,23,,45082,42,4,,1,63,,45142,42,4,,1,24,,45122,42,4,,1,63,,45090,42,4,,1,24,,45114,42,4,,1,24,,45096,42,4,,1,63,,45083,42,4,,1,24,,45143,42,4,,1,24,,45123,42,4,,1,64,,45091,42,4,,1,24,,45115,42,4,,1,64,,45097,42,4,,1,23,,45084,42,4,,1,24,,45144,42,4,,1,64,,45124,42,4,,1,24,,45092,42,4,,1,64,,45116,42,4,,1,24,,45098,42,4,,1,24,,45085,42,4,,1,64,,45145,42,4,,1,28,,45125,42,4,,1,72,,45070,42,4,,1,32,,45099,42,4,,1,70,,45086,42,4,,1,33,,45078,42,4,,1,70,,45140,42,4,,1,30,,45118,42,4,,1,70,,45134,42,4,,1,31,,45147,42,4,,1,70,,45127,42,4,,1,27,,45072,42,4,,1,69,,45101,42,4,,1
600000801,'1_merged_67009',550,,50318,38,4,,1,53,,50401,58,4,,1,12,,50406,58,4,,1,12,,50411,58,4,,1,12,,50333,58,4,,1,13,,50328,58,4,,1,50,,50340,58,4,,1,9,,50307,58,4,,1,9,,50347,58,4,,1,7,,50314,58,4,,1,7,,50353,58,4,,1,7,,50324,58,4,,1,7,,50363,58,4,,1,7,,50348,58,4,,1,46,,50339,58,4,,1,6,,50403,58,4,,1,6,,50319,58,4,,1,7,,50408,58,4,,1,7,,50364,58,4,,1,6,,50402,58,4,,1,6,,50341,58,4,,1,6,,50407,58,4,,1,6,,50368,58,4,,1,6,,50412,58,4,,1,46,,50354,58,4,,1,7,,50355,58,4,,1,6,,50334,58,4,,1,7,,50335,58,4,,1,7,,50329,58,4,,1,8,,50306,58,4,,1,11,,50308,58,4,,1,53,,50315,58,4,,1,14,,50325,58,4,,1,14,,50349,58,4,,1,14,,50320,58,4,,1,14,,50365,58,4,,1,54,,50342,58,4,,1,14,,50369,58,4,,1,14,,50356,58,4,,1,14,,50336,58,4,,1,54,,50330,58,4,,1,13,,50309,58,4,,1,13,,50316,58,4,,1,13,,50326,58,4,,1,54,,50350,58,4,,1,14,,50321,58,4,,1,14,,50366,58,4,,1,14,,50343,58,4,,1,14,,50370,58,4,,1,54,,50357,58,4,,1,14,,50337,58,4,,1,15,,50331,58,4,,1,13,,50310,58,4,,1,55,,50317,58,4,,1,14,,50327,58,4,,1,14,,50351,58,4,,1,9,,50380,38,4,,1,7,,50322,58,4,,1,7,,50382,38,4,,1,47,,50367,58,4,,1,8,,50384,38,4,,1,7,,50344,58,4,,1,7,,50393,38,4,,1,7,,50371,58,4,,1,6,,50394,38,4,,1,7,,50312,58,4,,1,6,,50395,38,4,,1,46,,50358,58,4,,1,6,,50397,38,4,,1,6,,50399,58,4,,1,6,,50338,38,4,,1,6,,50332,58,4,,1,6,,50404,38,4,,1,7,,50311,58,4,,1,6,,50376,38,4,,1,6,,50381,58,4,,1,6,,50413,38,4,,1,45,,50410,58,4,,1,5,,50396,38,4,,1,5,,50385,58,4,,1,6,,50398,38,4,,1,5,,50352,58,4,,1,7,,50389,38,4,,1,8,,50323,58,4,,1,7,,50383,58,4,,1,7,,50409,38,4,,1,8,,50345,58,4,,1,51,,50372,58,4,,1,12,,50313,58,4,,1,11,,50359,58,4,,1,11,,50400,58,4,,1,13,,50405,58,4,,1,55,,50377,58,4,,1,19,,50386,58,4,,1,20,,50390,58,4,,1,60,,50346,58,4,,1,20,,50373,58,4,,1,24,,50360,58,4,,1,65,,50378,58,4,,1,25,,50387,58,4,,1,65,,50391,58,4,,1,24,,50374,58,4,,1,25,,50361,58,4,,1,65,,50379,58,4,,1,25,,50388,58,4,,1,66,,50392,58,4,,1,24,,50375,58,4,,1,65,,50362,58,4,,1
600000801,'2_merged_67011',614,,50432,38,4,,1,26,,50423,58,4,,1,66,,50441,58,4,,1,26,,50414,58,4,,1,27,,50450,58,4,,1,66,,50433,58,4,,1,27,,50424,58,4,,1,67,,50442,58,4,,1,15,,50458,38,4,,1,14,,50415,58,4,,1,55,,50471,38,4,,1,13,,50451,58,4,,1,14,,50478,38,4,,1,14,,50434,58,4,,1,15,,50465,38,4,,1,54,,50425,58,4,,1,15,,50459,38,4,,1,15,,50443,58,4,,1,15,,50472,38,4,,1,54,,50416,58,4,,1,15,,50479,38,4,,1,15,,50452,58,4,,1,15,,50466,38,4,,1,55,,50435,58,4,,1,15,,50460,38,4,,1,14,,50426,58,4,,1,15,,50473,38,4,,1,55,,50444,58,4,,1,14,,50480,38,4,,1,15,,50417,58,4,,1,15,,50467,38,4,,1,55,,50453,58,4,,1,15,,50461,38,4,,1,15,,50436,58,4,,1,15,,50474,38,4,,1,54,,50427,58,4,,1,15,,50481,38,4,,1,15,,50445,58,4,,1,15,,50468,38,4,,1,54,,50418,58,4,,1,15,,50462,38,4,,1,15,,50454,58,4,,1,15,,50475,38,4,,1,55,,50437,58,4,,1,15,,50482,38,4,,1,14,,50428,58,4,,1,15,,50469,38,4,,1,53,,50446,58,4,,1,14,,50463,38,4,,1,13,,50419,58,4,,1,14,,50476,38,4,,1,54,,50455,58,4,,1,14,,50483,38,4,,1,14,,50438,58,4,,1,14,,50470,38,4,,1,14,,50429,58,4,,1,53,,50464,38,4,,1,13,,50447,58,4,,1,14,,50477,38,4,,1,13,,50420,58,4,,1,66,,50456,58,4,,1,26,,50439,58,4,,1,66,,50430,58,4,,1,27,,50448,58,4,,1,66,,50421,58,4,,1,25,,50457,58,4,,1,26,,50440,58,4,,1,65,,50431,58,4,,1,25,,50449,58,4,,1,65,,50422,58,4,,1
600000801,'3_merged_67010',638,,50500,38,4,,1,66,,50492,58,4,,1,27,,50508,58,4,,1,26,,50484,58,4,,1,68,,50516,58,4,,1,25,,50501,58,4,,1,54,,50524,38,4,,1,14,,50493,58,4,,1,14,,50531,38,4,,1,14,,50509,58,4,,1,55,,50538,38,4,,1,14,,50485,58,4,,1,14,,50545,38,4,,1,14,,50517,58,4,,1,14,,50525,38,4,,1,54,,50502,58,4,,1,15,,50532,38,4,,1,15,,50494,58,4,,1,15,,50539,38,4,,1,55,,50510,58,4,,1,15,,50546,38,4,,1,15,,50486,58,4,,1,15,,50526,38,4,,1,55,,50518,58,4,,1,15,,50533,38,4,,1,14,,50503,58,4,,1,15,,50540,38,4,,1,54,,50495,58,4,,1,15,,50547,38,4,,1,15,,50511,58,4,,1,15,,50527,38,4,,1,55,,50487,58,4,,1,15,,50534,38,4,,1,15,,50519,58,4,,1,15,,50541,38,4,,1,54,,50504,58,4,,1,15,,50548,38,4,,1,14,,50496,58,4,,1,15,,50528,38,4,,1,55,,50512,58,4,,1,15,,50535,38,4,,1,15,,50488,58,4,,1,15,,50542,38,4,,1,55,,50520,58,4,,1,14,,50549,38,4,,1,15,,50505,58,4,,1,14,,50529,38,4,,1,54,,50497,58,4,,1,14,,50536,38,4,,1,13,,50513,58,4,,1,14,,50543,38,4,,1,14,,50489,58,4,,1,54,,50550,38,4,,1,14,,50521,58,4,,1,14,,50530,38,4,,1,14,,50506,58,4,,1,53,,50537,38,4,,1,14,,50498,58,4,,1,13,,50544,38,4,,1,13,,50514,58,4,,1,66,,50490,58,4,,1,27,,50522,58,4,,1,67,,50507,58,4,,1,27,,50499,58,4,,1,65,,50515,58,4,,1,24,,50491,58,4,,1,27,,50523,58,4,,1
600000801,'6',638,,50551,38,4,,1,66,,50574,58,4,,1,27,,50582,58,4,,1,26,,50566,58,4,,1,68,,50559,58,4,,1,25,,50552,58,4,,1,54,,50590,38,4,,1,14,,50575,58,4,,1,14,,50597,38,4,,1,14,,50583,58,4,,1,55,,50604,38,4,,1,14,,50567,58,4,,1,14,,50611,38,4,,1,14,,50560,58,4,,1,14,,50591,38,4,,1,54,,50553,58,4,,1,15,,50598,38,4,,1,15,,50576,58,4,,1,15,,50605,38,4,,1,55,,50584,58,4,,1,15,,50612,38,4,,1,15,,50568,58,4,,1,15,,50592,38,4,,1,55,,50561,58,4,,1,15,,50599,38,4,,1,14,,50554,58,4,,1,15,,50606,38,4,,1,54,,50577,58,4,,1,15,,50613,38,4,,1,15,,50585,58,4,,1,15,,50593,38,4,,1,55,,50569,58,4,,1,15,,50600,38,4,,1,15,,50562,58,4,,1,15,,50607,38,4,,1,54,,50555,58,4,,1,15,,50614,38,4,,1,14,,50578,58,4,,1,15,,50594,38,4,,1,55,,50586,58,4,,1,15,,50601,38,4,,1,15,,50570,58,4,,1,15,,50608,38,4,,1,55,,50563,58,4,,1,14,,50615,38,4,,1,15,,50556,58,4,,1,14,,50595,38,4,,1,54,,50579,58,4,,1,14,,50602,38,4,,1,13,,50587,58,4,,1,14,,50609,38,4,,1,14,,50571,58,4,,1,54,,50616,38,4,,1,14,,50564,58,4,,1,14,,50596,38,4,,1,14,,50557,58,4,,1,53,,50603,38,4,,1,14,,50580,58,4,,1,13,,50610,38,4,,1,13,,50588,58,4,,1,66,,50572,58,4,,1,27,,50565,58,4,,1,67,,50558,58,4,,1,27,,50581,58,4,,1,65,,50589,58,4,,1,24,,50618,58,4,,1,27,,50573,58,4,,1,65,,50617,32,4,,1
600000901,'1_merged_67009',557,,50824,31,4,,1,55,,50841,31,4,,1,15,,50882,31,4,,1,14,,50858,31,4,,1,14,,50830,31,4,,1,53,,50844,31,4,,1,12,,50851,31,4,,1,11,,50860,31,4,,1,10,,50825,31,4,,1,10,,50842,31,4,,1,51,,50862,31,4,,1,10,,50883,31,4,,1,10,,50864,31,4,,1,10,,50859,31,4,,1,10,,50831,31,4,,1,10,,50869,31,4,,1,50,,50845,31,4,,1,10,,50852,31,4,,1,10,,50861,31,4,,1,10,,50826,31,4,,1,9,,50843,31,4,,1,10,,50863,31,4,,1,51,,50865,31,4,,1,12,,50817,31,4,,1,13,,50832,31,4,,1,14,,50846,31,4,,1,14,,50853,31,4,,1,55,,50827,31,4,,1,15,,50809,31,4,,1,14,,50866,31,4,,1,14,,50818,31,4,,1,55,,50833,31,4,,1,14,,50847,31,4,,1,15,,50854,31,4,,1,14,,50828,31,4,,1,55,,50810,31,4,,1,14,,50867,31,4,,1,14,,50819,31,4,,1,14,,50834,31,4,,1,55,,50848,31,4,,1,15,,50855,31,4,,1,15,,50829,31,4,,1,15,,50811,31,4,,1,56,,50868,31,4,,1,15,,50820,31,4,,1,15,,50835,31,4,,1,14,,50849,31,4,,1,52,,50879,31,4,,1,11,,50807,31,4,,1,10,,50856,31,4,,1,10,,50870,31,4,,1,10,,50812,31,4,,1,10,,50876,31,4,,1,50,,50881,31,4,,1,11,,50821,31,4,,1,10,,50878,31,4,,1,10,,50836,31,4,,1,10,,50850,31,4,,1,10,,50880,31,4,,1,50,,50808,31,4,,1,10,,50857,31,4,,1,10,,50871,31,4,,1,11,,50813,31,4,,1,13,,50877,31,4,,1,13,,50822,31,4,,1,59,,50837,31,4,,1,18,,50884,31,4,,1,20,,50872,31,4,,1,60,,50814,31,4,,1,19,,50823,31,4,,1,21,,50838,31,4,,1,68,,50873,31,4,,1,29,,50815,31,4,,1,69,,50839,31,4,,1,28,,50874,31,4,,1,68,,50816,31,4,,1,28,,50840,31,4,,1,68,,50875,31,4,,1
600000901,'2_merged_67011',607,,50885,31,4,,1,31,,50908,31,4,,1,70,,50897,31,4,,1,31,,50886,31,4,,1,71,,50909,31,4,,1,30,,50898,31,4,,1,71,,50887,31,4,,1,31,,50910,31,4,,1,71,,50899,31,4,,1,24,,50919,31,4,,1,64,,50888,31,4,,1,24,,50911,31,4,,1,25,,50900,31,4,,1,65,,50920,31,4,,1,25,,50889,31,4,,1,65,,50912,31,4,,1,25,,50901,31,4,,1,25,,50921,31,4,,1,65,,50890,31,4,,1,25,,50913,31,4,,1,65,,50902,31,4,,1,25,,50922,31,4,,1,65,,50891,31,4,,1,25,,50914,31,4,,1,25,,50903,31,4,,1,65,,50923,31,4,,1,25,,50892,31,4,,1,65,,50915,31,4,,1,25,,50904,31,4,,1,23,,50924,31,4,,1,65,,50893,31,4,,1,23,,50916,31,4,,1,64,,50905,31,4,,1,23,,50925,31,4,,1,25,,50894,31,4,,1,70,,50917,31,4,,1,31,,50906,31,4,,1,71,,50895,31,4,,1,30,,50918,31,4,,1,71,,50907,31,4,,1,31,,50896,31,4,,1
600000901,'3_merged_67010',626,,50947,19,4,,1,31,,50927,31,4,,1,71,,50937,31,4,,1,29,,50948,31,4,,1,71,,50928,31,4,,1,31,,50938,31,4,,1,70,,50949,31,4,,1,72,,50929,31,4,,1,31,,50939,31,4,,1,72,,50950,31,4,,1,33,,50930,31,4,,1,73,,50940,31,4,,1,33,,50951,31,4,,1,74,,50931,31,4,,1,33,,50941,31,4,,1,73,,50952,31,4,,1,34,,50932,31,4,,1,73,,50942,31,4,,1,73,,50953,31,4,,1,34,,50933,31,4,,1,73,,50943,31,4,,1,33,,50954,31,4,,1,74,,50934,31,4,,1,31,,50944,31,4,,1,72,,50955,31,4,,1,31,,50935,31,4,,1,72,,50945,31,4,,1,31,,50956,31,4,,1,71,,50936,31,4,,1,32,,50946,31,4,,1,85,,50926,31,4,,1
600000901,'6',626,,50978,19,4,,1,31,,50958,31,4,,1,71,,50968,31,4,,1,29,,50979,31,4,,1,71,,50959,31,4,,1,31,,50969,31,4,,1,70,,50980,31,4,,1,72,,50960,31,4,,1,31,,50970,31,4,,1,72,,50981,31,4,,1,33,,50961,31,4,,1,73,,50971,31,4,,1,33,,50982,31,4,,1,74,,50962,31,4,,1,33,,50972,31,4,,1,73,,50983,31,4,,1,34,,50963,31,4,,1,73,,50973,31,4,,1,73,,50984,31,4,,1,34,,50964,31,4,,1,73,,50974,31,4,,1,33,,50985,31,4,,1,74,,50965,31,4,,1,31,,50975,31,4,,1,72,,50986,31,4,,1,31,,50966,31,4,,1,72,,50976,31,4,,1,31,,50987,31,4,,1,71,,50967,31,4,,1,32,,50977,31,4,,1,85,,50957,31,4,,1
