'14228-special',1001,102900,0,'Wolseley',1
'14229-special',1000,112700,4,'',1
'14230-special',1001,113000,0,'Wolseley',1
'14231-special',1000,123100,4,'',1
'14232-special',1001,123300,0,'Wolseley',1
'14233-special',1000,133500,4,'',1
'14234-special',1001,133700,0,'Wolseley',1
'14235-special',1000,143900,4,'',1
'14236-special',1001,144100,0,'Wolseley',1
'14237-special',1000,154300,4,'',1
'14238-special',1001,154500,0,'Wolseley',1
'14239-special',1000,164700,4,'',1
'14240-special',1001,164900,0,'Wolseley',1
'14241-special',1000,175000,4,'',1
'14242-special',1001,175200,0,'Wolseley',1
'14243-special',1000,185100,4,'',1
'14244-special',1001,185300,0,'Wolseley',1
'14245-special',1000,194900,4,'',1
'14246-special',1001,195100,0,'Wolseley',1
'14247-special',1000,204700,4,'',1
'14248-special',1001,204900,0,'Wolseley',1
'14249-special',1000,214400,4,'',1
'14250-special',1001,214600,0,'Wolseley',1
'14251-special',1000,224000,4,'',1
'1merged62051',1000,54300,4,'',1,8600,4,'',1,8600,4,'',1,8800,4,'',1,10100,4,'',1,11200,4,'',1,11100,4,'',1,11100,4,'',1,11200,4,'',1,10200,4,'',1,8500,4,'',1,8700,4,'',1,8600,4,'',1,4500,4,'',1,8700,4,'',1,9300,4,'',1,10000,4,'',1,10000,4,'',1,10000,4,'',1,9800,4,'',1,9500,4,'',1,9400,4,'',1
'1merged62051',1001,54700,0,'Wolseley',1,8500,0,'Wolseley',1,8500,0,'Wolseley',1,8800,0,'Wolseley',1,10200,0,'Wolseley',1,11200,0,'Wolseley',1,11000,0,'Wolseley',1,11200,0,'Wolseley',1,11100,0,'Wolseley',1,10200,0,'Wolseley',1,8500,0,'Wolseley',1,8700,0,'Wolseley',1,8700,0,'Wolseley',1,9000,0,'Wolseley',1,4100,0,'Downtown',1,9400,0,'Wolseley',1,10000,0,'Wolseley',1,10000,0,'Wolseley',1,9900,0,'Wolseley',1,9800,0,'Wolseley',1,9500,0,'Wolseley',1,9600,0,'Wolseley',1
'2merged62053',1000,61600,4,'',1,10200,4,'',1,10400,4,'',1,10500,4,'',1,10700,4,'',1,10700,4,'',1,10900,4,'',1,10900,4,'',1,14900,4,'',1,10900,4,'',1,10900,4,'',1,10800,4,'',1,10200,4,'',1,10100,4,'',1,9900,4,'',1,9900,4,'',1,9900,4,'',1,9500,4,'',1,9300,4,'',1
'2merged62053',1001,61800,0,'Wolseley',1,10200,0,'Wolseley',1,10400,0,'Wolseley',1,10500,0,'Wolseley',1,10700,0,'Wolseley',1,10700,0,'Wolseley',1,10900,0,'Wolseley',1,14900,0,'Wolseley',1,10900,0,'Wolseley',1,10900,0,'Wolseley',1,10900,0,'Wolseley',1,10800,0,'Wolseley',1,10200,0,'Wolseley',1,10100,0,'Wolseley',1,9900,0,'Wolseley',1,9900,0,'Wolseley',1,9900,0,'Wolseley',1,9500,0,'Wolseley',1,9400,0,'Wolseley',1
'3merged62052',1000,112700,4,'',1,10400,4,'',1,10400,4,'',1,10400,4,'',1,10400,4,'',1,10400,4,'',1,10300,4,'',1,10100,4,'',1,9800,4,'',1,9800,4,'',1,9700,4,'',1,9600,4,'',1
'3merged62052',1001,102900,0,'Wolseley',1,10100,0,'Wolseley',1,10300,0,'Wolseley',1,10400,0,'Wolseley',1,10400,0,'Wolseley',1,10400,0,'Wolseley',1,10400,0,'Wolseley',1,10300,0,'Wolseley',1,10100,0,'Wolseley',1,9800,0,'Wolseley',1,9800,0,'Wolseley',1,9700,0,'Wolseley',1
