2200,'1_merged_67009',554,,39115,31,,,1,68,,39118,31,,,1,28,,39116,31,,,1,70,,39120,31,,,1,29,,39117,31,,,1,71,,39121,31,,,1,30,,39145,31,,,1,71,,39122,31,,,1,30,,39130,31,,,1,71,,39123,31,,,1,31,,39131,31,,,1,71,,39124,31,,,1,31,,39132,31,,,1,72,,39125,31,,,1,31,,39133,31,,,1,72,,39126,31,,,1,71,,39134,31,,,1,32,,39127,31,,,1,72,,39135,31,,,1,32,,39128,31,,,1,72,,39136,31,,,1,32,,39129,31,,,1,72,,39137,31,,,1,32,,39109,31,,,1,72,,39138,31,,,1,31,,39110,31,,,1,69,,39139,31,,,1,29,,39111,31,,,1,68,,39140,31,,,1,28,,39112,31,,,1,68,,39141,31,,,1,28,,39113,31,,,1,67,,39142,31,,,1,95,,39143,31,,,1,55,,39144,31,,,1
2200,'2_merged_67011',613,,39149,31,,,1,28,,39168,31,,,1,67,,39150,31,,,1,28,,39169,31,,,1,67,,39151,31,,,1,28,,39170,31,,,1,27,,39152,31,,,1,69,,39171,31,,,1,27,,39153,31,,,1,69,,39172,31,,,1,29,,39154,31,,,1,70,,39173,31,,,1,30,,39155,31,,,1,70,,39174,31,,,1,30,,39156,31,,,1,70,,39175,31,,,1,30,,39157,31,,,1,70,,39176,31,,,1,30,,39158,31,,,1,70,,39177,31,,,1,30,,39159,31,,,1,70,,39178,31,,,1,30,,39160,31,,,1,70,,39179,31,,,1,30,,39161,31,,,1,70,,39180,31,,,1,30,,39162,31,,,1,69,,39181,31,,,1,28,,39163,31,,,1,69,,39182,31,,,1,28,,39164,31,,,1,68,,39183,31,,,1,28,,39165,31,,,1,95,,39166,31,,,1,95,,39167,31,,,1
2200,'3_merged_67010',646,,39184,31,,,1,95,,39185,31,,,1,95,,39186,31,,,1,96,,39187,31,,,1,97,,39188,31,,,1,98,,39189,31,,,1,30,,39201,31,,,1,70,,39190,31,,,1,30,,39202,31,,,1,70,,39191,31,,,1,30,,39203,31,,,1,70,,39192,31,,,1,30,,39204,31,,,1,70,,39193,31,,,1,30,,39205,31,,,1,70,,39194,31,,,1,30,,39206,31,,,1,70,,39195,31,,,1,30,,39207,31,,,1,70,,39196,31,,,1,99,,39197,31,,,1,97,,39198,31,,,1,96,,39199,31,,,1,95,,39200,31,,,1
2200,'6',646,,39208,31,,,1,95,,39209,31,,,1,95,,39210,31,,,1,96,,39211,31,,,1,97,,39212,31,,,1,98,,39213,31,,,1,30,,39225,31,,,1,70,,39214,31,,,1,30,,39226,31,,,1,70,,39215,31,,,1,30,,39227,31,,,1,70,,39216,31,,,1,30,,39228,31,,,1,70,,39217,31,,,1,30,,39229,31,,,1,70,,39218,31,,,1,30,,39230,31,,,1,70,,39219,31,,,1,30,,39231,31,,,1,70,,39220,31,,,1,99,,39221,31,,,1,97,,39222,31,,,1,96,,39223,31,,,1,95,,39224,31,,,1
7000,'1_merged_67009',547,,40921,37,,,1,68,,40944,37,,,1,29,,40931,37,,,1,69,,40957,37,,,1,30,,40945,37,,,1,70,,40932,37,,,1,29,,40958,37,,,1,69,,40946,37,,,1,28,,40933,37,,,1,70,,40922,37,,,1,29,,40947,37,,,1,69,,40934,37,,,1,29,,40923,37,,,1,69,,40948,37,,,1,29,,40935,37,,,1,69,,40924,37,,,1,30,,40949,37,,,1,70,,40936,37,,,1,30,,40925,37,,,1,71,,40950,37,,,1,32,,40937,37,,,1,71,,40926,37,,,1,31,,40951,37,,,1,71,,40938,37,,,1,31,,40927,37,,,1,70,,40952,37,,,1,29,,40939,37,,,1,70,,40928,37,,,1,30,,40953,37,,,1,68,,40940,37,,,1,27,,40929,37,,,1,67,,40954,37,,,1,28,,40941,37,,,1,28,,40930,37,,,1,68,,40955,37,,,1,80,,40942,37,,,1,41,,40956,37,,,1,81,,40943,37,,,1
7000,'2_merged_67011',556,,40959,37,,,1,80,,40973,37,,,1,67,,40984,37,,,1,26,,40960,37,,,1,27,,40974,37,,,1,67,,40985,37,,,1,26,,40961,37,,,1,67,,40975,37,,,1,28,,40986,37,,,1,67,,40962,37,,,1,28,,40976,37,,,1,68,,40987,37,,,1,28,,40963,37,,,1,69,,40977,37,,,1,28,,40988,37,,,1,68,,40964,37,,,1,29,,40978,37,,,1,29,,40989,37,,,1,69,,40965,37,,,1,29,,40979,37,,,1,69,,40990,37,,,1,29,,40966,37,,,1,68,,40980,37,,,1,29,,40991,37,,,1,69,,40967,37,,,1,28,,40981,37,,,1,69,,40992,37,,,1,27,,40968,37,,,1,68,,40982,37,,,1,28,,40993,37,,,1,68,,40969,37,,,1,27,,40983,37,,,1,69,,40994,37,,,1,40,,40970,37,,,1,81,,40995,37,,,1,80,,40971,37,,,1,41,,40996,37,,,1,81,,40972,37,,,1
7000,'3_merged_67010',706,,40997,37,,,1,40,,41010,37,,,1,80,,40998,37,,,1,80,,41011,37,,,1,41,,40999,37,,,1,81,,41012,37,,,1,81,,41000,37,,,1,42,,41013,37,,,1,83,,41001,37,,,1,82,,41014,37,,,1,43,,41002,37,,,1,83,,41015,37,,,1,83,,41003,37,,,1,83,,41016,37,,,1,43,,41004,37,,,1,83,,41017,37,,,1,83,,41005,37,,,1,42,,41018,37,,,1,82,,41006,37,,,1,81,,41019,37,,,1,81,,41007,37,,,1,41,,41020,37,,,1,81,,41008,37,,,1,80,,41021,37,,,1,41,,41009,37,,,1,81,,41022,37,,,1
7000,'6',706,,41023,37,,,1,40,,41036,37,,,1,80,,41024,37,,,1,80,,41037,37,,,1,41,,41025,37,,,1,81,,41038,37,,,1,81,,41026,37,,,1,42,,41039,37,,,1,83,,41027,37,,,1,82,,41040,37,,,1,43,,41028,37,,,1,83,,41041,37,,,1,83,,41029,37,,,1,83,,41042,37,,,1,43,,41030,37,,,1,83,,41043,37,,,1,83,,41031,37,,,1,42,,41044,37,,,1,82,,41032,37,,,1,81,,41045,37,,,1,81,,41033,37,,,1,41,,41046,37,,,1,81,,41034,37,,,1,80,,41047,37,,,1,41,,41035,37,,,1,81,,41048,37,,,1
7400,'1_merged_67009',535,,41204,2,,,1,24,,41211,2,,,1,65,,41197,37,,,1,24,,41184,37,,,1,65,,41191,37,,,1,25,,41180,37,,,1,66,,41198,37,,,1,26,,41205,37,,,1,26,,41212,37,,,1,65,,41216,37,,,1,26,,41185,37,,,1,65,,41192,37,,,1,25,,41181,37,,,1,66,,41199,37,,,1,26,,41206,37,,,1,26,,41213,37,,,1,65,,41217,37,,,1,26,,41186,37,,,1,65,,41193,37,,,1,26,,41182,37,,,1,65,,41200,37,,,1,26,,41207,37,,,1,26,,41214,37,,,1,67,,41218,37,,,1,14,,41223,2,,,1,14,,41187,37,,,1,54,,41179,2,,,1,14,,41194,37,,,1,14,,41177,2,,,1,14,,41183,37,,,1,69,,41201,37,,,1,27,,41208,37,,,1,66,,41215,37,,,1,27,,41219,37,,,1,24,,41188,37,,,1,65,,41195,37,,,1,25,,41178,37,,,1,64,,41202,37,,,1,25,,41209,37,,,1,65,,41221,37,,,1,25,,41220,37,,,1,25,,41189,37,,,1,72,,41196,37,,,1,32,,41203,37,,,1,72,,41210,37,,,1
7400,'2_merged_67011',543,,41231,18,,,1,72,,41224,37,,,1,33,,41238,37,,,1,72,,41252,37,,,1,32,,41245,37,,,1,72,,41232,37,,,1,32,,41225,37,,,1,73,,41239,37,,,1,73,,41253,37,,,1,33,,41246,37,,,1,73,,41233,37,,,1,33,,41226,37,,,1,74,,41240,37,,,1,35,,41254,37,,,1,75,,41247,37,,,1,75,,41234,37,,,1,34,,41227,37,,,1,75,,41241,37,,,1,35,,41255,37,,,1,75,,41248,37,,,1,35,,41235,37,,,1,74,,41228,37,,,1,75,,41242,37,,,1,33,,41256,37,,,1,75,,41249,37,,,1,34,,41236,37,,,1,71,,41229,37,,,1,32,,41243,37,,,1,72,,41257,37,,,1,33,,41250,37,,,1,72,,41237,37,,,1,32,,41230,37,,,1,72,,41244,37,,,1
7400,'3_merged_67010',745,,41265,37,,,1,80,,41278,37,,,1,81,,41259,37,,,1,41,,41272,37,,,1,82,,41266,37,,,1,82,,41279,37,,,1,43,,41260,37,,,1,83,,41273,37,,,1,83,,41267,37,,,1,84,,41280,37,,,1,44,,41261,37,,,1,84,,41274,37,,,1,84,,41268,37,,,1,84,,41281,37,,,1,43,,41262,37,,,1,83,,41275,37,,,1,83,,41269,37,,,1,42,,41282,37,,,1,81,,41263,37,,,1,80,,41276,37,,,1,40,,41270,37,,,1,80,,41283,37,,,1,80,,41264,37,,,1
7400,'6',745,,41290,37,,,1,80,,41303,37,,,1,81,,41284,37,,,1,41,,41297,37,,,1,82,,41291,37,,,1,82,,41304,37,,,1,43,,41285,37,,,1,83,,41298,37,,,1,83,,41292,37,,,1,84,,41305,37,,,1,44,,41286,37,,,1,84,,41299,37,,,1,84,,41293,37,,,1,84,,41306,37,,,1,43,,41287,37,,,1,83,,41300,37,,,1,83,,41294,37,,,1,42,,41307,37,,,1,81,,41288,37,,,1,80,,41301,37,,,1,40,,41295,37,,,1,80,,41308,37,,,1,80,,41289,37,,,1
68000,'1_merged_67009',554,,43782,28,,,1,69,,43785,28,,,1,31,,43787,28,,,1,73,,43786,28,,,1,73,,43788,28,,,1,33,,43812,28,,,1,73,,43789,28,,,1,31,,43805,28,,,1,72,,43790,28,,,1,30,,43806,28,,,1,71,,43791,28,,,1,30,,43807,28,,,1,71,,43792,28,,,1,30,,43808,28,,,1,71,,43793,28,,,1,30,,43809,28,,,1,71,,43794,28,,,1,34,,43810,28,,,1,74,,43795,28,,,1,35,,43811,28,,,1,75,,43796,28,,,1,75,,43783,28,,,1,35,,43797,28,,,1,73,,43784,28,,,1,30,,43798,28,,,1,70,,43813,28,,,1,30,,43799,28,,,1,69,,43814,28,,,1,28,,43800,28,,,1,69,,43815,28,,,1,28,,43801,28,,,1,69,,43816,28,,,1,28,,43802,28,,,1,69,,43817,28,,,1,28,,43803,28,,,1,69,,43818,28,,,1,28,,43804,28,,,1
400001601,'1_merged_67009',553,,47364,30,,,1,63,,47381,30,,,1,22,,47378,30,,,1,18,,47380,30,,,1,53,,47394,30,,,1,11,,47365,30,,,1,12,,47384,30,,,1,11,,47382,30,,,1,11,,47393,30,,,1,51,,47379,30,,,1,12,,47383,30,,,1,13,,47385,30,,,1,21,,47366,30,,,1,62,,47395,30,,,1,22,,47400,30,,,1,21,,47386,30,,,1,62,,47367,30,,,1,21,,47396,30,,,1,61,,47401,30,,,1,21,,47387,30,,,1,22,,47368,30,,,1,61,,47397,30,,,1,22,,47402,30,,,1,21,,47388,30,,,1,62,,47369,30,,,1,21,,47398,30,,,1,22,,47403,30,,,1,61,,47389,30,,,1,21,,47370,30,,,1,21,,47399,30,,,1,62,,47404,30,,,1,23,,47390,30,,,1,12,,47363,30,,,1,52,,47371,30,,,1,11,,47419,30,,,1,11,,47405,30,,,1,11,,47423,30,,,1,11,,47411,30,,,1,11,,47417,30,,,1,52,,47391,30,,,1,11,,47422,30,,,1,12,,47372,30,,,1,11,,47420,30,,,1,12,,47406,30,,,1,51,,47424,30,,,1,12,,47412,30,,,1,12,,47418,30,,,1,11,,47392,30,,,1,11,,47421,30,,,1,52,,47373,30,,,1,26,,47407,30,,,1,68,,47413,30,,,1,27,,47374,30,,,1,26,,47408,30,,,1,67,,47414,30,,,1,27,,47375,30,,,1,67,,47409,30,,,1,27,,47415,30,,,1,67,,47376,30,,,1,26,,47410,30,,,1,67,,47416,30,,,1,26,,47377,30,,,1
400001601,'2_merged_67011',626,,47435,30,,,1,26,,47425,30,,,1,67,,47448,30,,,1,27,,47436,30,,,1,67,,47426,30,,,1,26,,47449,30,,,1,67,,47437,30,,,1,26,,47427,30,,,1,26,,47450,30,,,1,61,,47461,30,,,1,21,,47438,30,,,1,61,,47428,30,,,1,21,,47451,30,,,1,21,,47462,30,,,1,61,,47439,30,,,1,21,,47429,30,,,1,21,,47452,30,,,1,61,,47463,30,,,1,21,,47440,30,,,1,21,,47430,30,,,1,61,,47453,30,,,1,21,,47464,30,,,1,21,,47441,30,,,1,61,,47431,30,,,1,21,,47454,30,,,1,21,,47465,30,,,1,61,,47442,30,,,1,21,,47432,30,,,1,21,,47455,30,,,1,61,,47466,30,,,1,21,,47443,30,,,1,61,,47433,30,,,1,21,,47456,30,,,1,21,,47467,30,,,1,61,,47444,30,,,1,21,,47434,30,,,1,23,,47457,30,,,1,65,,47468,30,,,1,27,,47445,30,,,1,66,,47458,30,,,1,27,,47469,30,,,1,67,,47446,30,,,1,27,,47459,30,,,1,27,,47470,30,,,1,67,,47447,30,,,1,26,,47460,30,,,1,66,,47471,30,,,1
400001601,'3_merged_67010',732,,47485,30,,,1,69,,47472,30,,,1,29,,47498,30,,,1,28,,47486,30,,,1,67,,47473,30,,,1,26,,47499,30,,,1,67,,47487,30,,,1,27,,47474,30,,,1,67,,47500,30,,,1,27,,47488,30,,,1,67,,47475,30,,,1,28,,47501,30,,,1,67,,47489,30,,,1,28,,47476,30,,,1,27,,47502,30,,,1,67,,47490,30,,,1,28,,47477,30,,,1,67,,47503,30,,,1,27,,47491,30,,,1,68,,47478,30,,,1,27,,47504,30,,,1,67,,47492,30,,,1,28,,47479,30,,,1,67,,47505,30,,,1,27,,47493,30,,,1,26,,47480,30,,,1,66,,47506,30,,,1,27,,47494,30,,,1,65,,47481,30,,,1,27,,47507,30,,,1,66,,47495,30,,,1,27,,47482,30,,,1,67,,47508,30,,,1,27,,47496,30,,,1,27,,47483,30,,,1,67,,47509,30,,,1,26,,47497,30,,,1,66,,47484,30,,,1
400001601,'6',732,,47523,30,,,1,69,,47510,30,,,1,29,,47536,30,,,1,28,,47524,30,,,1,67,,47511,30,,,1,26,,47537,30,,,1,67,,47525,30,,,1,27,,47512,30,,,1,67,,47538,30,,,1,27,,47526,30,,,1,67,,47513,30,,,1,28,,47539,30,,,1,67,,47527,30,,,1,28,,47514,30,,,1,27,,47540,30,,,1,67,,47528,30,,,1,28,,47515,30,,,1,67,,47541,30,,,1,27,,47529,30,,,1,68,,47516,30,,,1,27,,47542,30,,,1,67,,47530,30,,,1,28,,47517,30,,,1,67,,47543,30,,,1,27,,47531,30,,,1,26,,47518,30,,,1,66,,47544,30,,,1,27,,47532,30,,,1,65,,47519,30,,,1,27,,47545,30,,,1,66,,47533,30,,,1,27,,47520,30,,,1,67,,47546,30,,,1,27,,47534,30,,,1,27,,47521,30,,,1,67,,47547,30,,,1,26,,47535,30,,,1,66,,47522,30,,,1
