7000,'1_merged_67009',513,,40921,2,,,1,27,,40944,2,,,1,68,,40931,2,,,1,28,,40957,2,,,1,68,,40945,2,,,1,30,,40932,2,,,1,69,,40958,2,,,1,30,,40946,2,,,1,70,,40933,2,,,1,30,,40922,2,,,1,69,,40947,2,,,1,29,,40934,2,,,1,69,,40923,2,,,1,29,,40948,2,,,1,29,,40935,2,,,1,69,,40924,2,,,1,30,,40949,2,,,1,70,,40936,2,,,1,30,,40925,2,,,1,70,,40950,2,,,1,29,,40937,2,,,1,71,,40926,2,,,1,31,,40951,2,,,1,71,,40938,2,,,1,71,,40927,2,,,1,31,,40952,2,,,1,71,,40939,2,,,1,31,,40928,2,,,1,70,,40953,2,,,1,29,,40940,2,,,1,68,,40929,2,,,1,27,,40954,2,,,1,28,,40941,2,,,1,68,,40930,2,,,1,28,,40955,2,,,1,80,,40942,2,,,1,81,,40956,2,,,1,41,,40943,2,,,1
7000,'2_merged_67011',522,,40959,2,,,1,80,,40973,2,,,1,27,,40984,2,,,1,26,,40960,2,,,1,67,,40974,2,,,1,27,,40985,2,,,1,66,,40961,2,,,1,27,,40975,2,,,1,67,,40986,2,,,1,27,,40962,2,,,1,68,,40976,2,,,1,28,,40987,2,,,1,68,,40963,2,,,1,28,,40977,2,,,1,28,,40988,2,,,1,68,,40964,2,,,1,29,,40978,2,,,1,69,,40989,2,,,1,29,,40965,2,,,1,69,,40979,2,,,1,29,,40990,2,,,1,69,,40966,2,,,1,28,,40980,2,,,1,69,,40991,2,,,1,29,,40967,2,,,1,68,,40981,2,,,1,29,,40992,2,,,1,68,,40968,2,,,1,28,,40982,2,,,1,68,,40993,2,,,1,28,,40969,2,,,1,68,,40983,2,,,1,29,,40994,2,,,1,80,,40970,2,,,1,41,,40995,2,,,1,80,,40971,2,,,1,81,,40996,2,,,1,41,,40972,2,,,1
7000,'3_merged_67010',632,,40997,2,,,1,80,,41010,2,,,1,40,,40998,2,,,1,80,,41011,2,,,1,80,,40999,2,,,1,41,,41012,2,,,1,81,,41000,2,,,1,82,,41013,2,,,1,42,,41001,2,,,1,82,,41014,2,,,1,83,,41002,2,,,1,83,,41015,2,,,1,43,,41003,2,,,1,83,,41016,2,,,1,83,,41004,2,,,1,43,,41017,2,,,1,83,,41005,2,,,1,83,,41018,2,,,1,82,,41006,2,,,1,42,,41019,2,,,1,81,,41007,2,,,1,81,,41020,2,,,1,41,,41008,2,,,1,80,,41021,2,,,1,81,,41009,2,,,1,41,,41022,2,,,1
7000,'6',632,,41023,2,,,1,80,,41036,2,,,1,40,,41024,2,,,1,80,,41037,2,,,1,80,,41025,2,,,1,41,,41038,2,,,1,81,,41026,2,,,1,82,,41039,2,,,1,42,,41027,2,,,1,82,,41040,2,,,1,83,,41028,2,,,1,83,,41041,2,,,1,43,,41029,2,,,1,83,,41042,2,,,1,83,,41030,2,,,1,43,,41043,2,,,1,83,,41031,2,,,1,83,,41044,2,,,1,82,,41032,2,,,1,42,,41045,2,,,1,81,,41033,2,,,1,81,,41046,2,,,1,41,,41034,2,,,1,80,,41047,2,,,1,81,,41035,2,,,1,41,,41048,2,,,1
22000,'1_merged_67009',540,,41627,8,,,1,71,,41620,8,,,1,36,,41613,8,,,1,78,,41628,8,,,1,76,,41621,8,,,1,38,,41614,8,,,1,78,,41629,8,,,1,37,,41622,8,,,1,77,,41615,8,,,1,77,,41630,8,,,1,37,,41623,8,,,1,77,,41616,8,,,1,37,,41631,8,,,1,77,,41624,8,,,1,78,,41617,8,,,1,38,,41632,8,,,1,79,,41625,8,,,1,78,,41618,8,,,1,40,,41633,8,,,1,80,,41626,8,,,1,78,,41619,8,,,1,38,,41634,8,,,1
22001,'1_merged_67009',557,,41642,39,,,1,76,,41635,52,,,1,77,,41650,52,,,1,36,,41643,52,,,1,78,,41636,52,,,1,78,,41651,52,,,1,37,,41644,52,,,1,77,,41637,52,,,1,37,,41652,52,,,1,77,,41645,52,,,1,77,,41638,52,,,1,37,,41653,52,,,1,77,,41646,52,,,1,38,,41639,52,,,1,77,,41654,52,,,1,78,,41647,52,,,1,38,,41640,52,,,1,80,,41655,52,,,1,80,,41648,52,,,1,38,,41641,52,,,1,79,,41656,52,,,1,77,,41649,52,,,1
22301,'1_merged_67009',538,,41699,16,,,1,68,,41685,16,,,1,28,,41700,16,,,1,69,,41686,16,,,1,29,,41701,16,,,1,69,,41687,16,,,1,29,,41702,16,,,1,29,,41688,16,,,1,69,,41703,16,,,1,29,,41689,16,,,1,69,,41704,16,,,1,29,,41690,16,,,1,69,,41705,16,,,1,29,,41691,16,,,1,69,,41706,16,,,1,29,,41692,16,,,1,69,,41707,16,,,1,29,,41693,16,,,1,69,,41708,16,,,1,29,,41694,16,,,1,69,,41709,16,,,1,29,,41695,16,,,1,69,,41710,16,,,1,29,,41696,16,,,1,69,,41711,16,,,1,29,,41697,16,,,1,69,,41712,16,,,1,28,,41698,16,,,1
400001500,'1_merged_67009',511,,46847,2,,,1,20,,46840,2,,,1,20,,46872,2,,,1,59,,46871,2,,,1,9,,46838,2,0,12,1,9,,46853,2,,,1,10,,46879,2,0,12,1,10,,46858,2,,,1,11,,46880,2,0,12,1,50,,46873,2,,,1,11,,46900,2,0,12,1,10,,46865,2,,,1,11,,46878,2,0,12,1,11,,46848,2,,,1,51,,46881,2,0,12,1,11,,46841,2,,,1,22,,46882,2,,,1,21,,46887,2,,,1,61,,46854,2,,,1,20,,46859,2,,,1,21,,46874,2,,,1,60,,46866,2,,,1,20,,46849,2,,,1,20,,46842,2,,,1,61,,46883,2,,,1,21,,46888,2,,,1,61,,46855,2,,,1,21,,46860,2,,,1,21,,46875,2,,,1,61,,46867,2,,,1,21,,46850,2,,,1,21,,46843,2,,,1,60,,46884,2,,,1,23,,46889,2,,,1,22,,46856,2,,,1,64,,46861,2,,,1,12,,46898,2,,,1,11,,46876,2,,,1,63,,46868,2,,,1,12,,46894,2,,,1,12,,46851,2,,,1,12,,46896,2,,,1,11,,46844,2,,,1,52,,46897,2,,,1,12,,46885,2,,,1,23,,46890,2,,,1,64,,46857,2,,,1,23,,46862,2,,,1,21,,46877,2,,,1,60,,46869,2,,,1,20,,46852,2,,,1,20,,46845,2,,,1,61,,46886,2,,,1,19,,46891,2,,,1,79,,46863,2,,,1,37,,46870,2,,,1,77,,46846,2,,,1,37,,46892,2,,,1
400001500,'2_merged_67011',534,,46901,2,,,1,77,,46913,2,,,1,38,,46907,2,,,1,78,,46919,2,,,1,77,,46902,2,,,1,27,,46925,2,,,1,24,,46914,2,,,1,64,,46936,2,,,1,23,,46908,2,,,1,63,,46920,2,,,1,23,,46931,2,,,1,24,,46903,2,,,1,64,,46926,2,,,1,24,,46915,2,,,1,64,,46937,2,,,1,24,,46909,2,,,1,24,,46921,2,,,1,64,,46932,2,,,1,24,,46904,2,,,1,65,,46927,2,,,1,25,,46916,2,,,1,24,,46938,2,,,1,64,,46910,2,,,1,24,,46922,2,,,1,64,,46933,2,,,1,24,,46905,2,,,1,25,,46928,2,,,1,65,,46917,2,,,1,24,,46939,2,,,1,64,,46911,2,,,1,23,,46923,2,,,1,25,,46934,2,,,1,64,,46906,2,,,1,24,,46929,2,,,1,62,,46918,2,,,1,22,,46940,2,,,1,23,,46912,2,,,1,63,,46924,2,,,1,37,,46935,2,,,1,77,,46930,2,,,1
400001500,'3_merged_67010',638,,46941,2,,,1,66,,46953,2,,,1,25,,46964,2,,,1,26,,46947,2,,,1,65,,46959,2,,,1,27,,46969,2,,,1,67,,46942,2,,,1,27,,46954,2,,,1,66,,46965,2,,,1,27,,46948,2,,,1,68,,46960,2,,,1,27,,46970,2,,,1,29,,46943,2,,,1,68,,46955,2,,,1,28,,46966,2,,,1,68,,46949,2,,,1,29,,46961,2,,,1,68,,46971,2,,,1,29,,46944,2,,,1,68,,46956,2,,,1,28,,46967,2,,,1,68,,46950,2,,,1,29,,46962,2,,,1,68,,46972,2,,,1,29,,46945,2,,,1,68,,46957,2,,,1,27,,46968,2,,,1,69,,46951,2,,,1,27,,46963,2,,,1,26,,46973,2,,,1,66,,46946,2,,,1,38,,46958,2,,,1,78,,46952,2,,,1
400001500,'6',638,,46974,2,,,1,66,,46986,2,,,1,25,,46997,2,,,1,26,,46980,2,,,1,65,,46992,2,,,1,27,,47002,2,,,1,67,,46975,2,,,1,27,,46987,2,,,1,66,,46998,2,,,1,27,,46981,2,,,1,68,,46993,2,,,1,27,,47003,2,,,1,29,,46976,2,,,1,68,,46988,2,,,1,28,,46999,2,,,1,68,,46982,2,,,1,29,,46994,2,,,1,68,,47004,2,,,1,29,,46977,2,,,1,68,,46989,2,,,1,28,,47000,2,,,1,68,,46983,2,,,1,29,,46995,2,,,1,68,,47005,2,,,1,29,,46978,2,,,1,68,,46990,2,,,1,27,,47001,2,,,1,69,,46984,2,,,1,27,,46996,2,,,1,26,,47006,2,,,1,66,,46979,2,,,1,38,,46991,2,,,1,78,,46985,2,,,1
