4800,'1_merged_67009',618,,40734,42,4,,1,32,,40731,42,4,,1,71,,40735,42,4,,1,33,,40732,42,4,,1,72,,40736,42,4,,1,33,,40750,42,4,,1,71,,40737,42,4,,1,72,,40751,42,4,,1,32,,40738,42,4,,1,71,,40752,42,4,,1,32,,40739,42,4,,1,72,,40753,42,4,,1,32,,40740,42,4,,1,72,,40754,42,4,,1,32,,40741,42,4,,1,73,,40755,42,4,,1,35,,40742,42,4,,1,74,,40756,42,4,,1,76,,40743,42,4,,1,18,,40728,42,4,,1,17,,40757,42,4,,1,18,,40764,42,4,,1,57,,40744,42,4,,1,18,,40729,42,4,,1,16,,40758,42,4,,1,56,,40730,42,4,,1,17,,40745,42,4,,1,17,,40733,42,4,,1,16,,40759,42,4,,1,71,,40746,42,4,,1,31,,40760,42,4,,1,72,,40747,42,4,,1,31,,40761,42,4,,1,72,,40748,42,4,,1,71,,40762,42,4,,1,32,,40749,42,4,,1,71,,40763,42,4,,1
4800,'2_merged_67011',632,,40765,42,4,,1,74,,40781,42,4,,1,28,,40766,42,4,,1,74,,40782,42,4,,1,29,,40767,42,4,,1,73,,40783,42,4,,1,31,,40768,42,4,,1,72,,40784,42,4,,1,31,,40769,42,4,,1,72,,40785,42,4,,1,32,,40770,42,4,,1,72,,40786,42,4,,1,33,,40771,42,4,,1,73,,40787,42,4,,1,33,,40772,42,4,,1,73,,40788,42,4,,1,73,,40773,42,4,,1,33,,40789,42,4,,1,73,,40774,42,4,,1,33,,40790,42,4,,1,73,,40775,42,4,,1,32,,40791,42,4,,1,72,,40776,42,4,,1,32,,40792,42,4,,1,71,,40777,42,4,,1,31,,40793,42,4,,1,72,,40778,42,4,,1,31,,40794,42,4,,1,72,,40779,42,4,,1,71,,40795,42,4,,1,32,,40780,42,4,,1
4800,'3_merged_67010',706,,40796,42,4,,1,102,,40797,42,4,,1,102,,40798,42,4,,1,103,,40799,42,4,,1,103,,40800,42,4,,1,104,,40801,42,4,,1,106,,40802,42,4,,1,106,,40803,42,4,,1,106,,40804,42,4,,1,106,,40805,42,4,,1,105,,40806,42,4,,1,104,,40807,42,4,,1,102,,40808,42,4,,1,103,,40809,42,4,,1,143,,40810,42,4,,1
4800,'6',706,,40811,42,4,,1,102,,40812,42,4,,1,102,,40813,42,4,,1,103,,40814,42,4,,1,103,,40815,42,4,,1,104,,40816,42,4,,1,106,,40817,42,4,,1,106,,40818,42,4,,1,106,,40819,42,4,,1,106,,40820,42,4,,1,105,,40821,42,4,,1,104,,40822,42,4,,1,102,,40823,42,4,,1,103,,40824,42,4,,1,143,,40825,42,4,,1
4801,'1_merged_67009',549,,40826,1,,,1,71,,40830,1,,,1,16,,40831,1,,,1,16,,40827,1,,,1,55,,40846,1,,,1,16,,40832,1,,,1,16,,40829,1,,,1,17,,40847,1,,,1,56,,40828,1,,,1,16,,40833,1,,,1,73,,40848,1,,,1,32,,40834,1,,,1,71,,40849,1,,,1,32,,40835,1,,,1,71,,40850,1,,,1,32,,40836,1,,,1,72,,40851,1,,,1,32,,40837,1,,,1,72,,40852,1,,,1,33,,40838,1,,,1,73,,40853,1,,,1,35,,40839,1,,,1,74,,40854,1,,,1,17,,40861,1,,,1,58,,40840,1,,,1,36,,40855,1,,,1,75,,40841,1,,,1,35,,40856,1,,,1,72,,40842,1,,,1,32,,40857,1,,,1,72,,40843,1,,,1,31,,40858,1,,,1,72,,40844,1,,,1,71,,40859,1,,,1,32,,40845,1,,,1,71,,40860,1,,,1
4801,'2_merged_67011',532,,40862,1,,,1,74,,40878,1,,,1,28,,40863,1,,,1,74,,40879,1,,,1,29,,40864,1,,,1,73,,40880,1,,,1,30,,40865,1,,,1,72,,40881,1,,,1,31,,40866,1,,,1,72,,40882,1,,,1,31,,40867,1,,,1,72,,40883,1,,,1,32,,40868,1,,,1,72,,40884,1,,,1,33,,40869,1,,,1,73,,40885,1,,,1,73,,40870,1,,,1,33,,40886,1,,,1,73,,40871,1,,,1,33,,40887,1,,,1,73,,40872,1,,,1,34,,40888,1,,,1,72,,40873,1,,,1,33,,40889,1,,,1,72,,40874,1,,,1,31,,40890,1,,,1,72,,40875,1,,,1,31,,40891,1,,,1,72,,40876,1,,,1,71,,40892,1,,,1,32,,40877,1,,,1
4801,'3_merged_67010',708,,40893,1,,,1,102,,40894,1,,,1,102,,40895,1,,,1,103,,40896,1,,,1,103,,40897,1,,,1,104,,40898,1,,,1,106,,40899,1,,,1,106,,40900,1,,,1,106,,40901,1,,,1,107,,40902,1,,,1,105,,40903,1,,,1,103,,40904,1,,,1,103,,40905,1,,,1,143,,40906,1,,,1
4801,'6',708,,40907,1,,,1,102,,40908,1,,,1,102,,40909,1,,,1,103,,40910,1,,,1,103,,40911,1,,,1,104,,40912,1,,,1,106,,40913,1,,,1,106,,40914,1,,,1,106,,40915,1,,,1,107,,40916,1,,,1,105,,40917,1,,,1,103,,40918,1,,,1,103,,40919,1,,,1,143,,40920,1,,,1
400001400,'1_merged_67009',600,,46560,59,4,,1,24,,46577,59,4,,1,13,,46587,49,4,,1,12,,46543,59,4,,1,52,,46589,59,4,,1,13,,46552,59,4,,1,12,,46591,59,4,,1,14,,46568,59,4,,1,13,,46593,59,4,,1,53,,46561,59,4,,1,13,,46586,59,4,,1,13,,46578,59,4,,1,13,,46588,59,4,,1,14,,46544,59,4,,1,52,,46590,59,4,,1,13,,46553,59,4,,1,12,,46592,59,4,,1,14,,46569,59,4,,1,64,,46562,59,4,,1,25,,46579,59,4,,1,65,,46545,59,4,,1,25,,46554,59,4,,1,26,,46570,59,4,,1,65,,46563,59,4,,1,25,,46580,59,4,,1,65,,46546,59,4,,1,25,,46555,59,4,,1,65,,46571,59,4,,1,26,,46564,59,4,,1,26,,46581,59,4,,1,68,,46547,59,4,,1,27,,46556,59,4,,1,67,,46572,59,4,,1,17,,46594,59,4,,1,14,,46565,59,4,,1,14,,46595,59,4,,1,54,,46582,59,4,,1,14,,46596,59,4,,1,14,,46548,59,4,,1,14,,46597,59,4,,1,54,,46557,59,4,,1,13,,46598,59,4,,1,13,,46573,59,4,,1,24,,46566,59,4,,1,66,,46583,59,4,,1,25,,46549,59,4,,1,64,,46558,59,4,,1,22,,46574,59,4,,1,23,,46567,59,4,,1,63,,46584,59,4,,1,24,,46550,59,4,,1,65,,46559,59,4,,1,27,,46575,59,4,,1,77,,46585,59,4,,1,38,,46551,59,4,,1,78,,46576,59,4,,1
400001400,'2_merged_67011',621,,46600,59,4,,1,38,,46618,59,4,,1,78,,46609,59,4,,1,68,,46628,59,4,,1,28,,46601,59,4,,1,68,,46619,59,4,,1,29,,46610,59,4,,1,28,,46629,59,4,,1,69,,46602,59,4,,1,29,,46620,59,4,,1,70,,46611,59,4,,1,29,,46630,59,4,,1,70,,46603,59,4,,1,30,,46621,59,4,,1,70,,46612,59,4,,1,29,,46631,59,4,,1,70,,46604,59,4,,1,30,,46622,59,4,,1,70,,46613,59,4,,1,29,,46632,59,4,,1,70,,46605,59,4,,1,30,,46623,59,4,,1,70,,46614,59,4,,1,29,,46633,59,4,,1,70,,46606,59,4,,1,28,,46624,59,4,,1,68,,46615,59,4,,1,28,,46634,59,4,,1,69,,46607,59,4,,1,28,,46625,59,4,,1,68,,46616,59,4,,1,28,,46635,59,4,,1,69,,46608,59,4,,1,30,,46626,59,4,,1,77,,46617,59,4,,1,38,,46599,59,4,,1,78,,46627,59,4,,1
400001400,'3_merged_67010',709,,46645,45,4,,1,38,,46655,59,4,,1,78,,46636,59,4,,1,77,,46646,59,4,,1,38,,46656,59,4,,1,78,,46637,59,4,,1,39,,46647,59,4,,1,79,,46657,59,4,,1,80,,46638,59,4,,1,40,,46648,59,4,,1,80,,46658,59,4,,1,79,,46639,59,4,,1,40,,46649,59,4,,1,80,,46659,59,4,,1,79,,46640,59,4,,1,40,,46650,59,4,,1,80,,46660,59,4,,1,79,,46641,59,4,,1,38,,46651,59,4,,1,78,,46661,59,4,,1,77,,46642,59,4,,1,38,,46652,59,4,,1,78,,46662,59,4,,1,78,,46643,59,4,,1,38,,46653,59,4,,1,77,,46663,59,4,,1,38,,46644,59,4,,1,78,,46654,59,4,,1
400001400,'6',709,,46673,45,4,,1,38,,46683,59,4,,1,78,,46664,59,4,,1,77,,46674,59,4,,1,38,,46684,59,4,,1,78,,46665,59,4,,1,39,,46675,59,4,,1,79,,46685,59,4,,1,80,,46666,59,4,,1,40,,46676,59,4,,1,80,,46686,59,4,,1,79,,46667,59,4,,1,40,,46677,59,4,,1,80,,46687,59,4,,1,79,,46668,59,4,,1,40,,46678,59,4,,1,80,,46688,59,4,,1,79,,46669,59,4,,1,38,,46679,59,4,,1,78,,46689,59,4,,1,77,,46670,59,4,,1,38,,46680,59,4,,1,78,,46690,59,4,,1,78,,46671,59,4,,1,38,,46681,59,4,,1,77,,46691,59,4,,1,38,,46672,59,4,,1,78,,46682,59,4,,1
400001401,'1_merged_67009',458,,46692,1,,,1,62,,46701,1,,,1,23,,46716,1,,,1,62,,46709,1,,,1,12,,46734,1,,,1,13,,46725,1,,,1,12,,46735,1,,,1,13,,46693,1,,,1,52,,46736,1,,,1,12,,46702,1,,,1,13,,46737,1,,,1,13,,46717,1,,,1,13,,46738,1,,,1,53,,46710,1,,,1,26,,46726,1,,,1,67,,46694,1,,,1,25,,46703,1,,,1,26,,46718,1,,,1,65,,46711,1,,,1,25,,46727,1,,,1,65,,46695,1,,,1,25,,46704,1,,,1,65,,46719,1,,,1,25,,46712,1,,,1,25,,46728,1,,,1,65,,46696,1,,,1,25,,46705,1,,,1,65,,46720,1,,,1,26,,46713,1,,,1,27,,46729,1,,,1,67,,46697,1,,,1,14,,46745,1,,,1,14,,46706,1,,,1,68,,46721,1,,,1,15,,46740,1,,,1,14,,46714,1,,,1,54,,46742,1,,,1,14,,46730,1,,,1,15,,46744,1,,,1,14,,46698,1,,,1,67,,46707,1,,,1,26,,46722,1,,,1,65,,46715,1,,,1,25,,46731,1,,,1,26,,46699,1,,,1,66,,46708,1,,,1,28,,46723,1,,,1,77,,46732,1,,,1,78,,46700,1,,,1,38,,46724,1,,,1,77,,46733,1,,,1
400001401,'2_merged_67011',549,,46756,1,,,1,77,,46748,1,,,1,78,,46766,1,,,1,38,,46757,1,,,1,68,,46775,1,,,1,28,,46749,1,,,1,68,,46767,1,,,1,29,,46758,1,,,1,68,,46776,1,,,1,29,,46750,1,,,1,69,,46768,1,,,1,30,,46759,1,,,1,69,,46777,1,,,1,30,,46751,1,,,1,70,,46769,1,,,1,30,,46760,1,,,1,29,,46778,1,,,1,70,,46752,1,,,1,30,,46770,1,,,1,70,,46761,1,,,1,29,,46779,1,,,1,70,,46753,1,,,1,30,,46771,1,,,1,70,,46762,1,,,1,29,,46780,1,,,1,70,,46754,1,,,1,28,,46772,1,,,1,68,,46763,1,,,1,28,,46781,1,,,1,69,,46755,1,,,1,30,,46773,1,,,1,77,,46764,1,,,1,78,,46747,1,,,1,38,,46774,1,,,1,77,,46765,1,,,1
400001401,'3_merged_67010',637,,46782,1,,,1,77,,46791,1,,,1,38,,46801,1,,,1,78,,46783,1,,,1,77,,46792,1,,,1,38,,46802,1,,,1,78,,46784,1,,,1,79,,46793,1,,,1,40,,46803,1,,,1,79,,46785,1,,,1,80,,46794,1,,,1,40,,46804,1,,,1,79,,46786,1,,,1,80,,46795,1,,,1,40,,46805,1,,,1,79,,46787,1,,,1,40,,46796,1,,,1,80,,46806,1,,,1,79,,46788,1,,,1,38,,46797,1,,,1,78,,46807,1,,,1,78,,46789,1,,,1,38,,46798,1,,,1,77,,46808,1,,,1,78,,46790,1,,,1,38,,46799,1,,,1,77,,46809,1,,,1
400001401,'6',637,,46810,1,,,1,77,,46819,1,,,1,38,,46829,1,,,1,78,,46811,1,,,1,77,,46820,1,,,1,38,,46830,1,,,1,78,,46812,1,,,1,79,,46821,1,,,1,40,,46831,1,,,1,79,,46813,1,,,1,80,,46822,1,,,1,40,,46832,1,,,1,79,,46814,1,,,1,80,,46823,1,,,1,40,,46833,1,,,1,79,,46815,1,,,1,40,,46824,1,,,1,80,,46834,1,,,1,79,,46816,1,,,1,38,,46825,1,,,1,78,,46835,1,,,1,78,,46817,1,,,1,38,,46826,1,,,1,77,,46836,1,,,1,78,,46818,1,,,1,38,,46827,1,,,1,77,,46837,1,,,1
62400000300,'1_merged_67009',604,,51551,31,4,,1,11,,51564,31,4,,1,10,,51611,62,4,,1,9,,51569,36,4,,1,9,,51628,62,4,,1,11,,51538,62,4,,1,53,,51550,62,4,,1,13,,51635,62,4,,1,13,,51545,62,4,,1,13,,51616,62,4,,1,13,,51621,62,4,,1,53,,51533,62,4,,1,13,,51546,62,4,,1,7,,51577,62,4,,1,6,,51557,62,4,,1,14,,51552,62,4,,1,53,,51565,62,4,,1,12,,51612,62,4,,1,12,,51570,62,4,,1,12,,51629,62,4,,1,12,,51539,62,4,,1,52,,51581,62,4,,1,12,,51636,62,4,,1,12,,51529,62,4,,1,13,,51617,62,4,,1,12,,51622,62,4,,1,53,,51534,62,4,,1,13,,51547,62,4,,1,13,,51558,62,4,,1,13,,51553,62,4,,1,12,,51566,62,4,,1,52,,51613,62,4,,1,11,,51571,62,4,,1,12,,51630,62,4,,1,12,,51540,62,4,,1,12,,51582,62,4,,1,52,,51637,62,4,,1,12,,51530,62,4,,1,13,,51618,62,4,,1,13,,51623,62,4,,1,53,,51535,62,4,,1,14,,51548,62,4,,1,13,,51559,62,4,,1,14,,51554,62,4,,1,13,,51567,62,4,,1,53,,51614,62,4,,1,13,,51572,62,4,,1,13,,51631,62,4,,1,10,,51585,62,4,,1,13,,51541,62,4,,1,52,,51583,62,4,,1,12,,51638,62,4,,1,12,,51531,62,4,,1,12,,51619,62,4,,1,12,,51624,62,4,,1,52,,51536,62,4,,1,12,,51587,62,4,,1,12,,51549,62,4,,1,13,,51560,62,4,,1,12,,51555,62,4,,1,52,,51568,62,4,,1,12,,51615,62,4,,1,12,,51573,62,4,,1,12,,51632,62,4,,1,11,,51586,62,4,,1,50,,51542,62,4,,1,10,,51584,62,4,,1,11,,51639,62,4,,1,10,,51532,62,4,,1,22,,51625,62,4,,1,65,,51588,62,4,,1,23,,51561,62,4,,1,63,,51593,62,4,,1,24,,51633,62,4,,1,23,,51543,62,4,,1,63,,51640,62,4,,1,22,,51626,62,4,,1,62,,51589,62,4,,1,22,,51562,62,4,,1,22,,51594,62,4,,1,63,,51634,62,4,,1,21,,51544,62,4,,1,22,,51641,62,4,,1,62,,51627,62,4,,1,22,,51590,62,4,,1,63,,51563,62,4,,1
62400000300,'2_merged_67011',600,,51668,28,4,,1,22,,51682,28,4,,1,22,,51648,62,4,,1,61,,51674,62,4,,1,21,,51661,62,4,,1,21,,51643,62,4,,1,61,,51654,62,4,,1,22,,51669,62,4,,1,23,,51683,62,4,,1,63,,51649,62,4,,1,22,,51675,62,4,,1,63,,51662,62,4,,1,22,,51644,62,4,,1,22,,51655,62,4,,1,59,,51696,62,4,,1,17,,51670,62,4,,1,17,,51684,62,4,,1,16,,51690,62,4,,1,57,,51650,62,4,,1,17,,51676,62,4,,1,17,,51663,62,4,,1,57,,51702,62,4,,1,16,,51645,62,4,,1,16,,51656,62,4,,1,17,,51697,62,4,,1,57,,51671,62,4,,1,17,,51685,62,4,,1,17,,51691,62,4,,1,17,,51651,62,4,,1,57,,51677,62,4,,1,17,,51664,62,4,,1,17,,51703,62,4,,1,56,,51646,62,4,,1,16,,51657,62,4,,1,17,,51698,62,4,,1,17,,51672,62,4,,1,57,,51686,62,4,,1,17,,51692,62,4,,1,17,,51652,62,4,,1,57,,51678,62,4,,1,17,,51665,62,4,,1,17,,51704,62,4,,1,16,,51647,62,4,,1,56,,51658,62,4,,1,17,,51699,62,4,,1,17,,51673,62,4,,1,56,,51687,62,4,,1,17,,51693,62,4,,1,17,,51653,62,4,,1,17,,51679,62,4,,1,61,,51666,62,4,,1,22,,51705,62,4,,1,23,,51659,62,4,,1,63,,51700,62,4,,1,22,,51688,62,4,,1,62,,51694,62,4,,1,24,,51680,62,4,,1,22,,51667,62,4,,1,61,,51706,62,4,,1,21,,51660,62,4,,1,22,,51701,62,4,,1,62,,51689,62,4,,1,22,,51695,62,4,,1,63,,51681,62,4,,1
62400000300,'3_merged_67010',710,,51713,62,4,,1,30,,51723,62,4,,1,71,,51707,62,4,,1,30,,51718,62,4,,1,72,,51730,62,4,,1,32,,51714,62,4,,1,70,,51724,62,4,,1,25,,51741,62,4,,1,19,,51708,62,4,,1,61,,51719,62,4,,1,21,,51736,62,4,,1,61,,51731,62,4,,1,20,,51747,62,4,,1,22,,51715,62,4,,1,61,,51725,62,4,,1,21,,51742,62,4,,1,21,,51709,62,4,,1,61,,51720,62,4,,1,21,,51737,62,4,,1,21,,51732,62,4,,1,61,,51748,62,4,,1,21,,51716,62,4,,1,21,,51726,62,4,,1,61,,51743,62,4,,1,21,,51710,62,4,,1,21,,51721,62,4,,1,61,,51738,62,4,,1,21,,51733,62,4,,1,21,,51749,62,4,,1,61,,51717,62,4,,1,21,,51727,62,4,,1,61,,51744,62,4,,1,21,,51711,62,4,,1,21,,51722,62,4,,1,60,,51739,62,4,,1,27,,51734,62,4,,1,28,,51750,62,4,,1,67,,51728,62,4,,1,27,,51745,62,4,,1,66,,51712,62,4,,1,26,,51740,62,4,,1,66,,51735,62,4,,1,27,,51751,62,4,,1,66,,51729,62,4,,1,25,,51746,62,4,,1
62400000300,'6',710,,51758,62,4,,1,30,,51768,62,4,,1,71,,51752,62,4,,1,30,,51763,62,4,,1,72,,51775,62,4,,1,32,,51759,62,4,,1,70,,51769,62,4,,1,25,,51786,62,4,,1,19,,51753,62,4,,1,61,,51764,62,4,,1,21,,51781,62,4,,1,61,,51776,62,4,,1,20,,51792,62,4,,1,22,,51760,62,4,,1,61,,51770,62,4,,1,21,,51787,62,4,,1,21,,51754,62,4,,1,61,,51765,62,4,,1,21,,51782,62,4,,1,21,,51777,62,4,,1,61,,51793,62,4,,1,21,,51761,62,4,,1,21,,51771,62,4,,1,61,,51788,62,4,,1,21,,51755,62,4,,1,21,,51766,62,4,,1,61,,51783,62,4,,1,21,,51778,62,4,,1,21,,51794,62,4,,1,61,,51762,62,4,,1,21,,51772,62,4,,1,61,,51789,62,4,,1,21,,51756,62,4,,1,21,,51767,62,4,,1,60,,51784,62,4,,1,27,,51779,62,4,,1,28,,51795,62,4,,1,67,,51773,62,4,,1,27,,51790,62,4,,1,66,,51757,62,4,,1,26,,51785,62,4,,1,66,,51780,62,4,,1,27,,51796,62,4,,1,66,,51774,62,4,,1,25,,51791,62,4,,1,17,,51798,28,4,,1,65,,51797,28,4,,1
62400000301,'1_merged_67009',507,,51890,1,,,1,12,,51895,1,,,1,14,,51803,1,,,1,11,,51817,1,,,1,12,,51829,1,,,1,52,,51823,1,,,1,12,,51836,1,,,1,10,,51885,1,,,1,9,,51840,1,,,1,9,,51902,1,,,1,11,,51808,1,,,1,53,,51822,1,,,1,14,,51910,1,,,1,12,,51816,1,,,1,14,,51891,1,,,1,52,,51896,1,,,1,13,,51804,1,,,1,13,,51818,1,,,1,13,,51830,1,,,1,14,,51824,1,,,1,53,,51837,1,,,1,12,,51886,1,,,1,12,,51841,1,,,1,12,,51903,1,,,1,12,,51809,1,,,1,52,,51856,1,,,1,12,,51911,1,,,1,12,,51800,1,,,1,13,,51892,1,,,1,12,,51897,1,,,1,53,,51805,1,,,1,13,,51819,1,,,1,13,,51831,1,,,1,13,,51825,1,,,1,52,,51838,1,,,1,12,,51887,1,,,1,12,,51842,1,,,1,11,,51904,1,,,1,12,,51810,1,,,1,52,,51857,1,,,1,13,,51912,1,,,1,13,,51801,1,,,1,13,,51893,1,,,1,12,,51898,1,,,1,52,,51806,1,,,1,11,,51861,1,,,1,12,,51820,1,,,1,12,,51832,1,,,1,11,,51826,1,,,1,52,,51839,1,,,1,12,,51888,1,,,1,11,,51843,1,,,1,12,,51905,1,,,1,11,,51859,1,,,1,52,,51811,1,,,1,12,,51858,1,,,1,12,,51913,1,,,1,12,,51802,1,,,1,12,,51894,1,,,1,52,,51899,1,,,1,12,,51807,1,,,1,13,,51862,1,,,1,12,,51821,1,,,1,12,,51833,1,,,1,52,,51827,1,,,1,12,,51865,1,,,1,12,,51889,1,,,1,12,,51844,1,,,1,12,,51906,1,,,1,52,,51860,1,,,1,14,,51812,1,,,1,24,,51914,1,,,1,64,,51900,1,,,1,24,,51863,1,,,1,24,,51834,1,,,1,63,,51866,1,,,1,24,,51907,1,,,1,63,,51813,1,,,1,23,,51915,1,,,1,22,,51901,1,,,1,62,,51864,1,,,1,22,,51835,1,,,1,22,,51867,1,,,1,62,,51908,1,,,1,22,,51814,1,,,1,22,,51916,1,,,1
62400000301,'2_merged_67011',521,,51917,1,,,1,21,,51928,1,,,1,62,,51944,1,,,1,22,,51956,1,,,1,22,,51923,1,,,1,61,,51949,1,,,1,22,,51937,1,,,1,21,,51918,1,,,1,61,,51929,1,,,1,22,,51945,1,,,1,22,,51957,1,,,1,59,,51963,1,,,1,18,,51924,1,,,1,16,,51950,1,,,1,56,,51938,1,,,1,16,,51975,1,,,1,16,,51919,1,,,1,15,,51930,1,,,1,56,,51969,1,,,1,17,,51946,1,,,1,17,,51958,1,,,1,16,,51964,1,,,1,57,,51925,1,,,1,17,,51951,1,,,1,17,,51939,1,,,1,57,,51976,1,,,1,16,,51920,1,,,1,16,,51931,1,,,1,17,,51970,1,,,1,57,,51947,1,,,1,17,,51959,1,,,1,17,,51965,1,,,1,57,,51926,1,,,1,17,,51952,1,,,1,17,,51940,1,,,1,17,,51977,1,,,1,56,,51921,1,,,1,16,,51932,1,,,1,17,,51971,1,,,1,57,,51948,1,,,1,17,,51960,1,,,1,17,,51966,1,,,1,17,,51927,1,,,1,57,,51953,1,,,1,17,,51941,1,,,1,17,,51978,1,,,1,16,,51922,1,,,1,58,,51933,1,,,1,22,,51972,1,,,1,65,,51961,1,,,1,26,,51967,1,,,1,25,,51954,1,,,1,62,,51942,1,,,1,22,,51979,1,,,1,63,,51934,1,,,1,23,,51973,1,,,1,22,,51962,1,,,1,63,,51968,1,,,1,23,,51955,1,,,1,22,,51943,1,,,1,61,,51980,1,,,1,21,,51935,1,,,1,22,,51974,1,,,1
62400000301,'3_merged_67010',544,,51981,1,,,1,70,,51993,1,,,1,31,,52004,1,,,1,70,,51988,1,,,1,30,,51998,1,,,1,71,,51982,1,,,1,30,,51994,1,,,1,60,,52011,1,,,1,20,,52005,1,,,1,19,,52022,1,,,1,61,,51989,1,,,1,19,,51999,1,,,1,20,,52017,1,,,1,60,,51983,1,,,1,20,,51995,1,,,1,21,,52012,1,,,1,61,,52006,1,,,1,21,,52023,1,,,1,21,,51990,1,,,1,61,,52000,1,,,1,21,,52018,1,,,1,21,,51984,1,,,1,61,,51996,1,,,1,21,,52013,1,,,1,21,,52007,1,,,1,61,,52024,1,,,1,21,,51991,1,,,1,21,,52001,1,,,1,61,,52019,1,,,1,21,,51985,1,,,1,61,,51997,1,,,1,21,,52014,1,,,1,21,,52008,1,,,1,61,,52025,1,,,1,21,,51992,1,,,1,21,,52002,1,,,1,66,,52020,1,,,1,28,,51986,1,,,1,68,,52015,1,,,1,28,,52009,1,,,1,68,,52026,1,,,1,27,,52003,1,,,1,27,,52021,1,,,1,66,,51987,1,,,1,26,,52016,1,,,1,66,,52010,1,,,1,27,,52027,1,,,1
62400000301,'6',544,,52028,1,,,1,70,,52040,1,,,1,31,,52051,1,,,1,70,,52035,1,,,1,30,,52045,1,,,1,71,,52029,1,,,1,30,,52041,1,,,1,60,,52058,1,,,1,20,,52052,1,,,1,19,,52069,1,,,1,61,,52036,1,,,1,19,,52046,1,,,1,20,,52064,1,,,1,60,,52030,1,,,1,20,,52042,1,,,1,21,,52059,1,,,1,61,,52053,1,,,1,21,,52070,1,,,1,21,,52037,1,,,1,61,,52047,1,,,1,21,,52065,1,,,1,21,,52031,1,,,1,61,,52043,1,,,1,21,,52060,1,,,1,21,,52054,1,,,1,61,,52071,1,,,1,21,,52038,1,,,1,21,,52048,1,,,1,61,,52066,1,,,1,21,,52032,1,,,1,61,,52044,1,,,1,21,,52061,1,,,1,21,,52055,1,,,1,61,,52072,1,,,1,21,,52039,1,,,1,21,,52049,1,,,1,66,,52067,1,,,1,28,,52033,1,,,1,68,,52062,1,,,1,28,,52056,1,,,1,68,,52073,1,,,1,27,,52050,1,,,1,27,,52068,1,,,1,66,,52034,1,,,1,26,,52063,1,,,1,66,,52057,1,,,1,27,,52074,1,,,1
