'15071-special',1901,70030,0,'Drake',1
'15073-special',1901,84930,0,'Drake',1
'15075-special',1901,103930,0,'Drake',1
'15077-special',1901,123330,0,'Drake',1
'15079-special',1901,142930,0,'Drake',1
'15081-special',1901,162530,0,'Drake',1
'15083-special',1901,181830,0,'Drake',1
'15085-special',1901,201930,0,'Drake',1
'15089-special',1901,234530,0,'Drake',1
'15094-special',1901,75530,0,'Drake',1
'15096-special',1901,94330,0,'Drake',1
'15098-special',1901,113530,0,'Drake',1
'15100-special',1901,133130,0,'Drake',1
'15102-special',1901,152730,0,'Drake',1
'15104-special',1901,172330,0,'Drake',1
'15106-special',1901,191230,0,'Drake',1
'15110-special',1901,223830,0,'Drake',1
'15131-special',1901,212930,0,'Drake',1
'1merged62051',1901,55600,0,'Drake',1,7230,0,'Drake',1,3000,0,'Drake',1,6500,0,'Drake',1,2170,0,'Drake',1,5930,0,'Drake',1,2100,0,'Drake',1,2100,0,'Drake',1,6000,0,'Drake',1,2000,0,'Drake',1,2100,0,'Drake',1,6870,0,'Drake',1,3730,0,'Drake',1,7800,0,'Drake',1,8070,0,'Drake',1,4000,0,'Drake',1,7800,0,'Drake',1,8100,0,'Drake',1,4000,0,'Drake',1,7900,0,'Drake',1,1700,0,'Drake',1,5900,0,'Drake',1,2000,0,'Drake',1,2100,0,'Drake',1,5800,0,'Drake',1,1800,0,'Drake',1,1930,0,'Drake',1,6000,0,'Drake',1,2100,0,'Drake',1,2700,0,'Drake',1,7400,0,'Drake',1,3400,0,'Drake',1,8100,0,'Drake',1,8900,0,'Drake',1,9000,0,'Drake',1,9000,0,'Drake',1,4900,0,'Drake',1,8800,0,'Drake',1,8800,0,'Drake',1
'2merged62053',1901,55230,0,'Drake',1,7900,0,'Drake',1,8100,0,'Drake',1,4200,0,'Drake',1,8200,0,'Drake',1,8400,0,'Drake',1,8400,0,'Drake',1,4400,0,'Drake',1,8400,0,'Drake',1,8600,0,'Drake',1,8600,0,'Drake',1,4600,0,'Drake',1,8600,0,'Drake',1,8600,0,'Drake',1,8700,0,'Drake',1,4600,0,'Drake',1,9200,0,'Drake',1,9500,0,'Drake',1,9500,0,'Drake',1,9000,0,'Drake',1,9100,0,'Drake',1,9100,0,'Drake',1,9100,0,'Drake',1,5100,0,'Drake',1,9000,0,'Drake',1,9000,0,'Drake',1
'3merged62052',1901,70030,0,'Drake',1,5500,0,'Drake',1,9400,0,'Drake',1,9400,0,'Drake',1,9600,0,'Drake',1,9600,0,'Drake',1,9800,0,'Drake',1,9800,0,'Drake',1,9800,0,'Drake',1,9800,0,'Drake',1,9800,0,'Drake',1,9800,0,'Drake',1,9500,0,'Drake',1,9400,0,'Drake',1,10700,0,'Drake',1,11000,0,'Drake',1,10900,0,'Drake',1,10700,0,'Drake',1
'1merged62051',5000,63350,,'',1,8400,,'',1,8500,,'',1,4500,,'',1,57800,,'',1,8700,,'',1,4400,,'',1,8400,,'',1,8700,,'',1,8400,,'',1,3600,,'',1
