4300,'1_merged_67027',537,,20644,29,,,1,64,,20636,56,,,1,26,,20628,56,,,1,26,,20617,56,,,1,67,,20645,56,,,1,27,,20637,56,,,1,67,,20629,56,,,1,27,,20618,56,,,1,67,,20646,56,,,1,27,,20638,56,,,1,66,,20630,56,,,1,25,,20619,56,,,1,25,,20647,56,,,1,65,,20639,56,,,1,25,,20631,56,,,1,65,,20620,56,,,1,25,,20648,56,,,1,25,,20640,56,,,1,65,,20632,56,,,1,26,,20621,56,,,1,65,,20649,56,,,1,25,,20641,56,,,1,66,,20633,56,,,1,28,,20622,56,,,1,28,,20650,56,,,1,69,,20642,56,,,1,28,,20634,56,,,1,68,,20623,56,,,1,28,,20651,56,,,1,68,,20643,56,,,1,26,,20635,56,,,1,65,,20624,56,,,1,31,,20652,56,,,1,73,,20615,56,,,1,33,,20625,56,,,1,73,,20653,56,,,1,32,,20616,56,,,1,73,,20626,56,,,1,88,,20654,56,,,1,88,,20627,56,,,1
4300,'2_merged_67029',628,,20656,56,,,1,72,,20679,56,,,1,32,,20668,56,,,1,72,,20657,56,,,1,32,,20680,56,,,1,72,,20669,56,,,1,33,,20658,56,,,1,73,,20681,56,,,1,32,,20670,56,,,1,73,,20659,56,,,1,33,,20682,56,,,1,74,,20671,56,,,1,74,,20660,56,,,1,33,,20683,56,,,1,74,,20672,56,,,1,34,,20661,56,,,1,73,,20684,56,,,1,34,,20673,56,,,1,74,,20662,56,,,1,33,,20685,56,,,1,74,,20674,56,,,1,74,,20663,56,,,1,33,,20686,56,,,1,73,,20675,56,,,1,33,,20664,56,,,1,73,,20687,56,,,1,32,,20676,56,,,1,73,,20665,56,,,1,33,,20688,56,,,1,73,,20677,56,,,1,88,,20666,56,,,1,88,,20678,56,,,1
4300,'3_merged_67028',735,,20700,56,,,1,88,,20689,56,,,1,88,,20701,56,,,1,90,,20690,56,,,1,48,,20702,56,,,1,89,,20691,56,,,1,90,,20703,56,,,1,91,,20692,56,,,1,90,,20704,56,,,1,91,,20693,56,,,1,50,,20705,56,,,1,91,,20694,56,,,1,90,,20706,56,,,1,91,,20695,56,,,1,89,,20707,56,,,1,90,,20696,56,,,1,47,,20708,56,,,1,89,,20697,56,,,1,89,,20709,56,,,1,88,,20698,56,,,1,88,,20710,56,,,1
33000,'1_merged_67027',533,,21798,12,,,1,24,,21814,22,,,1,65,,21806,22,,,1,24,,21820,22,,,1,66,,21799,22,,,1,26,,21815,22,,,1,66,,21807,22,,,1,26,,21821,22,,,1,26,,21800,22,,,1,66,,21816,22,,,1,26,,21808,22,,,1,66,,21822,22,,,1,26,,21801,22,,,1,66,,21817,22,,,1,25,,21809,22,,,1,26,,21823,22,,,1,66,,21802,22,,,1,26,,21818,22,,,1,65,,21810,22,,,1,26,,21824,22,,,1,66,,21803,22,,,1,26,,21819,22,,,1,69,,21811,22,,,1,29,,21825,22,,,1,29,,21804,22,,,1,68,,21827,22,,,1,29,,21812,22,,,1,69,,21826,22,,,1,29,,21805,22,,,1,68,,21828,22,,,1,26,,21813,22,,,1
33000,'2_merged_67029',618,,21829,22,,,1,91,,21837,22,,,1,45,,21830,22,,,1,91,,21838,22,,,1,86,,21831,22,,,1,91,,21839,22,,,1,89,,21832,22,,,1,91,,21840,22,,,1,51,,21833,22,,,1,91,,21841,22,,,1,91,,21834,22,,,1,91,,21842,22,,,1,91,,21835,22,,,1,91,,21843,22,,,1,51,,21836,22,,,1,91,,21844,22,,,1
33000,'3_merged_67028',732,,21845,22,0,25 3 26,1,99,,21851,22,0,25 3 26,1,101,,21846,22,0,25 3 26,1,101,,21852,22,0,25 3 26,1,101,,21847,22,0,25 3 26,1,101,,21853,22,0,25 3 26,1,102,,21848,22,0,25 3 26,1,101,,21854,22,0,25 3 26,1,102,,21849,22,0,25 3 26,1,101,,21855,22,0,25 3 26,1,102,,21850,22,0,25 3 26,1,101,,21856,22,0,25 3 26,1
44600,'1_merged_67027',546,,22279,15,,,1,71,,22291,15,,,1,33,,22280,15,,,1,73,,22292,15,,,1,35,,22281,15,,,1,75,,22293,15,,,1,75,,22282,15,,,1,34,,22294,15,,,1,74,,22283,15,,,1,33,,22295,15,,,1,74,,22284,15,,,1,33,,22296,15,,,1,74,,22285,15,,,1,74,,22297,15,,,1,34,,22286,15,,,1,75,,22298,15,,,1,35,,22287,15,,,1,75,,22299,15,,,1,77,,22288,15,,,1,37,,22300,15,,,1,77,,22289,15,,,1,36,,22301,15,,,1,74,,22290,15,,,1,32,,22278,15,,,1
400001000,'1_merged_67027',552,,24623,34,,,1,57,,24625,34,,,1,14,,24634,34,,,1,11,,24645,34,,,1,11,,24615,34,,,1,11,,24652,34,,,1,51,,24627,34,,,1,12,,24644,34,,,1,12,,24672,34,,,1,12,,24624,34,,,1,11,,24647,34,,,1,52,,24626,34,,,1,12,,24635,34,,,1,12,,24646,34,,,1,12,,24616,34,,,1,61,,24628,34,,,1,23,,24653,34,,,1,23,,24648,34,,,1,62,,24636,34,,,1,23,,24617,34,,,1,22,,24629,34,,,1,62,,24654,34,,,1,22,,24649,34,,,1,63,,24637,34,,,1,22,,24618,34,,,1,22,,24630,34,,,1,62,,24655,34,,,1,22,,24650,34,,,1,22,,24638,34,,,1,63,,24619,34,,,1,22,,24631,34,,,1,12,,24661,13,,,1,51,,24656,34,,,1,11,,24663,13,,,1,12,,24651,34,,,1,12,,24659,34,,,1,13,,24639,34,,,1,52,,24665,34,,,1,13,,24620,34,,,1,12,,24614,34,,,1,13,,24632,34,,,1,12,,24662,34,,,1,53,,24657,34,,,1,12,,24664,34,,,1,13,,24667,34,,,1,13,,24660,34,,,1,12,,24640,34,,,1,52,,24666,34,,,1,11,,24621,34,,,1,12,,24674,34,,,1,12,,24633,34,,,1,62,,24658,34,,,1,22,,24668,34,,,1,21,,24641,34,,,1,62,,24622,34,,,1,29,,24673,34,,,1,73,,24669,34,,,1,33,,24642,34,,,1,74,,24675,34,,,1,33,,24670,34,,,1,73,,24643,34,,,1,34,,24676,34,,,1,73,,24671,34,,,1
400001000,'2_merged_67029',631,,24677,34,,,1,69,,24695,34,,,1,28,,24688,34,,,1,26,,24705,34,,,1,65,,24678,34,,,1,25,,24696,34,,,1,66,,24689,34,,,1,26,,24706,34,,,1,65,,24679,34,,,1,22,,24715,34,,,1,22,,24697,34,,,1,62,,24690,34,,,1,22,,24707,34,,,1,22,,24680,34,,,1,62,,24716,34,,,1,23,,24698,34,,,1,22,,24691,34,,,1,62,,24708,34,,,1,22,,24681,34,,,1,62,,24717,34,,,1,23,,24699,34,,,1,23,,24692,34,,,1,62,,24709,34,,,1,22,,24682,34,,,1,22,,24718,34,,,1,63,,24700,34,,,1,23,,24693,34,,,1,62,,24710,34,,,1,22,,24683,34,,,1,22,,24719,34,,,1,62,,24701,34,,,1,23,,24694,34,,,1,22,,24711,34,,,1,62,,24684,34,,,1,22,,24720,34,,,1,64,,24702,34,,,1,33,,24712,34,,,1,74,,24685,34,,,1,34,,24703,34,,,1,73,,24713,34,,,1,33,,24686,34,,,1,74,,24704,34,,,1,33,,24714,34,,,1,73,,24687,34,,,1
400001000,'3_merged_67028',651,,24721,34,,,1,73,,24741,34,,,1,33,,24731,34,,,1,74,,24722,34,,,1,74,,24742,34,,,1,35,,24732,34,,,1,75,,24723,34,,,1,36,,24743,34,,,1,77,,24733,34,,,1,77,,24724,34,,,1,37,,24744,34,,,1,77,,24734,34,,,1,37,,24725,34,,,1,77,,24745,34,,,1,77,,24735,34,,,1,38,,24726,34,,,1,77,,24746,34,,,1,77,,24736,34,,,1,38,,24727,34,,,1,76,,24747,34,,,1,37,,24737,34,,,1,75,,24728,34,,,1,75,,24748,34,,,1,33,,24738,34,,,1,74,,24729,34,,,1,34,,24749,34,,,1,73,,24739,34,,,1,33,,24730,34,,,1,74,,24750,34,,,1,33,,24740,34,,,1
