2800,'1_merged_67009',554,,39360,42,,,1,57,,39369,68,,,1,17,,39370,68,,,1,16,,39371,68,,,1,15,,39383,68,,,1,55,,39361,68,,,1,14,,39395,68,,,1,13,,39384,68,,,1,14,,39377,68,,,1,54,,39378,68,,,1,13,,39389,68,,,1,14,,39390,68,,,1,14,,39396,68,,,1,55,,39372,68,,,1,27,,39362,68,,,1,27,,39385,68,,,1,66,,39379,68,,,1,27,,39391,68,,,1,67,,39373,68,,,1,26,,39363,68,,,1,67,,39386,68,,,1,27,,39380,68,,,1,67,,39392,68,,,1,27,,39374,68,,,1,26,,39364,68,,,1,67,,39387,68,,,1,28,,39381,68,,,1,68,,39397,68,,,1,17,,39393,68,,,1,16,,39375,68,,,1,54,,39410,68,,,1,16,,39365,68,,,1,15,,39403,68,,,1,16,,39388,68,,,1,55,,39359,68,,,1,15,,39382,68,,,1,14,,39402,68,,,1,15,,39398,68,,,1,54,,39394,68,,,1,14,,39376,68,,,1,13,,39411,68,,,1,15,,39366,68,,,1,71,,39399,68,,,1,30,,39404,68,,,1,71,,39407,68,,,1,31,,39367,68,,,1,70,,39400,68,,,1,30,,39405,68,,,1,70,,39408,68,,,1,29,,39368,68,,,1,70,,39401,68,,,1,30,,39406,68,,,1,70,,39409,68,,,1
2800,'2_merged_67011',555,,39412,42,,,1,70,,39439,68,,,1,29,,39430,68,,,1,69,,39422,68,,,1,29,,39413,68,,,1,70,,39440,68,,,1,31,,39431,68,,,1,70,,39423,68,,,1,30,,39414,68,,,1,72,,39441,68,,,1,31,,39432,68,,,1,72,,39424,68,,,1,31,,39415,68,,,1,72,,39442,68,,,1,72,,39433,68,,,1,32,,39425,68,,,1,72,,39416,68,,,1,32,,39443,68,,,1,72,,39434,68,,,1,32,,39426,68,,,1,72,,39417,68,,,1,32,,39444,68,,,1,72,,39435,68,,,1,32,,39427,68,,,1,72,,39418,68,,,1,30,,39445,68,,,1,70,,39436,68,,,1,31,,39428,68,,,1,70,,39419,68,,,1,29,,39446,68,,,1,70,,39437,68,,,1,30,,39429,68,,,1,70,,39420,68,,,1,100,,39438,68,,,1,100,,39421,68,,,1
2800,'3_merged_67010',646,,39449,42,,,1,89,,39465,68,,,1,80,,39458,68,,,1,40,,39450,68,,,1,80,,39466,68,,,1,80,,39459,68,,,1,41,,39451,68,,,1,82,,39467,68,,,1,82,,39460,68,,,1,81,,39452,68,,,1,43,,39468,68,,,1,82,,39461,68,,,1,82,,39453,68,,,1,43,,39469,68,,,1,82,,39462,68,,,1,82,,39454,68,,,1,43,,39470,68,,,1,81,,39463,68,,,1,80,,39455,68,,,1,82,,39471,68,,,1,42,,39464,68,,,1,81,,39456,68,,,1,99,,39447,68,,,1,100,,39457,68,,,1,100,,39448,68,,,1
2800,'6',646,,39472,42,,,1,89,,39488,68,,,1,80,,39481,68,,,1,40,,39473,68,,,1,80,,39489,68,,,1,80,,39482,68,,,1,41,,39474,68,,,1,82,,39490,68,,,1,82,,39483,68,,,1,81,,39475,68,,,1,43,,39491,68,,,1,82,,39484,68,,,1,82,,39476,68,,,1,43,,39492,68,,,1,82,,39485,68,,,1,82,,39477,68,,,1,43,,39493,68,,,1,81,,39486,68,,,1,80,,39478,68,,,1,82,,39494,68,,,1,42,,39487,68,,,1,81,,39479,68,,,1,99,,39495,68,,,1,100,,39480,68,,,1,100,,39496,68,,,1
33001,'1_merged_67009',549,,42024,11,,,1,63,,42039,46,,,1,26,,42016,46,,,1,65,,42032,46,,,1,26,,42025,46,,,1,26,,42040,46,,,1,66,,42017,46,,,1,26,,42033,46,,,1,66,,42026,46,,,1,26,,42041,46,,,1,66,,42018,46,,,1,26,,42034,46,,,1,25,,42027,46,,,1,66,,42042,46,,,1,26,,42019,46,,,1,66,,42035,46,,,1,25,,42028,46,,,1,66,,42043,46,,,1,26,,42020,46,,,1,26,,42036,46,,,1,65,,42029,46,,,1,27,,42044,46,,,1,70,,42021,46,,,1,28,,42037,46,,,1,69,,42030,46,,,1,29,,42045,46,,,1,69,,42022,46,,,1,28,,42038,46,,,1,68,,42031,46,,,1,27,,42046,46,0,9 10 11,1,66,,42023,46,0,9 10 11,1
33001,'2_merged_67011',636,,42055,46,,,1,84,,42047,46,,,1,91,,42056,46,,,1,46,,42048,46,,,1,91,,42057,46,,,1,87,,42049,46,,,1,91,,42058,46,,,1,91,,42050,46,,,1,91,,42059,46,,,1,51,,42051,46,,,1,91,,42060,46,,,1,91,,42052,46,,,1,91,,42061,46,,,1,91,,42053,46,,,1,91,,42062,46,,,1,89,,42054,46,0,9 10 11,1
33001,'3_merged_67010',806,,42063,26,,,1,101,,42069,26,,,1,100,,42064,26,,,1,101,,42070,26,,,1,101,,42065,26,,,1,101,,42071,26,,,1,102,,42066,26,,,1,101,,42072,26,,,1,102,,42067,26,,,1,101,,42073,26,,,1,102,,42068,26,,,1,101,,42074,26,0,9 10 11,1
33001,'6',806,,42075,26,,,1,101,,42081,26,,,1,100,,42076,26,,,1,101,,42082,26,,,1,101,,42077,26,,,1,101,,42083,26,,,1,102,,42078,26,,,1,101,,42084,26,,,1,102,,42079,26,,,1,101,,42085,26,,,1,102,,42080,26,,,1,101,,42086,26,0,9 10 11,1
33600,'1_merged_67009',519,,42203,18,,,1,36,,42218,51,,,1,76,,42211,51,,,1,77,,42204,51,,,1,39,,42219,51,,,1,78,,42212,51,,,1,78,,42205,51,,,1,38,,42220,51,,,1,77,,42213,51,,,1,37,,42206,51,,,1,77,,42221,51,,,1,77,,42214,51,,,1,37,,42207,51,,,1,77,,42222,51,,,1,77,,42215,51,,,1,37,,42208,51,,,1,78,,42223,51,,,1,38,,42216,51,,,1,78,,42209,51,,,1,80,,42224,51,,,1,38,,42217,51,,,1,77,,42210,51,,,1,79,,42225,51,0,9 10 11,1
33600,'2_merged_67011',710,,42233,51,,,1,93,,42226,51,,,1,54,,42234,51,,,1,94,,42227,51,,,1,95,,42235,51,,,1,95,,42228,51,,,1,95,,42236,51,,,1,96,,42229,51,,,1,96,,42237,51,,,1,95,,42230,51,,,1,96,,42238,51,,,1,95,,42231,51,,,1,96,,42239,51,,,1,95,,42232,51,0,9 10 11,1
33600,'3_merged_67010',758,,42246,18,,,1,100,,42240,18,,,1,101,,42247,18,,,1,141,,42241,18,,,1,101,,42248,18,,,1,102,,42242,18,,,1,101,,42249,18,,,1,102,,42243,18,,,1,101,,42250,18,,,1,102,,42244,18,,,1,101,,42251,18,,,1,102,,42245,18,0,9 10 11,1
33600,'6',758,,42258,18,,,1,100,,42252,18,,,1,101,,42259,18,,,1,141,,42253,18,,,1,101,,42260,18,,,1,102,,42254,18,,,1,101,,42261,18,,,1,102,,42255,18,,,1,101,,42262,18,,,1,102,,42256,18,,,1,101,,42263,18,,,1,102,,42257,18,0,9 10 11,1
