22400,'1_merged_67009',553,,41739,19,4,,1,68,,41717,45,4,,1,29,,41730,45,4,,1,69,,41740,45,4,,1,29,,41718,45,4,,1,70,,41731,45,4,,1,30,,41741,45,4,,1,69,,41719,45,4,,1,29,,41732,45,4,,1,70,,41742,45,4,,1,29,,41720,45,4,,1,69,,41733,45,4,,1,28,,41743,45,4,,1,69,,41721,45,4,,1,29,,41734,45,4,,1,68,,41744,45,4,,1,29,,41722,45,4,,1,69,,41735,45,4,,1,30,,41745,45,4,,1,73,,41723,45,4,,1,31,,41736,45,4,,1,71,,41746,45,4,,1,32,,41724,45,4,,1,71,,41737,45,4,,1,31,,41747,45,4,,1,71,,41725,45,4,,1,30,,41738,45,4,,1,69,,41748,45,4,,1,27,,41726,45,4,,1,81,,41713,45,4,,1,82,,41727,45,4,,1,40,,41714,45,4,,1,81,,41728,45,4,,1,80,,41715,45,4,,1,41,,41729,45,4,,1,80,,41716,45,4,,1
22400,'2_merged_67011',702,,41749,45,4,,1,40,,41762,45,4,,1,81,,41750,45,4,,1,80,,41763,45,4,,1,42,,41751,45,4,,1,81,,41764,45,4,,1,82,,41752,45,4,,1,43,,41765,45,4,,1,83,,41753,45,4,,1,83,,41766,45,4,,1,83,,41754,45,4,,1,43,,41767,45,4,,1,83,,41755,45,4,,1,83,,41768,45,4,,1,43,,41756,45,4,,1,83,,41769,45,4,,1,82,,41757,45,4,,1,42,,41770,45,4,,1,83,,41758,45,4,,1,81,,41771,45,4,,1,82,,41759,45,4,,1,40,,41772,45,4,,1,81,,41760,45,4,,1,80,,41773,45,4,,1,41,,41761,45,4,,1,80,,41774,45,4,,1
22400,'3_merged_67010',741,,41775,19,4,,1,76,,41776,19,4,,1,36,,41777,19,4,,1,76,,41778,19,4,,1,76,,41779,19,4,,1,38,,41780,19,4,,1,79,,41781,19,4,,1,80,,41782,19,4,,1,40,,41783,19,4,,1,80,,41784,19,4,,1,80,,41785,19,4,,1,40,,41786,19,4,,1,80,,41787,19,4,,1,80,,41788,19,4,,1,40,,41789,19,4,,1,80,,41790,19,4,,1,80,,41791,19,4,,1,39,,41792,19,4,,1,79,,41793,19,4,,1,38,,41794,19,4,,1,78,,41795,19,4,,1,77,,41796,19,4,,1,36,,41797,19,4,,1,76,,41798,19,4,,1,76,,41799,19,4,,1,36,,41800,19,4,,1,76,,41801,19,4,,1
22400,'6',741,,41802,19,4,,1,76,,41803,19,4,,1,36,,41804,19,4,,1,76,,41805,19,4,,1,76,,41806,19,4,,1,38,,41807,19,4,,1,79,,41808,19,4,,1,80,,41809,19,4,,1,40,,41810,19,4,,1,80,,41811,19,4,,1,80,,41812,19,4,,1,40,,41813,19,4,,1,80,,41814,19,4,,1,80,,41815,19,4,,1,40,,41816,19,4,,1,80,,41817,19,4,,1,80,,41818,19,4,,1,39,,41819,19,4,,1,79,,41820,19,4,,1,38,,41821,19,4,,1,78,,41822,19,4,,1,77,,41823,19,4,,1,36,,41824,19,4,,1,76,,41825,19,4,,1,76,,41826,19,4,,1,36,,41827,19,4,,1,76,,41828,19,4,,1
22401,'1_merged_67009',528,,41847,1,,,1,28,,41856,1,,,1,68,,41834,1,,,1,29,,41848,1,,,1,69,,41857,1,,,1,29,,41835,1,,,1,70,,41849,1,,,1,30,,41858,1,,,1,70,,41836,1,,,1,29,,41850,1,,,1,69,,41859,1,,,1,29,,41837,1,,,1,69,,41851,1,,,1,28,,41860,1,,,1,69,,41838,1,,,1,29,,41852,1,,,1,68,,41861,1,,,1,30,,41839,1,,,1,70,,41853,1,,,1,30,,41862,1,,,1,71,,41840,1,,,1,31,,41854,1,,,1,71,,41863,1,,,1,32,,41841,1,,,1,71,,41855,1,,,1,31,,41864,1,,,1,71,,41842,1,,,1,83,,41829,1,,,1,43,,41843,1,,,1,81,,41830,1,,,1,82,,41844,1,,,1,40,,41831,1,,,1,81,,41845,1,,,1,80,,41832,1,,,1,41,,41846,1,,,1
22401,'2_merged_67011',624,,41878,1,,,1,81,,41865,1,,,1,40,,41879,1,,,1,81,,41866,1,,,1,80,,41880,1,,,1,42,,41867,1,,,1,81,,41881,1,,,1,82,,41868,1,,,1,43,,41882,1,,,1,83,,41869,1,,,1,83,,41883,1,,,1,83,,41870,1,,,1,43,,41884,1,,,1,83,,41871,1,,,1,83,,41885,1,,,1,43,,41872,1,,,1,83,,41886,1,,,1,82,,41873,1,,,1,82,,41887,1,,,1,43,,41874,1,,,1,81,,41888,1,,,1,82,,41875,1,,,1,40,,41889,1,,,1,81,,41876,1,,,1,80,,41890,1,,,1,41,,41877,1,,,1
22401,'3_merged_67010',708,,41891,1,0,5 6,1,36,,41892,1,0,5 6,1,76,,41893,1,0,5 6,1,36,,41894,1,0,5 6,1,76,,41895,1,0,5 6,1,76,,41896,1,0,5 6,1,38,,41897,1,0,5 6,1,79,,41898,1,0,5 6,1,80,,41899,1,0,5 6,1,40,,41900,1,0,5 6,1,80,,41901,1,0,5 6,1,80,,41902,1,0,5 6,1,40,,41903,1,0,5 6,1,80,,41904,1,0,5 6,1,80,,41905,1,0,5 6,1,40,,41906,1,0,5 6,1,80,,41907,1,0,5 6,1,80,,41908,1,0,5 6,1,39,,41909,1,0,5 6,1,79,,41910,1,0,5 6,1,78,,41911,1,0,5 6,1,38,,41912,1,0,5 6,1,77,,41913,1,0,5 6,1,36,,41914,1,0,5 6,1,76,,41915,1,0,5 6,1,76,,41916,1,0,5 6,1,36,,41917,1,0,5 6,1
22401,'6',708,,41918,1,0,5 6,1,36,,41919,1,0,5 6,1,76,,41920,1,0,5 6,1,36,,41921,1,0,5 6,1,76,,41922,1,0,5 6,1,76,,41923,1,0,5 6,1,38,,41924,1,0,5 6,1,79,,41925,1,0,5 6,1,80,,41926,1,0,5 6,1,40,,41927,1,0,5 6,1,80,,41928,1,0,5 6,1,80,,41929,1,0,5 6,1,40,,41930,1,0,5 6,1,80,,41931,1,0,5 6,1,80,,41932,1,0,5 6,1,40,,41933,1,0,5 6,1,80,,41934,1,0,5 6,1,80,,41935,1,0,5 6,1,39,,41936,1,0,5 6,1,79,,41937,1,0,5 6,1,78,,41938,1,0,5 6,1,38,,41939,1,0,5 6,1,77,,41940,1,0,5 6,1,36,,41941,1,0,5 6,1,76,,41942,1,0,5 6,1,76,,41943,1,0,5 6,1,36,,41944,1,0,5 6,1
83300,'1_merged_67009',559,,43915,28,4,,1,87,,43916,28,4,,1,90,,43917,28,4,,1,91,,43918,28,4,,1,91,,43919,28,4,,1,622,,43920,28,4,,1,92,,43921,28,4,,1,91,,43922,28,4,,1,91,,43923,28,4,,1,88,,43924,28,4,,1
83301,'1_merged_67009',602,,43925,1,,,1,47,,43926,1,,,1,90,,43927,1,,,1,91,,43928,1,,,1,621,,43929,1,,,1,92,,43930,1,,,1,92,,43931,1,,,1,91,,43932,1,,,1,91,,43933,1,,,1
88900,'1_merged_67009',639,,44082,26,4,,1,79,,44085,26,4,,1,41,,44083,26,4,,1,81,,44086,26,4,,1,80,,44084,26,4,,1,586,,44087,26,4,,1,41,,44079,26,4,,1,82,,44088,26,4,,1,81,,44080,26,4,,1,41,,44089,26,4,,1,81,,44081,26,4,,1,77,,44090,26,4,,1
88901,'1_merged_67009',526,,44093,1,,,1,78,,44096,1,,,1,39,,44094,1,,,1,79,,44097,1,,,1,81,,44095,1,,,1,41,,44098,1,,,1,666,,44099,1,,,1,41,,44091,1,,,1,82,,44100,1,,,1,81,,44092,1,,,1,41,,44101,1,,,1
