7400,'1_merged_67009',551,,41197,12,,,1,62,,41184,12,,,1,24,,41191,12,,,1,64,,41180,12,,,1,26,,41198,12,,,1,25,,41205,12,,,1,67,,41212,12,,,1,26,,41216,12,,,1,67,,41185,12,,,1,25,,41192,12,,,1,65,,41181,12,,,1,26,,41199,12,,,1,26,,41206,12,,,1,65,,41213,12,,,1,25,,41217,12,,,1,65,,41186,12,,,1,25,,41193,12,,,1,25,,41182,12,,,1,65,,41200,12,,,1,26,,41207,12,,,1,66,,41214,12,,,1,26,,41218,12,,,1,67,,41187,12,,,1,26,,41194,12,,,1,68,,41183,12,,,1,29,,41201,12,,,1,68,,41208,12,,,1,29,,41215,12,,,1,28,,41219,12,,,1,67,,41188,12,,,1,25,,41195,12,,,1,65,,41178,12,,,1,25,,41202,12,,,1,65,,41209,12,,,1,25,,41221,12,,,1,26,,41220,12,,,1,65,,41189,12,,,1,32,,41196,12,,,1,72,,41203,12,,,1,32,,41210,12,,,1,72,,41222,12,0,5 6,1,73,,41190,12,0,5 6,1
7400,'2_merged_67011',542,,41224,12,,,1,73,,41238,12,,,1,32,,41252,12,,,1,72,,41245,12,,,1,32,,41232,12,,,1,72,,41225,12,,,1,33,,41239,12,,,1,73,,41253,12,,,1,73,,41246,12,,,1,32,,41233,12,,,1,73,,41226,12,,,1,33,,41240,12,,,1,74,,41254,12,,,1,35,,41247,12,,,1,75,,41234,12,,,1,34,,41227,12,,,1,75,,41241,12,,,1,75,,41255,12,,,1,35,,41248,12,,,1,75,,41235,12,,,1,34,,41228,12,,,1,75,,41242,12,,,1,75,,41256,12,,,1,35,,41249,12,,,1,74,,41236,12,,,1,32,,41229,12,,,1,72,,41243,12,,,1,32,,41257,12,,,1,73,,41250,12,,,1,32,,41237,12,,,1,72,,41230,12,,,1,32,,41244,12,,,1,72,,41258,12,0,5 6,1,73,,41251,12,0,5 6,1
7400,'3_merged_67010',712,,41265,12,,,1,40,,41278,12,,,1,81,,41259,12,,,1,81,,41272,12,,,1,42,,41266,12,,,1,81,,41279,12,,,1,82,,41260,12,,,1,82,,41273,12,,,1,43,,41267,12,,,1,84,,41280,12,,,1,84,,41261,12,,,1,44,,41274,12,,,1,84,,41268,12,,,1,84,,41281,12,,,1,83,,41262,12,,,1,45,,41275,12,,,1,83,,41269,12,,,1,82,,41282,12,,,1,42,,41263,12,,,1,80,,41276,12,,,1,80,,41270,12,,,1,40,,41283,12,,,1,80,,41264,12,,,1,80,,41277,12,0,5 6,1,40,,41271,12,0,5 6,1
7400,'6',712,,41290,12,,,1,40,,41303,12,,,1,81,,41284,12,,,1,81,,41297,12,,,1,42,,41291,12,,,1,81,,41304,12,,,1,82,,41285,12,,,1,82,,41298,12,,,1,43,,41292,12,,,1,84,,41305,12,,,1,84,,41286,12,,,1,44,,41299,12,,,1,84,,41293,12,,,1,84,,41306,12,,,1,83,,41287,12,,,1,45,,41300,12,,,1,83,,41294,12,,,1,82,,41307,12,,,1,42,,41288,12,,,1,80,,41301,12,,,1,80,,41295,12,,,1,40,,41308,12,,,1,80,,41289,12,,,1,80,,41302,12,0,5 6,1,40,,41296,12,0,5 6,1
67600,'1_merged_67009',531,,43362,12,,,1,27,,43376,12,,,1,66,,43369,12,,,1,29,,43384,12,,,1,69,,43363,12,,,1,29,,43377,12,,,1,69,,43370,12,,,1,28,,43385,12,,,1,69,,43364,12,,,1,29,,43378,12,,,1,68,,43371,12,,,1,28,,43386,12,,,1,68,,43365,12,,,1,28,,43379,12,,,1,68,,43372,12,,,1,28,,43387,12,,,1,68,,43366,12,,,1,29,,43380,12,,,1,27,,43373,12,,,1,70,,43388,12,,,1,28,,43367,12,,,1
67600,'2_merged_67011',637,,43392,12,,,1,99,,43399,12,,,1,95,,43393,12,,,1,98,,43400,12,,,1,98,,43394,12,,,1,99,,43401,12,,,1,98,,43395,12,,,1,99,,43402,12,,,1,99,,43396,12,,,1,99,,43403,12,,,1,99,,43397,12,,,1,99,,43404,12,,,1,99,,43398,12,,,1
67600,'3_merged_67010',735,,43405,12,,,1,96,,43411,12,,,1,98,,43406,12,,,1,98,,43412,12,,,1,99,,43407,12,,,1,98,,43413,12,,,1,99,,43408,12,,,1,99,,43414,12,,,1,99,,43409,12,,,1,99,,43415,12,,,1,99,,43410,12,,,1,99,,43416,12,,,1
67600,'6',735,,43417,12,,,1,96,,43423,12,,,1,98,,43418,12,,,1,98,,43424,12,,,1,99,,43419,12,,,1,98,,43425,12,,,1,99,,43420,12,,,1,99,,43426,12,,,1,99,,43421,12,,,1,99,,43427,12,,,1,99,,43422,12,,,1,99,,43428,12,,,1
67601,'1_merged_67009',1522,,43449,73,,,1,31,,43442,73,,,1,55,,43460,25,,,1,15,,43457,73,,,1,16,,43459,25,,,1,15,,43435,73,,,1,56,,43429,25,,,1,15,,43450,73,,,1,30,,43443,73,,,1,71,,43458,73,,,1,28,,43436,73,,,1,69,,43451,73,,,1
67601,'2_merged_67011',1912,,43473,73,,,1
67601,'3_merged_67010',1912,,43479,73,,,1
67601,'6',1912,,43491,73,,,1
