'1merged67235',3100,53920,,'',1,6600,,'',1,2500,,'',1,2500,,'',1,6800,,'',1,2700,,'',1,6700,,'',1,2800,,'',1,6700,,'',1,2600,,'',1,6600,,'',1,2600,,'',1,2600,,'',1,6600,,'',1,2600,,'',1,6600,,'',1,2600,,'',1,6600,,'',1,2600,,'',1,2600,,'',1,6700,,'',1,2600,,'',1,6700,,'',1,1510,,'',1,1400,,'',1,5400,,'',1,1300,,'',1,1400,,'',1,1400,,'',1,1500,,'',1,5500,,'',1,1400,,'',1,1300,,'',1,1400,,'',1,5390,,'',1,1400,,'',1,1500,,'',1,6400,,'',1,3900,,'',1,7800,,'',1,3800,,'',1,7800,,'',1,7700,,'',1,3700,,'',1,7700,,'',1
'2merged67237',3100,60720,,'',1,3700,,'',1,7800,,'',1,3700,,'',1,7800,,'',1,7700,,'',1,3800,,'',1,7800,,'',1,7900,,'',1,3900,,'',1,8000,,'',1,7900,,'',1,4000,,'',1,7900,,'',1,8000,,'',1,3900,,'',1,8000,,'',1,7900,,'',1,4000,,'',1,7900,,'',1,7900,,'',1,3800,,'',1,7900,,'',1,3800,,'',1,7800,,'',1,7700,,'',1,3700,,'',1,7700,,'',1
'3merged67236',3100,70420,,'',1,11300,,'',1,11300,,'',1,11400,,'',1,7800,,'',1,7800,,'',1,3900,,'',1,7800,,'',1,3900,,'',1,7800,,'',1,7900,,'',1,3800,,'',1,7900,,'',1,7800,,'',1,3900,,'',1,7800,,'',1,11600,,'',1,11600,,'',1,15500,,'',1
'6',3100,70420,,'',1,11300,,'',1,11300,,'',1,11400,,'',1,7800,,'',1,7800,,'',1,3900,,'',1,7800,,'',1,3900,,'',1,7800,,'',1,7900,,'',1,3800,,'',1,7900,,'',1,7800,,'',1,3900,,'',1,7800,,'',1,11600,,'',1,11600,,'',1,15500,,'',1
'1merged67235',400001200,53400,4,'',1,1900,4,'',1,5800,4,'',1,1900,4,'',1,1500,4,'',1,1200,4,'',1,5100,4,'',1,1000,4,'',1,1100,4,'',1,1100,4,'',1,1000,4,'',1,5000,4,'',1,1000,4,'',1,1000,4,'',1,1000,4,'',1,1000,4,'',1,1100,4,'',1,5700,4,'',1,2000,4,'',1,2100,4,'',1,6100,4,'',1,2000,4,'',1,2000,4,'',1,6000,4,'',1,2000,4,'',1,2000,4,'',1,6000,4,'',1,2000,4,'',1,2000,4,'',1,6000,4,'',1,2000,4,'',1,2000,4,'',1,6000,4,'',1,2100,4,'',1,2400,4,'',1,6600,4,'',1,2600,4,'',1,6400,4,'',1,2100,4,'',1,2000,4,'',1,6000,4,'',1,2000,4,'',1,2300,4,'',1,6100,4,'',1,2200,4,'',1,6400,4,'',1,2200,4,'',1,2500,4,'',1,7000,4,'',1,3000,4,'',1,6800,4,'',1,2800,4,'',1,8000,4,'',1,9200,4,'',1,9300,4,'',1,9200,4,'',1
'1merged67235',400001201,52000,,'',1,1900,,'',1,1900,,'',1,6000,,'',1,2000,,'',1,1900,,'',1,5800,,'',1,1900,,'',1,1900,,'',1,6000,,'',1,1800,,'',1,2100,,'',1,6200,,'',1,2000,,'',1,2100,,'',1,6000,,'',1,2000,,'',1,2000,,'',1,6000,,'',1,2000,,'',1,2000,,'',1,6000,,'',1,2000,,'',1,2000,,'',1,6000,,'',1,2000,,'',1,2000,,'',1,6200,,'',1,2200,,'',1,6100,,'',1,1400,,'',1,1200,,'',1,1100,,'',1,1200,,'',1,5200,,'',1,1200,,'',1,1200,,'',1,1200,,'',1,1200,,'',1,5200,,'',1,1200,,'',1,1200,,'',1,1200,,'',1,1200,,'',1,5200,,'',1,1200,,'',1,1200,,'',1,2100,,'',1,6300,,'',1,2200,,'',1,2500,,'',1,7100,,'',1,2900,,'',1,6600,,'',1,2800,,'',1,8000,,'',1,9300,,'',1,9200,,'',1
'2merged67237',400001200,61400,4,'',1,2600,4,'',1,6600,4,'',1,2600,4,'',1,2600,4,'',1,6700,4,'',1,2600,4,'',1,6800,4,'',1,2700,4,'',1,6700,4,'',1,2900,4,'',1,6800,4,'',1,3000,4,'',1,6800,4,'',1,2900,4,'',1,6900,4,'',1,3000,4,'',1,6900,4,'',1,3000,4,'',1,6900,4,'',1,3000,4,'',1,6900,4,'',1,3000,4,'',1,6900,4,'',1,3000,4,'',1,6900,4,'',1,3000,4,'',1,6900,4,'',1,2800,4,'',1,2800,4,'',1,6800,4,'',1,2500,4,'',1,6800,4,'',1,2600,4,'',1,6700,4,'',1,2700,4,'',1,6600,4,'',1,2600,4,'',1,2500,4,'',1
'2merged67237',400001201,55200,,'',1,6600,,'',1,2600,,'',1,6600,,'',1,2600,,'',1,6600,,'',1,2700,,'',1,2600,,'',1,6800,,'',1,2700,,'',1,6800,,'',1,2900,,'',1,6800,,'',1,2900,,'',1,6900,,'',1,3000,,'',1,6900,,'',1,3000,,'',1,6900,,'',1,3000,,'',1,6900,,'',1,3000,,'',1,6900,,'',1,3000,,'',1,6900,,'',1,3000,,'',1,6900,,'',1,2800,,'',1,6900,,'',1,2800,,'',1,6800,,'',1,2800,,'',1,2700,,'',1,6700,,'',1,2700,,'',1,6700,,'',1,2600,,'',1,6500,,'',1,2600,,'',1
'3merged67236',400001200,70600,4,'',1,2600,4,'',1,2600,4,'',1,6700,4,'',1,2600,4,'',1,6800,4,'',1,2700,4,'',1,6700,4,'',1,2900,4,'',1,6800,4,'',1,3000,4,'',1,6800,4,'',1,2900,4,'',1,6900,4,'',1,3000,4,'',1,6900,4,'',1,3000,4,'',1,6900,4,'',1,3000,4,'',1,6900,4,'',1,3000,4,'',1,6900,4,'',1,3000,4,'',1,6900,4,'',1,3000,4,'',1,6900,4,'',1,2800,4,'',1,2800,4,'',1,6800,4,'',1,2500,4,'',1,6800,4,'',1,2600,4,'',1,6700,4,'',1,2700,4,'',1
'3merged67236',400001201,64400,,'',1,6600,,'',1,2600,,'',1,6600,,'',1,2700,,'',1,2600,,'',1,6800,,'',1,2700,,'',1,6800,,'',1,2900,,'',1,6800,,'',1,2900,,'',1,6900,,'',1,3000,,'',1,6900,,'',1,3000,,'',1,6900,,'',1,3000,,'',1,6900,,'',1,3000,,'',1,6900,,'',1,3000,,'',1,6900,,'',1,3000,,'',1,6900,,'',1,2800,,'',1,6900,,'',1,2800,,'',1,6800,,'',1,2800,,'',1,2700,,'',1,6700,,'',1,2700,,'',1,6700,,'',1
'6',400001200,70600,4,'',1,2600,4,'',1,2600,4,'',1,6700,4,'',1,2600,4,'',1,6800,4,'',1,2700,4,'',1,6700,4,'',1,2900,4,'',1,6800,4,'',1,3000,4,'',1,6800,4,'',1,2900,4,'',1,6900,4,'',1,3000,4,'',1,6900,4,'',1,3000,4,'',1,6900,4,'',1,3000,4,'',1,6900,4,'',1,3000,4,'',1,6900,4,'',1,3000,4,'',1,6900,4,'',1,3000,4,'',1,6900,4,'',1,2800,4,'',1,2800,4,'',1,6800,4,'',1,2500,4,'',1,6800,4,'',1,2600,4,'',1,6700,4,'',1,2700,4,'',1,6500,4,'',1,2600,4,'',1,2600,4,'',1,6400,4,'',1
'6',400001201,64400,,'',1,6600,,'',1,2600,,'',1,6600,,'',1,2700,,'',1,2600,,'',1,6800,,'',1,2700,,'',1,6800,,'',1,2900,,'',1,6800,,'',1,2900,,'',1,6900,,'',1,3000,,'',1,6900,,'',1,3000,,'',1,6900,,'',1,3000,,'',1,6900,,'',1,3000,,'',1,6900,,'',1,3000,,'',1,6900,,'',1,3000,,'',1,6900,,'',1,2800,,'',1,6900,,'',1,2800,,'',1,6800,,'',1,2800,,'',1,2700,,'',1,6700,,'',1,2700,,'',1,6600,,'',1,2600,,'',1,6600,,'',1,2600,,'',1,2600,,'',1,6500,,'',1
'1merged67235',400001300,54400,4,'',1,5800,4,'',1,2000,4,'',1,1900,4,'',1,1400,4,'',1,5000,4,'',1,1100,4,'',1,1000,4,'',1,1000,4,'',1,1100,4,'',1,1000,4,'',1,5000,4,'',1,1000,4,'',1,1000,4,'',1,1000,4,'',1,1000,4,'',1,1100,4,'',1,6000,4,'',1,2100,4,'',1,6100,4,'',1,2000,4,'',1,2000,4,'',1,6000,4,'',1,2000,4,'',1,2000,4,'',1,6000,4,'',1,2000,4,'',1,2000,4,'',1,6000,4,'',1,2000,4,'',1,2000,4,'',1,6100,4,'',1,2200,4,'',1,2200,4,'',1,6400,4,'',1,2500,4,'',1,2500,4,'',1,6300,4,'',1,2000,4,'',1,6000,4,'',1,2000,4,'',1,2100,4,'',1,6300,4,'',1,2400,4,'',1,2300,4,'',1,6200,4,'',1,2300,4,'',1,6900,4,'',1,3000,4,'',1,6700,4,'',1,2700,4,'',1,2800,4,'',1,9300,4,'',1,9200,4,'',1,9200,4,'',1
'1merged67235',400001301,51000,,'',1,2000,,'',1,1800,,'',1,6000,,'',1,2000,,'',1,2000,,'',1,5800,,'',1,1800,,'',1,1900,,'',1,6000,,'',1,1900,,'',1,1800,,'',1,6300,,'',1,2100,,'',1,2100,,'',1,6000,,'',1,2000,,'',1,2000,,'',1,6000,,'',1,2000,,'',1,2000,,'',1,6000,,'',1,2000,,'',1,2000,,'',1,6000,,'',1,2000,,'',1,2000,,'',1,6100,,'',1,2200,,'',1,2200,,'',1,5800,,'',1,1200,,'',1,1100,,'',1,1200,,'',1,1200,,'',1,5200,,'',1,1200,,'',1,1200,,'',1,1200,,'',1,1200,,'',1,5200,,'',1,1200,,'',1,1200,,'',1,1200,,'',1,1200,,'',1,5200,,'',1,1200,,'',1,1600,,'',1,2300,,'',1,6200,,'',1,2300,,'',1,6900,,'',1,3000,,'',1,6700,,'',1,2700,,'',1,6800,,'',1,5300,,'',1,9200,,'',1,9200,,'',1
'2merged67237',400001300,62700,4,'',1,2600,4,'',1,6600,4,'',1,2600,4,'',1,6600,4,'',1,2600,4,'',1,6700,4,'',1,2800,4,'',1,6800,4,'',1,2800,4,'',1,2900,4,'',1,6800,4,'',1,3000,4,'',1,6900,4,'',1,3000,4,'',1,6900,4,'',1,3000,4,'',1,6900,4,'',1,3000,4,'',1,6900,4,'',1,3000,4,'',1,6900,4,'',1,3000,4,'',1,6900,4,'',1,3000,4,'',1,6800,4,'',1,2900,4,'',1,6700,4,'',1,2800,4,'',1,6900,4,'',1,2700,4,'',1,6800,4,'',1,2700,4,'',1,2700,4,'',1,6500,4,'',1,2700,4,'',1,6600,4,'',1,2400,4,'',1,6600,4,'',1
'2merged67237',400001301,60700,,'',1,2400,,'',1,2600,,'',1,6600,,'',1,2600,,'',1,6600,,'',1,2700,,'',1,6700,,'',1,2700,,'',1,6800,,'',1,2800,,'',1,6900,,'',1,2800,,'',1,3000,,'',1,6900,,'',1,3000,,'',1,6900,,'',1,3000,,'',1,6900,,'',1,3000,,'',1,6900,,'',1,3000,,'',1,6900,,'',1,3000,,'',1,6900,,'',1,3000,,'',1,6800,,'',1,2900,,'',1,6800,,'',1,2800,,'',1,6800,,'',1,2700,,'',1,6800,,'',1,2700,,'',1,6700,,'',1,2600,,'',1,2600,,'',1,6600,,'',1,2400,,'',1
'3merged67236',400001300,65300,4,'',1,6600,4,'',1,2600,4,'',1,6600,4,'',1,2600,4,'',1,6700,4,'',1,2800,4,'',1,6800,4,'',1,2800,4,'',1,2900,4,'',1,6800,4,'',1,3000,4,'',1,6900,4,'',1,3000,4,'',1,6900,4,'',1,3000,4,'',1,6900,4,'',1,3000,4,'',1,6900,4,'',1,3000,4,'',1,6900,4,'',1,3000,4,'',1,6900,4,'',1,3000,4,'',1,6800,4,'',1,2900,4,'',1,6700,4,'',1,2800,4,'',1,6900,4,'',1,2700,4,'',1,6800,4,'',1,2700,4,'',1,2700,4,'',1,6500,4,'',1,2700,4,'',1
'3merged67236',400001301,63100,,'',1,2600,,'',1,6600,,'',1,2600,,'',1,6600,,'',1,2700,,'',1,6700,,'',1,2700,,'',1,6800,,'',1,2800,,'',1,6900,,'',1,2800,,'',1,3000,,'',1,6900,,'',1,3000,,'',1,6900,,'',1,3000,,'',1,6900,,'',1,3000,,'',1,6900,,'',1,3000,,'',1,6900,,'',1,3000,,'',1,6900,,'',1,3000,,'',1,6800,,'',1,2900,,'',1,6800,,'',1,2800,,'',1,6800,,'',1,2700,,'',1,6800,,'',1,2700,,'',1,6700,,'',1,2600,,'',1
'6',400001300,65300,4,'',1,6600,4,'',1,2600,4,'',1,6600,4,'',1,2600,4,'',1,6700,4,'',1,2800,4,'',1,6800,4,'',1,2800,4,'',1,2900,4,'',1,6800,4,'',1,3000,4,'',1,6900,4,'',1,3000,4,'',1,6900,4,'',1,3000,4,'',1,6900,4,'',1,3000,4,'',1,6900,4,'',1,3000,4,'',1,6900,4,'',1,3000,4,'',1,6900,4,'',1,3000,4,'',1,6800,4,'',1,2900,4,'',1,6700,4,'',1,2800,4,'',1,6900,4,'',1,2700,4,'',1,6800,4,'',1,2700,4,'',1,2700,4,'',1,6500,4,'',1,2700,4,'',1,6500,4,'',1,2500,4,'',1,6500,4,'',1,2500,4,'',1
'6',400001301,63100,,'',1,2600,,'',1,6600,,'',1,2600,,'',1,6600,,'',1,2700,,'',1,6700,,'',1,2700,,'',1,6800,,'',1,2800,,'',1,6900,,'',1,2800,,'',1,3000,,'',1,6900,,'',1,3000,,'',1,6900,,'',1,3000,,'',1,6900,,'',1,3000,,'',1,6900,,'',1,3000,,'',1,6900,,'',1,3000,,'',1,6900,,'',1,3000,,'',1,6800,,'',1,2900,,'',1,6800,,'',1,2800,,'',1,6800,,'',1,2700,,'',1,6800,,'',1,2700,,'',1,6700,,'',1,2500,,'',1,2600,,'',1,6600,,'',1,2600,,'',1,6600,,'',1,2500,,'',1
