55200,'1_merged_67027',543,,22380,27,,,1,69,,22393,27,,,1,29,,22381,27,,,1,70,,22394,27,,,1,30,,22382,27,,,1,71,,22395,27,,,1,31,,22383,27,,,1,71,,22396,27,,,1,30,,22384,27,,,1,71,,22397,27,,,1,30,,22385,27,,,1,71,,22398,27,,,1,30,,22386,27,,,1,71,,22399,27,,,1,30,,22387,27,,,1,71,,22400,27,,,1,30,,22388,27,,,1,71,,22401,27,,,1,32,,22389,27,,,1
55201,'1_merged_67027',1521,,22427,46,,,1,32,,22415,46,,,1,73,,22428,46,,,1,32,,22416,46,,,1,72,,22429,46,,,1,71,,22417,46,,,1,30,,22430,46,,,1,71,,22418,46,,,1
67600,'1_merged_67027',542,,23130,18,,,1,67,,23113,66,,,1,30,,23123,66,,,1,71,,23117,66,,,1,31,,23131,66,,,1,71,,23137,66,,,1,31,,23124,66,,,1,71,,23118,66,,,1,31,,23132,66,,,1,70,,23138,66,,,1,29,,23125,66,,,1,69,,23119,66,,,1,30,,23133,66,,,1,70,,23139,66,,,1,29,,23126,66,,,1,69,,23120,66,,,1,30,,23134,66,,,1,70,,23140,66,,,1,31,,23127,66,,,1,72,,23121,66,,,1,32,,23135,66,,,1,56,,23116,18,,,1,16,,23141,54,,,1,17,,23115,18,,,1,16,,23128,54,,,1,56,,23114,18,,,1,17,,23122,54,,,1,33,,23136,54,,,1,73,,23142,54,,,1,70,,23129,54,,,1
67600,'2_merged_67029',718,,23149,54,,,1,97,,23143,54,,,1,98,,23150,54,,,1,98,,23144,54,,,1,99,,23151,54,,,1,98,,23145,54,,,1,99,,23152,54,,,1,99,,23146,54,,,1,99,,23153,54,,,1,99,,23147,54,,,1,99,,23154,54,,,1,99,,23148,54,,,1,98,,23155,54,,,1
67600,'3_merged_67028',815,,23162,54,,,1,98,,23156,54,,,1,98,,23163,54,,,1,99,,23157,54,,,1,98,,23164,54,,,1,99,,23158,54,,,1,99,,23165,54,,,1,99,,23159,54,,,1,99,,23166,54,,,1,99,,23160,54,,,1,99,,23167,54,,,1,98,,23161,54,,,1
600000600,'1_merged_67027',1354,,27460,1,,,1,55,,27455,1,,,1,13,,27477,1,,,1,11,,27420,1,,,1,12,,27426,1,,,1,11,,27480,1,,,1,51,,27443,1,,,1,11,,27450,1,,,1,11,,27479,1,,,1,12,,27471,1,,,1,11,,27436,1,,,1,52,,27482,1,,,1,12,,27461,1,,,1,12,,27456,1,,,1,12,,27478,1,,,1,12,,27421,1,,,1,53,,27427,1,,,1,12,,27481,1,,,1,12,,27444,1,,,1,13,,27451,1,,,1,16,,27472,1,,,1,59,,27491,1,,,1,20,,27462,1,,,1,21,,27483,1,,,1,60,,27428,1,,,1,19,,27487,1,,,1,20,,27473,1,,,1,59,,27492,1,,,1,19,,27463,1,,,1,67,,27484,1,,,1,28,,27488,1,,,1,28,,27474,1,,,1,67,,27464,1,,,1,27,,27485,1,,,1,67,,27489,1,,,1,27,,27475,1,,,1,67,,27494,1,,,1,25,,27486,1,,,1,67,,27490,1,,,1
600000600,'2_merged_67029',1413,,27519,1,,,1,21,,27499,1,,,1,21,,27535,1,,,1,61,,27528,1,,,1,21,,27544,1,,,1,21,,27510,1,,,1,62,,27520,1,,,1,21,,27500,1,,,1,61,,27536,1,,,1,21,,27529,1,,,1,21,,27545,1,,,1,60,,27511,1,,,1,22,,27521,1,,,1,20,,27501,1,,,1,60,,27537,1,,,1,20,,27530,1,,,1,20,,27546,1,,,1,60,,27512,1,,,1,20,,27522,1,,,1,20,,27502,1,,,1,68,,27538,1,,,1,29,,27547,1,,,1,70,,27513,1,,,1,29,,27503,1,,,1,68,,27539,1,,,1,28,,27548,1,,,1,69,,27514,1,,,1,29,,27504,1,,,1,68,,27540,1,,,1
600000600,'3_merged_67028',1400,,27579,1,,,1,25,,27572,1,,,1,25,,27553,1,,,1,65,,27585,1,,,1,26,,27563,1,,,1,66,,27580,1,,,1,25,,27573,1,,,1,25,,27554,1,,,1,65,,27586,1,,,1,26,,27564,1,,,1,65,,27581,1,,,1,26,,27574,1,,,1,78,,27555,1,,,1,39,,27565,1,,,1,80,,27575,1,,,1,79,,27556,1,,,1,38,,27566,1,,,1,80,,27576,1,,,1,78,,27557,1,,,1,38,,27567,1,,,1
600000601,'1_merged_67027',1349,,27631,58,4,,1,55,,27625,58,4,,1,16,,27590,58,4,,1,17,,27597,58,4,,1,15,,27614,58,4,,1,55,,27620,58,4,,1,14,,27649,58,4,,1,14,,27641,58,4,,1,12,,27606,58,4,,1,12,,27651,58,4,,1,52,,27632,58,4,,1,11,,27626,58,4,,1,12,,27648,58,4,,1,13,,27591,58,4,,1,12,,27598,58,4,,1,52,,27650,58,4,,1,12,,27615,58,4,,1,11,,27621,58,4,,1,10,,27660,58,4,,1,10,,27642,58,4,,1,51,,27661,58,4,,1,11,,27607,58,4,,1,11,,27633,58,4,,1,11,,27627,58,4,,1,10,,27652,58,4,,1,52,,27592,58,4,,1,14,,27599,58,4,,1,18,,27656,58,4,,1,19,,27643,58,4,,1,58,,27662,58,4,,1,18,,27634,58,4,,1,19,,27653,58,4,,1,59,,27600,58,4,,1,20,,27657,58,4,,1,27,,27644,58,4,,1,68,,27635,58,4,,1,27,,27654,58,4,,1,67,,27658,58,4,,1,27,,27645,58,4,,1,67,,27664,58,4,,1,25,,27655,58,4,,1,67,,27659,58,4,,1,28,,27646,58,4,,1,28,,27665,58,4,,1
600000601,'2_merged_67029',1408,,27690,58,4,,1,20,,27670,58,4,,1,21,,27706,58,4,,1,62,,27698,58,4,,1,21,,27714,58,4,,1,21,,27680,58,4,,1,62,,27691,58,4,,1,21,,27671,58,4,,1,21,,27707,58,4,,1,61,,27699,58,4,,1,21,,27715,58,4,,1,20,,27681,58,4,,1,62,,27692,58,4,,1,20,,27672,58,4,,1,60,,27708,58,4,,1,20,,27700,58,4,,1,19,,27716,58,4,,1,60,,27682,58,4,,1,20,,27693,58,4,,1,20,,27673,58,4,,1,19,,27709,58,4,,1,60,,27701,58,4,,1,20,,27717,58,4,,1,69,,27683,58,4,,1,29,,27674,58,4,,1,68,,27710,58,4,,1,29,,27718,58,4,,1,68,,27684,58,4,,1,29,,27675,58,4,,1,69,,27711,58,4,,1,30,,27719,58,4,,1,70,,27685,58,4,,1
600000601,'3_merged_67028',1355,,27749,58,4,,1,65,,27741,58,4,,1,25,,27724,58,4,,1,65,,27755,58,4,,1,26,,27733,58,4,,1,66,,27750,58,4,,1,25,,27742,58,4,,1,25,,27725,58,4,,1,65,,27756,58,4,,1,26,,27734,58,4,,1,65,,27751,58,4,,1,24,,27743,58,4,,1,24,,27726,58,4,,1,65,,27757,58,4,,1,24,,27735,58,4,,1,64,,27752,58,4,,1,23,,27744,58,4,,1,78,,27727,58,4,,1,38,,27736,58,4,,1,80,,27745,58,4,,1,78,,27728,58,4,,1,38,,27737,58,4,,1,78,,27746,58,4,,1
