'1merged67229',64100,55900,4,'',1,6400,4,'',1,2300,4,'',1,6600,4,'',1,2600,4,'',1,6600,4,'',1,2600,4,'',1,2600,4,'',1,6500,4,'',1,2400,4,'',1,6500,4,'',1,2400,4,'',1,2400,4,'',1,6400,4,'',1,2400,4,'',1,6400,4,'',1,2400,4,'',1,2400,4,'',1,6400,4,'',1,2400,4,'',1,6400,4,'',1,2400,4,'',1,2500,4,'',1,6600,4,'',1,2600,4,'',1,6600,4,'',1,2700,4,'',1,6600,4,'',1,2700,4,'',1,6600,4,'',1,2500,4,'',1,2500,4,'',1,6400,4,'',1
'1merged67229',64101,60300,,'',1,2400,,'',1,2300,,'',1,6600,,'',1,2600,,'',1,6600,,'',1,2600,,'',1,6600,,'',1,2500,,'',1,2400,,'',1,6500,,'',1,2400,,'',1,6400,,'',1,2400,,'',1,2400,,'',1,6400,,'',1,2400,,'',1,6400,,'',1,2400,,'',1,2400,,'',1,6400,,'',1,2400,,'',1,6500,,'',1,2600,,'',1,2600,,'',1,6600,,'',1,2700,,'',1,6600,,'',1,2700,,'',1,6600,,'',1,2500,,'',1,2500,,'',1
'1merged67229',67700,61600,4,'',1,3200,4,'',1,7500,4,'',1,3600,4,'',1,7600,4,'',1,7600,4,'',1,3400,4,'',1,7400,4,'',1,3400,4,'',1,7400,4,'',1,7400,4,'',1,3400,4,'',1,7400,4,'',1,3500,4,'',1,7600,4,'',1,3600,4,'',1,7800,4,'',1,7800,4,'',1,3800,4,'',1,7800,4,'',1,7600,4,'',1,3400,4,'',1,7400,4,'',1,3200,4,'',1,7200,4,'',1,3200,4,'',1,7200,4,'',1,3200,4,'',1,7200,4,'',1
'1merged67229',67701,54700,,'',1,7200,,'',1,3200,,'',1,7500,,'',1,7600,,'',1,3600,,'',1,7600,,'',1,3400,,'',1,7400,,'',1,3400,,'',1,7400,,'',1,7400,,'',1,3400,,'',1,7400,,'',1,3500,,'',1,7600,,'',1,3600,,'',1,7800,,'',1,7800,,'',1,3800,,'',1,7800,,'',1,7600,,'',1,3400,,'',1,7400,,'',1,3200,,'',1,7200,,'',1,3200,,'',1,7200,,'',1,3200,,'',1
'2merged67231',67700,70600,4,'',1,3200,4,'',1,7200,4,'',1,3200,4,'',1,7200,4,'',1,3200,4,'',1,7300,4,'',1,3400,4,'',1,7500,4,'',1,7600,4,'',1,3600,4,'',1,7600,4,'',1,3600,4,'',1,7600,4,'',1,7600,4,'',1,3600,4,'',1,7600,4,'',1,3600,4,'',1,7600,4,'',1,7600,4,'',1,3400,4,'',1,7400,4,'',1,3200,4,'',1,7200,4,'',1,3200,4,'',1,7200,4,'',1,3200,4,'',1,7200,4,'',1
'2merged67231',67701,63700,,'',1,7200,,'',1,3200,,'',1,7200,,'',1,3200,,'',1,7200,,'',1,3200,,'',1,7300,,'',1,3400,,'',1,7500,,'',1,7600,,'',1,3600,,'',1,7600,,'',1,3600,,'',1,7600,,'',1,7600,,'',1,3600,,'',1,7600,,'',1,3600,,'',1,7600,,'',1,7600,,'',1,3400,,'',1,7400,,'',1,3200,,'',1,7200,,'',1,3200,,'',1,7200,,'',1,3200,,'',1
'3merged67230',67700,75900,4,'',1,7200,4,'',1,7200,4,'',1,3200,4,'',1,7200,4,'',1,3500,4,'',1,7500,4,'',1,3600,4,'',1,7600,4,'',1,7600,4,'',1,3600,4,'',1,7600,4,'',1,3600,4,'',1,7600,4,'',1,7600,4,'',1,3600,4,'',1,7600,4,'',1,3600,4,'',1,7500,4,'',1,7400,4,'',1,3200,4,'',1
'3merged67230',67701,73000,,'',1,7200,,'',1,3200,,'',1,7200,,'',1,3200,,'',1,7300,,'',1,3400,,'',1,7500,,'',1,3600,,'',1,7600,,'',1,7600,,'',1,3600,,'',1,7600,,'',1,3600,,'',1,7600,,'',1,7600,,'',1,3600,,'',1,7600,,'',1,3600,,'',1,7500,,'',1,7400,,'',1
'6',67700,75900,4,'',1,7200,4,'',1,7200,4,'',1,3200,4,'',1,7200,4,'',1,3500,4,'',1,7500,4,'',1,3600,4,'',1,7600,4,'',1,7600,4,'',1,3600,4,'',1,7600,4,'',1,3600,4,'',1,7600,4,'',1,7600,4,'',1,3600,4,'',1,7600,4,'',1,3600,4,'',1,7500,4,'',1,7400,4,'',1,3200,4,'',1
'6',67701,73000,,'',1,7200,,'',1,3200,,'',1,7200,,'',1,3200,,'',1,7300,,'',1,3400,,'',1,7500,,'',1,3600,,'',1,7600,,'',1,7600,,'',1,3600,,'',1,7600,,'',1,3600,,'',1,7600,,'',1,7600,,'',1,3600,,'',1,7600,,'',1,3600,,'',1,7500,,'',1,7400,,'',1
