3700,'1_merged_67009',544,,39858,1,,,1,66,,39874,1,,,1,27,,39859,1,,,1,69,,39875,1,,,1,29,,39860,1,,,1,70,,39876,1,,,1,30,,39861,1,,,1,70,,39877,1,,,1,29,,39862,1,,,1,68,,39878,1,,,1,28,,39863,1,,,1,28,,39879,1,,,1,68,,39864,1,,,1,28,,39880,1,,,1,68,,39865,1,,,1,28,,39881,1,,,1,68,,39866,1,,,1,28,,39882,1,,,1,68,,39867,1,,,1,29,,39883,1,,,1,68,,39868,1,,,1,30,,39884,1,,,1,70,,39869,1,,,1,30,,39885,1,,,1,70,,39870,1,,,1,30,,39886,1,,,1,70,,39871,1,,,1,28,,39887,1,,,1,68,,39872,1,,,1,28,,39888,1,,,1,67,,39873,1,,,1,26,,39889,1,,,1,80,,39856,1,,,1,93,,39857,1,,,1
3700,'2_merged_67011',609,,39904,1,,,1,91,,39905,1,,,1,51,,39906,1,,,1,93,,39907,1,,,1,93,,39908,1,,,1,95,,39890,1,,,1,96,,39891,1,,,1,96,,39892,1,,,1,96,,39893,1,,,1,96,,39894,1,,,1,96,,39895,1,,,1,96,,39896,1,,,1,96,,39897,1,,,1,96,,39898,1,,,1,55,,39899,1,,,1,94,,39900,1,,,1,93,,39901,1,,,1,93,,39902,1,,,1,92,,39903,1,,,1
3700,'3_merged_67010',700,,39909,1,,,1,51,,39910,1,,,1,93,,39911,1,,,1,93,,39912,1,,,1,95,,39913,1,,,1,96,,39914,1,,,1,96,,39915,1,,,1,96,,39916,1,,,1,96,,39917,1,,,1,96,,39918,1,,,1,96,,39919,1,,,1,96,,39920,1,,,1,96,,39921,1,,,1,55,,39922,1,,,1,94,,39923,1,,,1,93,,39924,1,,,1,93,,39925,1,,,1
3700,'6',700,,39926,1,,,1,51,,39927,1,,,1,93,,39928,1,,,1,93,,39929,1,,,1,95,,39930,1,,,1,96,,39931,1,,,1,96,,39932,1,,,1,96,,39933,1,,,1,96,,39934,1,,,1,96,,39935,1,,,1,96,,39936,1,,,1,96,,39937,1,,,1,96,,39938,1,,,1,55,,39939,1,,,1,94,,39940,1,,,1,93,,39941,1,,,1,93,,39942,1,,,1
3701,'1_merged_67009',554,,39961,37,4,,1,66,,39943,37,4,,1,29,,39962,37,4,,1,69,,39944,37,4,,1,29,,39963,37,4,,1,70,,39945,37,4,,1,30,,39964,37,4,,1,70,,39946,37,4,,1,28,,39965,37,4,,1,68,,39947,37,4,,1,28,,39966,37,4,,1,68,,39948,37,4,,1,28,,39967,37,4,,1,68,,39949,37,4,,1,28,,39968,37,4,,1,68,,39950,37,4,,1,28,,39969,37,4,,1,28,,39951,37,4,,1,68,,39970,37,4,,1,29,,39952,37,4,,1,69,,39971,37,4,,1,30,,39953,37,4,,1,70,,39972,37,4,,1,30,,39954,37,4,,1,70,,39973,37,4,,1,30,,39955,37,4,,1,69,,39974,37,4,,1,28,,39956,37,4,,1,68,,39975,37,4,,1,27,,39957,37,4,,1,67,,39976,37,4,,1,26,,39958,37,4,,1,67,,39977,37,4,,1,26,,39959,37,4,,1,93,,39960,37,4,,1
3701,'2_merged_67011',632,,39978,37,4,,1,91,,39979,37,4,,1,92,,39980,37,4,,1,93,,39981,37,4,,1,93,,39982,37,4,,1,56,,39983,37,4,,1,96,,39984,37,4,,1,96,,39985,37,4,,1,96,,39986,37,4,,1,96,,39987,37,4,,1,96,,39988,37,4,,1,96,,39989,37,4,,1,96,,39990,37,4,,1,95,,39991,37,4,,1,95,,39992,37,4,,1,93,,39993,37,4,,1,93,,39994,37,4,,1,52,,39995,37,4,,1,92,,39996,37,4,,1
3701,'3_merged_67010',723,,39997,37,4,,1,92,,39998,37,4,,1,93,,39999,37,4,,1,93,,40000,37,4,,1,56,,40001,37,4,,1,96,,40002,37,4,,1,96,,40003,37,4,,1,96,,40004,37,4,,1,96,,40005,37,4,,1,96,,40006,37,4,,1,96,,40007,37,4,,1,96,,40008,37,4,,1,95,,40009,37,4,,1,95,,40010,37,4,,1,93,,40011,37,4,,1,93,,40012,37,4,,1,52,,40013,37,4,,1
3701,'6',723,,40014,37,4,,1,92,,40015,37,4,,1,93,,40016,37,4,,1,93,,40017,37,4,,1,56,,40018,37,4,,1,96,,40019,37,4,,1,96,,40020,37,4,,1,96,,40021,37,4,,1,96,,40022,37,4,,1,96,,40023,37,4,,1,96,,40024,37,4,,1,96,,40025,37,4,,1,95,,40026,37,4,,1,95,,40027,37,4,,1,93,,40028,37,4,,1,93,,40029,37,4,,1,52,,40030,37,4,,1
3900,'1_merged_67009',531,,40316,1,,,1,26,,40335,1,,,1,66,,40317,1,,,1,29,,40336,1,,,1,69,,40318,1,,,1,29,,40337,1,,,1,70,,40319,1,,,1,30,,40338,1,,,1,70,,40320,1,,,1,28,,40339,1,,,1,68,,40321,1,,,1,28,,40340,1,,,1,68,,40322,1,,,1,28,,40341,1,,,1,68,,40323,1,,,1,28,,40342,1,,,1,68,,40324,1,,,1,28,,40343,1,,,1,68,,40325,1,,,1,28,,40344,1,,,1,29,,40326,1,,,1,69,,40345,1,,,1,30,,40327,1,,,1,70,,40346,1,,,1,30,,40328,1,,,1,70,,40347,1,,,1,30,,40329,1,,,1,69,,40348,1,,,1,28,,40330,1,,,1,68,,40349,1,,,1,28,,40331,1,,,1,66,,40350,1,,,1,26,,40332,1,,,1,93,,40333,1,,,1,93,,40334,1,,,1
3900,'2_merged_67011',544,,40351,1,,,1,91,,40352,1,,,1,91,,40353,1,,,1,92,,40354,1,,,1,93,,40355,1,,,1,93,,40356,1,,,1,96,,40357,1,,,1,56,,40358,1,,,1,96,,40359,1,,,1,96,,40360,1,,,1,96,,40361,1,,,1,96,,40362,1,,,1,96,,40363,1,,,1,96,,40364,1,,,1,95,,40365,1,,,1,95,,40366,1,,,1,93,,40367,1,,,1,93,,40368,1,,,1,93,,40369,1,,,1
3900,'3_merged_67010',726,,40370,1,,,1,92,,40371,1,,,1,93,,40372,1,,,1,93,,40373,1,,,1,96,,40374,1,,,1,56,,40375,1,,,1,96,,40376,1,,,1,96,,40377,1,,,1,96,,40378,1,,,1,96,,40379,1,,,1,96,,40380,1,,,1,96,,40381,1,,,1,95,,40382,1,,,1,95,,40383,1,,,1,93,,40384,1,,,1,93,,40385,1,,,1,93,,40386,1,,,1
3900,'6',726,,40387,1,,,1,92,,40388,1,,,1,93,,40389,1,,,1,93,,40390,1,,,1,96,,40391,1,,,1,56,,40392,1,,,1,96,,40393,1,,,1,96,,40394,1,,,1,96,,40395,1,,,1,96,,40396,1,,,1,96,,40397,1,,,1,96,,40398,1,,,1,95,,40399,1,,,1,95,,40400,1,,,1,93,,40401,1,,,1,93,,40402,1,,,1,93,,40403,1,,,1
3901,'1_merged_67009',607,,40422,23,4,,1,27,,40406,23,4,,1,69,,40423,23,4,,1,29,,40407,23,4,,1,70,,40424,23,4,,1,30,,40408,23,4,,1,70,,40425,23,4,,1,29,,40409,23,4,,1,28,,40426,23,4,,1,68,,40410,23,4,,1,28,,40427,23,4,,1,68,,40411,23,4,,1,28,,40428,23,4,,1,68,,40412,23,4,,1,28,,40429,23,4,,1,68,,40413,23,4,,1,28,,40430,23,4,,1,68,,40414,23,4,,1,29,,40431,23,4,,1,68,,40415,23,4,,1,30,,40432,23,4,,1,70,,40416,23,4,,1,30,,40433,23,4,,1,70,,40417,23,4,,1,30,,40434,23,4,,1,70,,40418,23,4,,1,28,,40435,23,4,,1,68,,40419,23,4,,1,28,,40436,23,4,,1,27,,40420,23,4,,1,66,,40437,23,4,,1,27,,40421,23,4,,1,66,,40438,23,4,,1,40,,40404,23,4,,1,91,,40405,23,4,,1
3901,'2_merged_67011',606,,40453,23,4,,1,51,,40454,23,4,,1,91,,40455,23,4,,1,93,,40456,23,4,,1,93,,40457,23,4,,1,95,,40439,23,4,,1,96,,40440,23,4,,1,96,,40441,23,4,,1,96,,40442,23,4,,1,96,,40443,23,4,,1,96,,40444,23,4,,1,96,,40445,23,4,,1,96,,40446,23,4,,1,56,,40447,23,4,,1,95,,40448,23,4,,1,94,,40449,23,4,,1,93,,40450,23,4,,1,93,,40451,23,4,,1,92,,40452,23,4,,1
3901,'3_merged_67010',748,,40458,23,4,,1,93,,40459,23,4,,1,93,,40460,23,4,,1,95,,40461,23,4,,1,96,,40462,23,4,,1,96,,40463,23,4,,1,96,,40464,23,4,,1,96,,40465,23,4,,1,96,,40466,23,4,,1,96,,40467,23,4,,1,96,,40468,23,4,,1,56,,40469,23,4,,1,95,,40470,23,4,,1,94,,40471,23,4,,1,93,,40472,23,4,,1,93,,40473,23,4,,1,92,,40474,23,4,,1
3901,'6',748,,40475,23,4,,1,93,,40476,23,4,,1,93,,40477,23,4,,1,95,,40478,23,4,,1,96,,40479,23,4,,1,96,,40480,23,4,,1,96,,40481,23,4,,1,96,,40482,23,4,,1,96,,40483,23,4,,1,96,,40484,23,4,,1,96,,40485,23,4,,1,56,,40486,23,4,,1,95,,40487,23,4,,1,94,,40488,23,4,,1,93,,40489,23,4,,1,93,,40490,23,4,,1,92,,40491,23,4,,1
33200,'1_merged_67009',545,,42088,28,,,1,76,,42100,28,,,1,36,,42089,28,,,1,78,,42101,28,,,1,78,,42090,28,,,1,38,,42102,28,,,1,77,,42091,28,,,1,77,,42103,28,,,1,37,,42092,28,,,1,77,,42104,28,,,1,37,,42093,28,,,1,77,,42105,28,,,1,77,,42094,28,,,1,37,,42106,28,,,1,77,,42095,28,,,1,77,,42107,28,,,1,37,,42096,28,,,1,80,,42108,28,,,1,38,,42097,28,,,1,78,,42109,28,,,1,77,,42098,28,,,1,37,,42087,28,,,1,76,,42099,28,,,1
33400,'1_merged_67009',529,,42133,8,,,1,23,,42151,8,,,1,62,,42134,8,,,1,23,,42152,8,,,1,63,,42135,8,,,1,24,,42153,8,,,1,24,,42136,8,,,1,64,,42154,8,,,1,24,,42137,8,,,1,64,,42155,8,,,1,24,,42138,8,,,1,24,,42156,8,,,1,63,,42139,8,,,1,24,,42157,8,,,1,23,,42140,8,,,1,64,,42158,8,,,1,23,,42141,8,,,1,64,,42159,8,,,1,23,,42142,8,,,1,24,,42160,8,,,1,63,,42143,8,,,1,24,,42161,8,,,1,63,,42144,8,,,1,24,,42162,8,,,1,25,,42145,1,,,1,65,,42163,1,,,1,25,,42146,1,,,1,65,,42164,1,,,1,25,,42147,1,,,1,65,,42165,1,,,1,25,,42148,1,,,1,25,,42166,1,,,1,64,,42149,1,,,1,25,,42167,1,,,1,63,,42150,1,,,1
33401,'1_merged_67009',1453,,42179,28,4,,1,65,,42197,28,4,,1,25,,42180,28,4,,1,65,,42198,28,4,,1,25,,42181,28,4,,1,25,,42199,28,4,,1,65,,42182,28,4,,1,25,,42200,28,4,,1,64,,42183,28,4,,1,25,,42201,28,4,,1,63,,42184,28,4,,1,24,,42202,28,4,,1
33600,'1_merged_67009',500,,42203,1,,,1,36,,42218,34,,,1,76,,42211,34,,,1,36,,42204,34,,,1,79,,42219,34,,,1,78,,42212,34,,,1,38,,42205,34,,,1,78,,42220,34,,,1,37,,42213,34,,,1,77,,42206,34,,,1,77,,42221,34,,,1,37,,42214,34,,,1,77,,42207,34,,,1,77,,42222,34,,,1,37,,42215,34,,,1,77,,42208,34,,,1,38,,42223,34,,,1,78,,42216,34,,,1,78,,42209,34,,,1,40,,42224,34,,,1,78,,42217,34,,,1,77,,42210,34,,,1,39,,42225,34,0,9 10 11,1
33600,'2_merged_67011',651,,42233,34,,,1,93,,42226,34,,,1,94,,42234,34,,,1,94,,42227,34,,,1,95,,42235,34,,,1,95,,42228,34,,,1,95,,42236,34,,,1,96,,42229,34,,,1,96,,42237,34,,,1,95,,42230,34,,,1,96,,42238,34,,,1,55,,42231,34,,,1,96,,42239,34,,,1,95,,42232,34,0,9 10 11,1
33600,'3_merged_67010',739,,42246,1,,,1,100,,42240,1,,,1,101,,42247,1,,,1,101,,42241,1,,,1,101,,42248,1,,,1,102,,42242,1,,,1,101,,42249,1,,,1,102,,42243,1,,,1,101,,42250,1,,,1,102,,42244,1,,,1,101,,42251,1,,,1,102,,42245,1,0,9 10 11,1
33600,'6',739,,42258,1,,,1,100,,42252,1,,,1,101,,42259,1,,,1,101,,42253,1,,,1,101,,42260,1,,,1,102,,42254,1,,,1,101,,42261,1,,,1,102,,42255,1,,,1,101,,42262,1,,,1,102,,42256,1,,,1,101,,42263,1,,,1,102,,42257,1,0,9 10 11,1
33601,'3_merged_67010',734,,42307,18,4,,1,100,,42301,18,4,,1,101,,42308,18,4,,1,101,,42302,18,4,,1,102,,42309,18,4,,1,101,,42303,18,4,,1,101,,42310,18,4,,1,102,,42304,18,4,,1,101,,42311,18,4,,1,102,,42305,18,4,,1,101,,42312,18,4,,1,102,,42306,18,4,,1
33601,'6',734,,42319,18,4,,1,100,,42313,18,4,,1,101,,42320,18,4,,1,101,,42314,18,4,,1,102,,42321,18,4,,1,101,,42315,18,4,,1,101,,42322,18,4,,1,102,,42316,18,4,,1,101,,42323,18,4,,1,102,,42317,18,4,,1,101,,42324,18,4,,1,102,,42318,18,4,,1
