'2merged62068',1100,221620,0,'Crestview',1,4200,0,'Crestview',1,8400,0,'Crestview',1,7800,0,'Crestview',1,3900,0,'Crestview',1,8100,0,'Crestview',1
'3merged62067',1100,221420,0,'Crestview',1,4400,0,'Crestview',1,8400,0,'Crestview',1,7800,0,'Crestview',1,3900,0,'Crestview',1,8100,0,'Crestview',1
'4',1100,64220,0,'Crestview',1,8100,0,'Crestview',1,8400,0,'Crestview',1,4500,0,'Crestview',1,8400,0,'Crestview',1,8500,0,'Crestview',1,8800,0,'Crestview',1,4700,0,'Crestview',1,8700,0,'Crestview',1,8900,0,'Crestview',1,8700,0,'Crestview',1,8800,0,'Crestview',1,4900,0,'Crestview',1,8900,0,'Crestview',1,8800,0,'Crestview',1,8800,0,'Crestview',1,8700,0,'Crestview',1,4700,0,'Crestview',1,8300,0,'Crestview',1,8500,0,'Crestview',1,8400,0,'Crestview',1,4100,0,'Crestview',1,8300,0,'Crestview',1,8400,0,'Crestview',1
'2merged62068',2100,53010,0,'Crestview',1,2000,0,'Crestview',1,6200,0,'Crestview',1,3300,0,'Crestview',1,6600,0,'Crestview',1,2700,0,'Crestview',1,6800,0,'Crestview',1,2700,0,'Crestview',1,7200,0,'Crestview',1,3200,0,'Crestview',1,7400,0,'Crestview',1,3500,0,'Crestview',1,7200,0,'Crestview',1,3500,0,'Crestview',1,7300,0,'Crestview',1,7700,0,'Crestview',1,3400,0,'Crestview',1,7400,0,'Crestview',1,3400,0,'Crestview',1,7500,0,'Crestview',1,33500,0,'Crestview',1,7100,0,'Crestview',1,3300,0,'Crestview',1,6700,0,'Crestview',1,2900,0,'Crestview',1,7200,0,'Crestview',1
'3merged62067',2100,53610,0,'Crestview',1,8200,0,'Crestview',1,8200,0,'Crestview',1,3600,0,'Crestview',1,7400,0,'Crestview',1,1300,0,'Crestview',1,8000,0,'Crestview',1,3200,0,'Crestview',1,7000,0,'Crestview',1,3200,0,'Crestview',1,7400,0,'Crestview',1,3200,0,'Crestview',1,7300,0,'Crestview',1,3000,0,'Crestview',1,7000,0,'Crestview',1,3100,0,'Crestview',1,7000,0,'Crestview',1,3100,0,'Crestview',1,7000,0,'Crestview',1,3100,0,'Crestview',1,7000,0,'Crestview',1,3100,0,'Crestview',1,7000,0,'Crestview',1,2900,0,'Crestview',1,6600,0,'Crestview',1,2900,0,'Crestview',1,6900,0,'Crestview',1,3000,0,'Crestview',1,7000,0,'Crestview',1,3400,0,'Crestview',1,7600,0,'Crestview',1
'2merged62068',2200,155310,0,'Crestview',1,6200,0,'Crestview',1,1920,0,'Crestview',1,1800,0,'Crestview',1,5700,0,'Crestview',1,1720,0,'Crestview',1,1900,0,'Crestview',1,6000,0,'Crestview',1,2160,0,'Crestview',1
'2merged62068',2400,60230,,'',1,1800,,'',1,1800,,'',1,1210,,'',1,5500,,'',1,1760,,'',1,1730,,'',1,1700,,'',1,5800,,'',1,1600,,'',1,1600,,'',1,5670,,'',1,1700,,'',1,1600,,'',1,1700,,'',1,5700,,'',1,1600,,'',1,1600,,'',1,5700,,'',1,1600,,'',1,1700,,'',1,1600,,'',1,5700,,'',1,1700,,'',1,1600,,'',1,1700,,'',1,5700,,'',1,1700,,'',1,1700,,'',1,5700,,'',1,1730,,'',1,1820,,'',1,1800,,'',1,5700,,'',1,1860,,'',1,1720,,'',1,6180,,'',1,1890,,'',1,2230,,'',1,6070,,'',1,2000,,'',1,1900,,'',1,5740,,'',1,2000,,'',1,2400,,'',1,5400,,'',1,2790,,'',1,6800,,'',1,3000,,'',1,6900,,'',1,2800,,'',1,2700,,'',1,6800,,'',1,2700,,'',1,6500,,'',1,2500,,'',1,6500,,'',1,2400,,'',1,2400,,'',1,6400,,'',1
'3merged62067',2400,60430,,'',1,2400,,'',1,2400,,'',1,6300,,'',1,2200,,'',1,2200,,'',1,6200,,'',1,2200,,'',1,6200,,'',1,2200,,'',1,2300,,'',1,6300,,'',1,2300,,'',1,2300,,'',1,6320,,'',1,1700,,'',1,1700,,'',1,5600,,'',1,1600,,'',1,1600,,'',1,5600,,'',1,1600,,'',1,1600,,'',1,1600,,'',1,5600,,'',1,1600,,'',1,1600,,'',1,1700,,'',1,5600,,'',1,1600,,'',1,1600,,'',1,1600,,'',1,5700,,'',1,1600,,'',1,1700,,'',1,5600,,'',1,1600,,'',1,1580,,'',1,1600,,'',1,5500,,'',1,1600,,'',1,2800,,'',1,6870,,'',1,2730,,'',1,6900,,'',1,2800,,'',1,6900,,'',1,2800,,'',1,6900,,'',1,2800,,'',1,6900,,'',1,2800,,'',1,6800,,'',1,2700,,'',1,2600,,'',1,6600,,'',1
'4',2400,72730,,'',1,10000,,'',1,10200,,'',1,10300,,'',1,10300,,'',1,7200,,'',1,3200,,'',1,7200,,'',1,3200,,'',1,7200,,'',1,3200,,'',1,7200,,'',1,3200,,'',1,7200,,'',1,3200,,'',1,7100,,'',1,3200,,'',1,7100,,'',1,2800,,'',1,9800,,'',1,9800,,'',1,9800,,'',1,9800,,'',1,9800,,'',1,9500,,'',1
'2merged62068',2500,155540,,'',1,6100,,'',1,2100,,'',1,6280,,'',1,1920,,'',1,1800,,'',1,1770,,'',1,6100,,'',1,2330,,'',1
