'15072-special',1900,75340,0,'Logan',1
'15074-special',1900,94140,0,'Logan',1
'15076-special',1900,113240,0,'Logan',1
'15078-special',1900,132840,0,'Logan',1
'15080-special',1900,152440,0,'Logan',1
'15082-special',1900,171940,0,'Logan',1
'15084-special',1900,192440,0,'Logan',1
'15088-special',1900,225040,0,'Logan',1
'15093-special',1900,65940,0,'Logan',1
'15095-special',1900,84640,0,'Logan',1
'15097-special',1900,103640,0,'Logan',1
'15099-special',1900,123040,0,'Logan',1
'15101-special',1900,142640,0,'Logan',1
'15103-special',1900,162240,0,'Logan',1
'15105-special',1900,181440,0,'Logan',1
'15109-special',1900,214240,0,'Logan',1
'15130-special',1900,203440,0,'Logan',1
'15134-special',1900,235700,0,'Logan',1
'1merged62051',1900,52000,0,'Logan',1,2600,0,'Logan',1,6600,0,'Logan',1,2340,0,'Logan',1,1900,0,'Logan',1,5870,0,'Logan',1,2000,0,'Logan',1,1800,0,'Logan',1,5800,0,'Logan',1,2200,0,'Logan',1,2100,0,'Logan',1,6130,0,'Logan',1,2200,0,'Logan',1,7500,0,'Logan',1,3900,0,'Logan',1,7900,0,'Logan',1,7900,0,'Logan',1,4000,0,'Logan',1,7900,0,'Logan',1,7800,0,'Logan',1,4000,0,'Logan',1,7570,0,'Logan',1,1940,0,'Logan',1,1900,0,'Logan',1,5970,0,'Logan',1,2230,0,'Logan',1,6460,0,'Logan',1,2800,0,'Logan',1,7530,0,'Logan',1,3560,0,'Logan',1,7800,0,'Logan',1,8700,0,'Logan',1,9100,0,'Logan',1,5000,0,'Logan',1,8900,0,'Logan',1,8900,0,'Logan',1,8900,0,'Logan',1,8900,0,'Logan',1,4600,0,'Logan',1
'2merged62053',1900,52040,0,'Logan',1,3800,0,'Logan',1,8000,0,'Logan',1,8100,0,'Logan',1,8200,0,'Logan',1,4300,0,'Logan',1,8400,0,'Logan',1,8400,0,'Logan',1,4400,0,'Logan',1,8400,0,'Logan',1,8600,0,'Logan',1,8600,0,'Logan',1,4600,0,'Logan',1,8600,0,'Logan',1,8600,0,'Logan',1,8600,0,'Logan',1,8700,0,'Logan',1,4700,0,'Logan',1,8800,0,'Logan',1,9300,0,'Logan',1,9300,0,'Logan',1,9100,0,'Logan',1,9100,0,'Logan',1,5100,0,'Logan',1,8960,0,'Logan',1,8900,0,'Logan',1,9000,0,'Logan',1
'3merged62052',1900,65940,0,'Logan',1,9400,0,'Logan',1,9300,0,'Logan',1,9500,0,'Logan',1,9500,0,'Logan',1,9600,0,'Logan',1,9800,0,'Logan',1,9800,0,'Logan',1,9800,0,'Logan',1,9800,0,'Logan',1,9800,0,'Logan',1,9700,0,'Logan',1,9500,0,'Logan',1,11000,0,'Logan',1,11000,0,'Logan',1,10800,0,'Logan',1,10800,0,'Logan',1,10660,0,'Logan',1
'1merged62051',2600,54130,,'',1,8400,,'',1,8400,,'',1,4400,,'',1,8400,,'',1,8400,,'',1,8400,,'',1,4400,,'',1,8500,,'',1,8500,,'',1,8500,,'',1,4500,,'',1,8500,,'',1,8500,,'',1,8500,,'',1,4500,,'',1,8500,,'',1,8300,0,'Portage & Tylehurst',1
'2merged62053',2600,75330,,'',1,8400,,'',1,8400,,'',1,8400,,'',1,4400,,'',1,8500,,'',1,8500,,'',1,8500,,'',1,4500,,'',1,8500,,'',1,8500,,'',1,8500,,'',1,4500,,'',1,8500,,'',1,8300,0,'Portage & Tylehurst',1
