7400,'1_merged_67009',535,,41197,2,,,1,22,,41184,2,,,1,64,,41191,2,,,1,24,,41180,2,,,1,66,,41198,2,,,1,25,,41205,2,,,1,67,,41212,2,,,1,26,,41216,2,,,1,27,,41185,2,,,1,65,,41192,2,,,1,25,,41181,2,,,1,66,,41199,2,,,1,26,,41206,2,,,1,65,,41213,2,,,1,25,,41217,2,,,1,25,,41186,2,,,1,65,,41193,2,,,1,25,,41182,2,,,1,65,,41200,2,,,1,25,,41207,2,,,1,26,,41214,2,,,1,66,,41218,2,,,1,27,,41187,2,,,1,65,,41194,2,,,1,28,,41183,2,,,1,69,,41201,2,,,1,28,,41208,2,,,1,69,,41215,2,,,1,28,,41219,2,,,1,68,,41188,2,,,1,26,,41195,2,,,1,25,,41178,2,,,1,65,,41202,2,,,1,25,,41209,2,,,1,65,,41221,2,,,1,26,,41220,2,,,1,65,,41189,2,,,1,32,,41196,2,,,1,72,,41203,2,,,1,32,,41210,2,,,1,72,,41222,2,0,5 6,1,33,,41190,2,0,5 6,1
7400,'2_merged_67011',526,,41224,2,,,1,33,,41238,2,,,1,72,,41252,2,,,1,72,,41245,2,,,1,32,,41232,2,,,1,72,,41225,2,,,1,33,,41239,2,,,1,73,,41253,2,,,1,33,,41246,2,,,1,72,,41233,2,,,1,33,,41226,2,,,1,73,,41240,2,,,1,34,,41254,2,,,1,75,,41247,2,,,1,75,,41234,2,,,1,34,,41227,2,,,1,75,,41241,2,,,1,35,,41255,2,,,1,75,,41248,2,,,1,75,,41235,2,,,1,34,,41228,2,,,1,75,,41242,2,,,1,35,,41256,2,,,1,75,,41249,2,,,1,34,,41236,2,,,1,72,,41229,2,,,1,32,,41243,2,,,1,72,,41257,2,,,1,73,,41250,2,,,1,32,,41237,2,,,1,72,,41230,2,,,1,32,,41244,2,,,1,72,,41258,2,0,5 6,1,33,,41251,2,0,5 6,1
7400,'3_merged_67010',656,,41265,2,,,1,80,,41278,2,,,1,81,,41259,2,,,1,41,,41272,2,,,1,82,,41266,2,,,1,81,,41279,2,,,1,82,,41260,2,,,1,42,,41273,2,,,1,83,,41267,2,,,1,84,,41280,2,,,1,44,,41261,2,,,1,84,,41274,2,,,1,84,,41268,2,,,1,84,,41281,2,,,1,43,,41262,2,,,1,85,,41275,2,,,1,83,,41269,2,,,1,82,,41282,2,,,1,42,,41263,2,,,1,80,,41276,2,,,1,80,,41270,2,,,1,40,,41283,2,,,1,80,,41264,2,,,1,80,,41277,2,0,5 6,1,40,,41271,2,0,5 6,1
7400,'6',656,,41290,2,,,1,80,,41303,2,,,1,81,,41284,2,,,1,41,,41297,2,,,1,82,,41291,2,,,1,81,,41304,2,,,1,82,,41285,2,,,1,42,,41298,2,,,1,83,,41292,2,,,1,84,,41305,2,,,1,44,,41286,2,,,1,84,,41299,2,,,1,84,,41293,2,,,1,84,,41306,2,,,1,43,,41287,2,,,1,85,,41300,2,,,1,83,,41294,2,,,1,82,,41307,2,,,1,42,,41288,2,,,1,80,,41301,2,,,1,80,,41295,2,,,1,40,,41308,2,,,1,80,,41289,2,,,1,80,,41302,2,0,5 6,1,40,,41296,2,0,5 6,1
66201,'1_merged_67009',537,,43042,2,,,1,66,,43056,2,,,1,28,,43065,2,,,1,28,,43068,2,,,1,68,,43057,2,,,1,30,,43066,2,,,1,70,,43069,2,,,1,29,,43058,2,,,1,69,,43067,2,,,1,29,,43043,2,,,1,68,,43059,2,,,1,28,,43050,2,,,1,67,,43044,2,,,1,27,,43060,2,,,1,67,,43051,2,,,1,27,,43045,2,,,1,67,,43061,2,,,1,28,,43052,2,,,1,67,,43046,2,,,1,28,,43062,2,,,1,30,,43053,2,,,1,69,,43047,2,,,1,30,,43063,2,,,1,70,,43054,2,,,1,30,,43048,2,,,1,70,,43064,2,,,1,30,,43055,2,,,1,68,,43049,2,,,1
67101,'1_merged_67009',608,,43178,2,,,1,31,,43190,2,,,1,74,,43179,2,,,1,35,,43191,2,,,1,74,,43180,2,,,1,35,,43192,2,,,1,73,,43181,2,,,1,74,,43193,2,,,1,32,,43182,2,,,1,73,,43194,2,,,1,32,,43183,2,,,1,73,,43195,2,,,1,32,,43184,2,,,1,73,,43196,2,,,1,32,,43185,2,,,1,74,,43197,2,,,1,34,,43186,2,,,1,76,,43198,2,,,1,75,,43187,2,,,1,36,,43199,2,,,1,75,,43188,2,,,1,35,,43200,2,,,1,74,,43189,2,,,1,72,,43201,2,,,1,102,,43202,2,,,1,100,,43203,2,,,1,100,,43204,2,,,1
67101,'2_merged_67011',724,,43205,2,,,1,101,,43206,2,,,1,102,,43207,2,,,1,103,,43208,2,,,1,104,,43209,2,,,1,104,,43210,2,,,1,104,,43211,2,,,1,104,,43212,2,,,1,104,,43213,2,,,1,104,,43214,2,,,1,104,,43215,2,,,1,144,,43216,2,,,1
67101,'3_merged_67010',825,,43217,2,,,1,102,,43218,2,,,1,103,,43219,2,,,1,104,,43220,2,,,1,104,,43221,2,,,1,104,,43222,2,,,1,104,,43223,2,,,1,104,,43224,2,,,1,104,,43225,2,,,1,104,,43226,2,,,1,144,,43227,2,,,1
67101,'6',825,,43228,2,,,1,102,,43229,2,,,1,103,,43230,2,,,1,104,,43231,2,,,1,104,,43232,2,,,1,104,,43233,2,,,1,104,,43234,2,,,1,104,,43235,2,,,1,104,,43236,2,,,1,104,,43237,2,,,1,144,,43238,2,,,1
67201,'1_merged_67009',624,,43303,2,,,1,32,,43315,2,,,1,75,,43304,2,,,1,74,,43316,2,,,1,35,,43305,2,,,1,74,,43317,2,,,1,33,,43306,2,,,1,73,,43318,2,,,1,33,,43307,2,,,1,72,,43319,2,,,1,33,,43308,2,,,1,72,,43320,2,,,1,73,,43309,2,,,1,32,,43321,2,,,1,73,,43310,2,,,1,34,,43322,2,,,1,75,,43311,2,,,1,36,,43323,2,,,1,75,,43312,2,,,1,76,,43324,2,,,1,35,,43313,2,,,1,74,,43325,2,,,1,32,,43314,2,,,1,87,,43300,2,,,1,101,,43301,2,,,1,100,,43302,2,,,1
67201,'2_merged_67011',654,,43326,2,,,1,101,,43327,2,,,1,99,,43328,2,,,1,103,,43329,2,,,1,144,,43330,2,,,1,104,,43331,2,,,1,104,,43332,2,,,1,104,,43333,2,,,1,104,,43334,2,,,1,104,,43335,2,,,1,104,,43336,2,,,1,104,,43337,2,,,1
67201,'3_merged_67010',755,,43338,2,,,1,99,,43339,2,,,1,103,,43340,2,,,1,144,,43341,2,,,1,104,,43342,2,,,1,104,,43343,2,,,1,104,,43344,2,,,1,104,,43345,2,,,1,104,,43346,2,,,1,104,,43347,2,,,1,104,,43348,2,,,1
67201,'6',755,,43349,2,,,1,99,,43350,2,,,1,103,,43351,2,,,1,144,,43352,2,,,1,104,,43353,2,,,1,104,,43354,2,,,1,104,,43355,2,,,1,104,,43356,2,,,1,104,,43357,2,,,1,104,,43358,2,,,1,104,,43359,2,,,1
67900,'1_merged_67009',632,,43749,2,,,1,27,,43752,2,,,1,69,,43750,2,,,1,30,,43753,2,,,1,70,,43751,2,,,1,30,,43754,2,,,1,578,,43755,2,,,1,69,,43760,2,,,1,30,,43756,2,,,1,70,,43761,2,,,1,30,,43757,2,,,1,70,,43762,2,,,1,30,,43758,2,,,1,70,,43763,2,,,1,28,,43759,2,,,1,67,,43764,2,,,1
88900,'1_merged_67009',607,,44082,2,,,1,38,,44085,2,,,1,80,,44083,2,,,1,80,,44086,2,,,1,41,,44084,2,,,1,586,,44087,2,,,1,80,,44079,2,,,1,41,,44088,2,,,1,81,,44080,2,,,1,82,,44089,2,,,1,41,,44081,2,,,1,79,,44090,2,,,1
2222200,'1_merged_67009',514,,44172,2,,,1,13,,44138,2,,,1,11,,44151,2,,,1,12,,44268,2,,,1,50,,44313,2,,,1,11,,44174,2,,,1,10,,44315,2,,,1,10,,44314,2,,,1,12,,44182,2,0,12,1,11,,44333,2,,,1,52,,44240,2,,,1,12,,44194,2,,,1,12,,44230,2,,,1,13,,44189,2,,,1,12,,44201,2,,,1,52,,44323,2,,,1,13,,44216,2,,,1,13,,44176,2,,,1,13,,44175,2,,,1,12,,44316,2,,,1,52,,44195,2,,,1,12,,44208,2,,,1,12,,44227,2,,,1,13,,44159,2,,,1,12,,44168,2,,,1,52,,44245,2,,,1,12,,44140,2,,,1,12,,44153,2,,,1,12,,44145,2,,,1,12,,44224,2,,,1,51,,44232,2,,,1,11,,44328,2,,,1,12,,44185,2,,,1,12,,44310,2,,,1,12,,44330,2,,,1,52,,44134,2,,,1,12,,44165,2,,,1,12,,44237,2,,,1,13,,44250,2,,,1,12,,44191,2,,,1,52,,44203,2,,,1,12,,44325,2,,,1,12,,44218,2,,,1,12,,44178,2,,,1,12,,44196,2,,,1,52,,44319,2,,,1,12,,44198,2,,,1,11,,44210,2,,,1,10,,44251,2,,,1,8,,44253,2,,,1,7,,44162,2,,,1,47,,44265,2,,,1,8,,44170,2,,,1,8,,44247,2,,,1,8,,44284,2,,,1,7,,44249,2,,,1,8,,44204,2,,,1,7,,44296,2,,,1,8,,44326,2,,,1,48,,44267,2,,,1,8,,44219,2,,,1,8,,44179,2,,,1,8,,44286,2,,,1,8,,44206,2,,,1,8,,44321,2,,,1,8,,44297,2,,,1,49,,44281,2,,,1,10,,44211,2,,,1,10,,44252,2,,,1,12,,44136,2,,,1,14,,44257,2,,,1,57,,44266,2,,,1,16,,44205,2,,,1,19,,44269,2,,,1,60,,44305,2,,,1,23,,44301,2,,,1,22,,44200,2,,,1,62,,44258,2,,,1,23,,44280,2,,,1,25,,44270,2,,,1,67,,44306,2,,,1,28,,44302,2,,,1,68,,44261,2,,,1,29,,44283,2,,,1,71,,44272,2,,,1,29,,44307,2,,,1,69,,44303,2,,,1,30,,44214,2,,,1
2222200,'2_merged_67011',544,,44366,2,,,1,66,,44395,2,,,1,27,,44335,2,,,1,68,,44350,2,,,1,28,,44390,2,,,1,67,,44367,2,,,1,25,,44396,2,,,1,23,,44336,2,,,1,62,,44416,2,,,1,22,,44351,2,,,1,22,,44391,2,,,1,61,,44368,2,,,1,20,,44425,2,,,1,20,,44397,2,,,1,60,,44337,2,,,1,19,,44417,2,,,1,20,,44352,2,,,1,60,,44392,2,,,1,22,,44369,2,,,1,20,,44426,2,,,1,60,,44398,2,,,1,21,,44338,2,,,1,20,,44418,2,,,1,60,,44353,2,,,1,20,,44393,2,,,1,22,,44370,2,,,1,60,,44427,2,,,1,20,,44399,2,,,1,61,,44339,2,,,1,20,,44419,2,,,1,20,,44354,2,,,1,60,,44394,2,,,1,22,,44371,2,,,1,20,,44428,2,,,1,61,,44400,2,,,1,21,,44340,2,,,1,23,,44420,2,,,1,68,,44355,2,,,1,31,,44363,2,,,1,71,,44429,2,,,1,32,,44341,2,,,1,71,,44381,2,,,1,30,,44436,2,,,1,70,,44373,2,,,1,29,,44402,2,,,1,70,,44411,2,,,1,29,,44357,2,,,1,69,,44365,2,,,1,30,,44431,2,,,1
2222200,'3_merged_67010',606,,44467,2,,,1,27,,44453,2,,,1,67,,44493,2,,,1,28,,44462,2,,,1,27,,44486,2,,,1,65,,44468,2,,,1,23,,44454,2,,,1,62,,44514,2,,,1,22,,44494,2,,,1,22,,44463,2,,,1,63,,44487,2,,,1,24,,44469,2,,,1,23,,44455,2,,,1,64,,44515,2,,,1,23,,44495,2,,,1,64,,44464,2,,,1,23,,44488,2,,,1,24,,44470,2,,,1,63,,44456,2,,,1,24,,44516,2,,,1,64,,44496,2,,,1,24,,44465,2,,,1,24,,44489,2,,,1,64,,44471,2,,,1,23,,44457,2,,,1,64,,44517,2,,,1,24,,44497,2,,,1,24,,44466,2,,,1,64,,44490,2,,,1,24,,44472,2,,,1,67,,44458,2,,,1,30,,44518,2,,,1,72,,44498,2,,,1,30,,44443,2,,,1,72,,44473,2,,,1,32,,44459,2,,,1,71,,44451,2,,,1,29,,44513,2,,,1,70,,44492,2,,,1,29,,44507,2,,,1,70,,44520,2,,,1,33,,44500,2,,,1
2222200,'6',606,,44555,2,,,1,27,,44541,2,,,1,67,,44581,2,,,1,28,,44550,2,,,1,27,,44574,2,,,1,65,,44556,2,,,1,23,,44542,2,,,1,62,,44602,2,,,1,22,,44582,2,,,1,22,,44551,2,,,1,63,,44575,2,,,1,24,,44557,2,,,1,23,,44543,2,,,1,64,,44603,2,,,1,23,,44583,2,,,1,64,,44552,2,,,1,23,,44576,2,,,1,24,,44558,2,,,1,63,,44544,2,,,1,24,,44604,2,,,1,64,,44584,2,,,1,24,,44553,2,,,1,24,,44577,2,,,1,64,,44559,2,,,1,23,,44545,2,,,1,64,,44605,2,,,1,24,,44585,2,,,1,24,,44554,2,,,1,64,,44578,2,,,1,24,,44560,2,,,1,67,,44546,2,,,1,29,,44606,2,,,1,73,,44586,2,,,1,30,,44530,2,,,1,72,,44561,2,,,1,32,,44547,2,,,1,71,,44539,2,,,1,29,,44601,2,,,1,70,,44580,2,,,1,29,,44595,2,,,1,70,,44608,2,,,1,33,,44588,2,,,1
600000800,'1_merged_67009',500,,50002,2,,,1,15,,50009,2,,,1,14,,50019,2,,,1,14,,50036,2,,,1,14,,50014,2,,,1,53,,50099,2,,,1,7,,50039,2,0,12,1,7,,50102,2,,,1,6,,50035,2,0,12,1,5,,50106,2,,,1,6,,50051,2,0,12,1,5,,50052,2,,,1,6,,50030,2,0,12,1,6,,50031,2,,,1,45,,50025,2,0,12,1,6,,50001,2,,,1,6,,50038,2,0,12,1,7,,50003,2,,,1,7,,50045,2,0,12,1,6,,50010,2,,,1,7,,50050,2,0,12,1,7,,50020,2,,,1,7,,50060,2,0,12,1,48,,50046,2,,,1,8,,50037,2,0,12,1,9,,50015,2,,,1,15,,50061,2,,,1,14,,50040,2,,,1,54,,50065,2,,,1,14,,50053,2,,,1,14,,50032,2,,,1,14,,50026,2,,,1,54,,50004,2,,,1,14,,50011,2,,,1,13,,50021,2,,,1,14,,50047,2,,,1,14,,50016,2,,,1,54,,50062,2,,,1,14,,50041,2,,,1,13,,50066,2,,,1,14,,50054,2,,,1,54,,50033,2,,,1,13,,50027,2,,,1,14,,50005,2,,,1,13,,50012,2,,,1,13,,50022,2,,,1,54,,50048,2,,,1,14,,50017,2,,,1,13,,50063,2,,,1,14,,50042,2,,,1,53,,50067,2,,,1,12,,50007,2,,,1,9,,50055,2,,,1,8,,50034,2,,,1,7,,50096,2,,,1,5,,50100,2,,,1,6,,50028,2,,,1,5,,50072,2,,,1,45,,50006,2,,,1,6,,50078,2,,,1,5,,50079,2,,,1,6,,50013,2,,,1,6,,50104,2,,,1,6,,50023,2,,,1,6,,50083,2,,,1,6,,50088,2,,,1,6,,50049,2,,,1,6,,50077,2,,,1,46,,50018,2,,,1,6,,50080,2,,,1,5,,50103,2,,,1,6,,50064,2,,,1,6,,50082,2,,,1,7,,50043,2,,,1,6,,50092,2,,,1,7,,50068,2,,,1,7,,50093,2,,,1,6,,50008,2,,,1,46,,50094,2,,,1,7,,50056,2,,,1,7,,50095,2,,,1,8,,50097,2,,,1,9,,50029,2,,,1,9,,50101,2,,,1,12,,50073,2,,,1,53,,50105,2,,,1,14,,50084,2,,,1,16,,50089,2,,,1,14,,50081,2,,,1,55,,50044,2,,,1,18,,50069,2,,,1,18,,50057,2,,,1,58,,50098,2,,,1,19,,50074,2,,,1,25,,50085,2,,,1,67,,50090,2,,,1,24,,50070,2,,,1,65,,50058,2,,,1,25,,50075,2,,,1,25,,50086,2,,,1,66,,50091,2,,,1,24,,50071,2,,,1,65,,50059,2,,,1,25,,50076,2,,,1,26,,50087,2,,,1
600000800,'2_merged_67011',531,,50107,2,,,1,25,,50142,2,,,1,65,,50124,2,,,1,26,,50116,2,,,1,67,,50134,2,,,1,27,,50108,2,,,1,66,,50143,2,,,1,27,,50125,2,,,1,67,,50117,2,,,1,14,,50157,2,0,12,1,14,,50135,2,,,1,14,,50151,2,0,12,1,14,,50109,2,,,1,55,,50163,2,0,12,1,13,,50144,2,,,1,15,,50169,2,0,12,1,14,,50126,2,,,1,54,,50158,2,0,12,1,14,,50118,2,,,1,15,,50152,2,0,12,1,15,,50136,2,,,1,55,,50164,2,0,12,1,14,,50110,2,,,1,15,,50170,2,0,12,1,15,,50145,2,,,1,55,,50159,2,0,12,1,15,,50127,2,,,1,15,,50153,2,0,12,1,14,,50119,2,,,1,55,,50165,2,0,12,1,15,,50137,2,,,1,14,,50171,2,0,12,1,15,,50111,2,,,1,55,,50160,2,0,12,1,15,,50146,2,,,1,15,,50154,2,0,12,1,15,,50128,2,,,1,55,,50166,2,0,12,1,14,,50120,2,,,1,15,,50172,2,0,12,1,15,,50138,2,,,1,55,,50161,2,0,12,1,14,,50112,2,,,1,15,,50155,2,0,12,1,15,,50147,2,,,1,55,,50167,2,0,12,1,15,,50129,2,,,1,14,,50173,2,0,12,1,15,,50121,2,,,1,54,,50162,2,0,12,1,14,,50139,2,,,1,14,,50156,2,0,12,1,13,,50113,2,,,1,14,,50168,2,0,12,1,54,,50148,2,,,1,14,,50174,2,0,12,1,14,,50130,2,,,1,67,,50122,2,,,1,27,,50140,2,,,1,25,,50114,2,,,1,67,,50149,2,,,1,27,,50131,2,,,1,66,,50123,2,,,1,25,,50141,2,,,1,66,,50115,2,,,1,26,,50150,2,,,1,26,,50132,2,,,1
600000800,'3_merged_67010',553,,50175,2,,,1,67,,50207,2,,,1,26,,50191,2,,,1,67,,50183,2,,,1,27,,50200,2,,,1,66,,50176,2,,,1,27,,50208,2,,,1,67,,50192,2,,,1,14,,50215,2,0,12,1,13,,50184,2,,,1,14,,50222,2,0,12,1,14,,50201,2,,,1,55,,50228,2,0,12,1,14,,50177,2,,,1,15,,50234,2,0,12,1,14,,50209,2,,,1,54,,50216,2,0,12,1,14,,50193,2,,,1,15,,50223,2,0,12,1,14,,50185,2,,,1,55,,50229,2,0,12,1,15,,50202,2,,,1,15,,50235,2,0,12,1,15,,50178,2,,,1,55,,50217,2,0,12,1,15,,50210,2,,,1,15,,50224,2,0,12,1,14,,50194,2,,,1,55,,50230,2,0,12,1,14,,50186,2,,,1,15,,50236,2,0,12,1,15,,50203,2,,,1,55,,50218,2,0,12,1,15,,50179,2,,,1,15,,50225,2,0,12,1,15,,50211,2,,,1,55,,50231,2,0,12,1,14,,50195,2,,,1,15,,50237,2,0,12,1,14,,50187,2,,,1,55,,50219,2,0,12,1,15,,50204,2,,,1,15,,50226,2,0,12,1,15,,50180,2,,,1,55,,50232,2,0,12,1,15,,50212,2,,,1,14,,50238,2,0,12,1,15,,50196,2,,,1,14,,50220,2,0,12,1,54,,50188,2,,,1,14,,50227,2,0,12,1,13,,50205,2,,,1,14,,50233,2,0,12,1,54,,50181,2,,,1,14,,50239,2,0,12,1,14,,50213,2,,,1,14,,50221,2,0,12,1,54,,50197,2,,,1,27,,50189,2,,,1,25,,50206,2,,,1,66,,50182,2,,,1,27,,50214,2,,,1,67,,50198,2,,,1,27,,50190,2,,,1
600000800,'6',553,,50256,2,,,1,67,,50248,2,,,1,26,,50240,2,,,1,67,,50264,2,,,1,27,,50273,2,,,1,66,,50257,2,,,1,27,,50249,2,,,1,67,,50241,2,,,1,14,,50280,2,0,12,1,13,,50265,2,,,1,14,,50287,2,0,12,1,14,,50274,2,,,1,55,,50293,2,0,12,1,14,,50258,2,,,1,15,,50299,2,0,12,1,14,,50250,2,,,1,54,,50281,2,0,12,1,14,,50242,2,,,1,15,,50288,2,0,12,1,14,,50266,2,,,1,55,,50294,2,0,12,1,15,,50275,2,,,1,15,,50300,2,0,12,1,15,,50259,2,,,1,55,,50282,2,0,12,1,15,,50251,2,,,1,15,,50289,2,0,12,1,14,,50243,2,,,1,55,,50295,2,0,12,1,14,,50267,2,,,1,15,,50301,2,0,12,1,15,,50276,2,,,1,55,,50283,2,0,12,1,15,,50260,2,,,1,15,,50290,2,0,12,1,15,,50252,2,,,1,55,,50296,2,0,12,1,14,,50244,2,,,1,15,,50302,2,0,12,1,14,,50268,2,,,1,55,,50284,2,0,12,1,15,,50277,2,,,1,15,,50291,2,0,12,1,15,,50261,2,,,1,55,,50297,2,0,12,1,15,,50253,2,,,1,14,,50303,2,0,12,1,15,,50245,2,,,1,14,,50285,2,0,12,1,54,,50269,2,,,1,14,,50292,2,0,12,1,13,,50278,2,,,1,14,,50298,2,0,12,1,54,,50262,2,,,1,14,,50304,2,0,12,1,14,,50254,2,,,1,14,,50286,2,0,12,1,54,,50246,2,,,1,27,,50270,2,,,1,25,,50279,2,,,1,66,,50263,2,,,1,27,,50255,2,,,1,67,,50247,2,,,1,27,,50271,2,,,1
600000900,'1_merged_67009',514,,50694,2,,,1,13,,50643,2,,,1,11,,50657,2,,,1,11,,50665,2,,,1,10,,50673,2,,,1,49,,50638,2,,,1,10,,50655,2,,,1,9,,50675,2,,,1,10,,50699,2,,,1,9,,50677,2,,,1,9,,50672,2,,,1,49,,50644,2,,,1,9,,50682,2,,,1,9,,50658,2,,,1,10,,50666,2,,,1,11,,50674,2,,,1,11,,50639,2,,,1,51,,50656,2,,,1,12,,50676,2,,,1,13,,50678,2,,,1,13,,50630,2,,,1,13,,50645,2,,,1,54,,50659,2,,,1,15,,50667,2,,,1,15,,50640,2,,,1,15,,50621,2,,,1,55,,50679,2,,,1,14,,50631,2,,,1,14,,50646,2,,,1,14,,50660,2,,,1,54,,50668,2,,,1,14,,50641,2,,,1,14,,50622,2,,,1,14,,50680,2,,,1,54,,50632,2,,,1,14,,50647,2,,,1,15,,50661,2,,,1,15,,50669,2,,,1,55,,50642,2,,,1,15,,50623,2,,,1,14,,50681,2,,,1,14,,50633,2,,,1,14,,50648,2,,,1,53,,50662,2,,,1,12,,50695,2,,,1,12,,50670,2,,,1,11,,50683,2,,,1,11,,50624,2,,,1,51,,50690,2,,,1,11,,50697,2,,,1,10,,50634,2,,,1,10,,50692,2,,,1,10,,50649,2,,,1,10,,50663,2,,,1,50,,50696,2,,,1,11,,50619,2,,,1,10,,50671,2,,,1,10,,50684,2,,,1,10,,50625,2,,,1,50,,50691,2,,,1,10,,50698,2,,,1,10,,50635,2,,,1,11,,50693,2,,,1,11,,50650,2,,,1,11,,50664,2,,,1,52,,50700,2,,,1,11,,50620,2,,,1,13,,50685,2,,,1,17,,50626,2,,,1,59,,50636,2,,,1,19,,50651,2,,,1,19,,50701,2,,,1,59,,50686,2,,,1,20,,50627,2,,,1,20,,50637,2,,,1,60,,50652,2,,,1,28,,50687,2,,,1,29,,50628,2,,,1,69,,50653,2,,,1,28,,50688,2,,,1,68,,50629,2,,,1,28,,50654,2,,,1,69,,50689,2,,,1
600000900,'2_merged_67011',543,,50713,2,,,1,71,,50702,2,,,1,31,,50726,2,,,1,70,,50714,2,,,1,31,,50703,2,,,1,71,,50727,2,,,1,30,,50715,2,,,1,64,,50737,2,,,1,22,,50704,2,,,1,23,,50728,2,,,1,64,,50716,2,,,1,24,,50738,2,,,1,64,,50705,2,,,1,24,,50729,2,,,1,25,,50717,2,,,1,65,,50739,2,,,1,25,,50706,2,,,1,65,,50730,2,,,1,25,,50718,2,,,1,65,,50740,2,,,1,25,,50707,2,,,1,25,,50731,2,,,1,65,,50719,2,,,1,25,,50741,2,,,1,65,,50708,2,,,1,25,,50732,2,,,1,25,,50720,2,,,1,65,,50742,2,,,1,25,,50709,2,,,1,65,,50733,2,,,1,25,,50721,2,,,1,63,,50743,2,,,1,24,,50710,2,,,1,24,,50734,2,,,1,63,,50722,2,,,1,23,,50744,2,,,1,25,,50711,2,,,1,70,,50735,2,,,1,72,,50723,2,,,1,31,,50712,2,,,1,70,,50736,2,,,1,31,,50724,2,,,1
600000900,'3_merged_67010',604,,50756,2,,,1,28,,50767,2,,,1,71,,50747,2,,,1,32,,50757,2,,,1,69,,50768,2,,,1,31,,50748,2,,,1,71,,50758,2,,,1,30,,50769,2,,,1,72,,50749,2,,,1,31,,50759,2,,,1,72,,50770,2,,,1,33,,50750,2,,,1,73,,50760,2,,,1,33,,50771,2,,,1,74,,50751,2,,,1,33,,50761,2,,,1,73,,50772,2,,,1,74,,50752,2,,,1,33,,50762,2,,,1,73,,50773,2,,,1,34,,50753,2,,,1,73,,50763,2,,,1,33,,50774,2,,,1,74,,50754,2,,,1,31,,50764,2,,,1,72,,50775,2,,,1,32,,50755,2,,,1,72,,50765,2,,,1,85,,50745,2,,,1,87,,50766,2,,,1
600000900,'6',604,,50787,2,,,1,28,,50798,2,,,1,71,,50778,2,,,1,32,,50788,2,,,1,69,,50799,2,,,1,31,,50779,2,,,1,71,,50789,2,,,1,30,,50800,2,,,1,72,,50780,2,,,1,31,,50790,2,,,1,72,,50801,2,,,1,33,,50781,2,,,1,73,,50791,2,,,1,33,,50802,2,,,1,74,,50782,2,,,1,33,,50792,2,,,1,73,,50803,2,,,1,74,,50783,2,,,1,33,,50793,2,,,1,73,,50804,2,,,1,34,,50784,2,,,1,73,,50794,2,,,1,33,,50805,2,,,1,74,,50785,2,,,1,31,,50795,2,,,1,72,,50806,2,,,1,32,,50786,2,,,1,72,,50796,2,,,1,85,,50776,2,,,1,87,,50797,2,,,1
