4300,'1_merged_67027',538,,20644,31,,,1,64,,20636,58,,,1,26,,20628,58,,,1,26,,20617,58,,,1,67,,20645,58,,,1,27,,20637,58,,,1,67,,20629,58,,,1,27,,20618,58,,,1,67,,20646,58,,,1,27,,20638,58,,,1,66,,20630,58,,,1,25,,20619,58,,,1,25,,20647,58,,,1,65,,20639,58,,,1,25,,20631,58,,,1,65,,20620,58,,,1,25,,20648,58,,,1,25,,20640,58,,,1,65,,20632,58,,,1,26,,20621,58,,,1,65,,20649,58,,,1,25,,20641,58,,,1,66,,20633,58,,,1,28,,20622,58,,,1,68,,20650,58,,,1,29,,20642,58,,,1,28,,20634,58,,,1,68,,20623,58,,,1,28,,20651,58,,,1,68,,20643,58,,,1,26,,20635,58,,,1,65,,20624,58,,,1,31,,20652,58,,,1,73,,20615,58,,,1,33,,20625,58,,,1,73,,20653,58,,,1,32,,20616,58,,,1,73,,20626,58,,,1,88,,20654,58,,,1,88,,20627,58,,,1
4300,'2_merged_67029',629,,20656,58,,,1,72,,20679,58,,,1,32,,20668,58,,,1,72,,20657,58,,,1,32,,20680,58,,,1,72,,20669,58,,,1,33,,20658,58,,,1,73,,20681,58,,,1,32,,20670,58,,,1,73,,20659,58,,,1,33,,20682,58,,,1,74,,20671,58,,,1,74,,20660,58,,,1,33,,20683,58,,,1,74,,20672,58,,,1,34,,20661,58,,,1,73,,20684,58,,,1,34,,20673,58,,,1,74,,20662,58,,,1,33,,20685,58,,,1,74,,20674,58,,,1,74,,20663,58,,,1,33,,20686,58,,,1,73,,20675,58,,,1,33,,20664,58,,,1,73,,20687,58,,,1,32,,20676,58,,,1,73,,20665,58,,,1,33,,20688,58,,,1,73,,20677,58,,,1,88,,20666,58,,,1,88,,20678,58,,,1
4300,'3_merged_67028',736,,20700,58,,,1,88,,20689,58,,,1,88,,20701,58,,,1,90,,20690,58,,,1,48,,20702,58,,,1,89,,20691,58,,,1,90,,20703,58,,,1,91,,20692,58,,,1,90,,20704,58,,,1,91,,20693,58,,,1,50,,20705,58,,,1,91,,20694,58,,,1,90,,20706,58,,,1,91,,20695,58,,,1,89,,20707,58,,,1,90,,20696,58,,,1,47,,20708,58,,,1,89,,20697,58,,,1,89,,20709,58,,,1,88,,20698,58,,,1,88,,20710,58,,,1
33000,'1_merged_67027',534,,21798,14,,,1,24,,21814,24,,,1,65,,21806,24,,,1,24,,21820,24,,,1,66,,21799,24,,,1,26,,21815,24,,,1,66,,21807,24,,,1,26,,21821,24,,,1,26,,21800,24,,,1,66,,21816,24,,,1,26,,21808,24,,,1,66,,21822,24,,,1,26,,21801,24,,,1,66,,21817,24,,,1,25,,21809,24,,,1,26,,21823,24,,,1,66,,21802,24,,,1,26,,21818,24,,,1,65,,21810,24,,,1,26,,21824,24,,,1,66,,21803,24,,,1,26,,21819,24,,,1,69,,21811,24,,,1,29,,21825,24,,,1,69,,21804,24,,,1,28,,21827,24,,,1,29,,21812,24,,,1,69,,21826,24,,,1,29,,21805,24,,,1,68,,21828,24,,,1,26,,21813,24,,,1
33000,'2_merged_67029',619,,21829,24,,,1,91,,21837,24,,,1,45,,21830,24,,,1,91,,21838,24,,,1,86,,21831,24,,,1,91,,21839,24,,,1,89,,21832,24,,,1,91,,21840,24,,,1,51,,21833,24,,,1,91,,21841,24,,,1,91,,21834,24,,,1,91,,21842,24,,,1,91,,21835,24,,,1,91,,21843,24,,,1,91,,21836,24,,,1,51,,21844,24,,,1
33000,'3_merged_67028',733,,21845,24,0,25 3 26,1,99,,21851,24,0,25 3 26,1,101,,21846,24,0,25 3 26,1,101,,21852,24,0,25 3 26,1,101,,21847,24,0,25 3 26,1,101,,21853,24,0,25 3 26,1,102,,21848,24,0,25 3 26,1,101,,21854,24,0,25 3 26,1,102,,21849,24,0,25 3 26,1,101,,21855,24,0,25 3 26,1,102,,21850,24,0,25 3 26,1,101,,21856,24,0,25 3 26,1
44600,'1_merged_67027',547,,22279,17,,,1,71,,22291,17,,,1,33,,22280,17,,,1,73,,22292,17,,,1,35,,22281,17,,,1,75,,22293,17,,,1,75,,22282,17,,,1,34,,22294,17,,,1,74,,22283,17,,,1,33,,22295,17,,,1,74,,22284,17,,,1,33,,22296,17,,,1,74,,22285,17,,,1,74,,22297,17,,,1,34,,22286,17,,,1,75,,22298,17,,,1,35,,22287,17,,,1,75,,22299,17,,,1,77,,22288,17,,,1,37,,22300,17,,,1,77,,22289,17,,,1,36,,22301,17,,,1,74,,22290,17,,,1,32,,22278,17,,,1
400001000,'1_merged_67027',553,,24623,36,,,1,57,,24625,36,,,1,14,,24634,36,,,1,11,,24645,36,,,1,11,,24615,36,,,1,11,,24652,36,,,1,51,,24627,36,,,1,12,,24644,36,,,1,12,,24672,36,,,1,12,,24624,36,,,1,11,,24647,36,,,1,52,,24626,36,,,1,12,,24635,36,,,1,12,,24646,36,,,1,12,,24616,36,,,1,61,,24628,36,,,1,23,,24653,36,,,1,23,,24648,36,,,1,62,,24636,36,,,1,23,,24617,36,,,1,22,,24629,36,,,1,62,,24654,36,,,1,22,,24649,36,,,1,63,,24637,36,,,1,22,,24618,36,,,1,22,,24630,36,,,1,62,,24655,36,,,1,22,,24650,36,,,1,22,,24638,36,,,1,63,,24619,36,,,1,22,,24631,36,,,1,12,,24661,15,,,1,51,,24656,36,,,1,11,,24663,15,,,1,12,,24651,36,,,1,12,,24659,36,,,1,13,,24639,36,,,1,52,,24665,36,,,1,13,,24620,36,,,1,12,,24614,36,,,1,13,,24632,36,,,1,12,,24662,36,,,1,53,,24657,36,,,1,12,,24664,36,,,1,13,,24667,36,,,1,13,,24660,36,,,1,12,,24640,36,,,1,52,,24666,36,,,1,11,,24621,36,,,1,12,,24674,36,,,1,12,,24633,36,,,1,62,,24658,36,,,1,22,,24668,36,,,1,21,,24641,36,,,1,62,,24622,36,,,1,29,,24673,36,,,1,73,,24669,36,,,1,33,,24642,36,,,1,74,,24675,36,,,1,33,,24670,36,,,1,73,,24643,36,,,1,34,,24676,36,,,1,73,,24671,36,,,1
400001000,'2_merged_67029',632,,24677,36,,,1,69,,24695,36,,,1,28,,24688,36,,,1,26,,24705,36,,,1,65,,24678,36,,,1,25,,24696,36,,,1,66,,24689,36,,,1,26,,24706,36,,,1,65,,24679,36,,,1,22,,24715,36,,,1,22,,24697,36,,,1,62,,24690,36,,,1,22,,24707,36,,,1,22,,24680,36,,,1,62,,24716,36,,,1,23,,24698,36,,,1,22,,24691,36,,,1,62,,24708,36,,,1,22,,24681,36,,,1,62,,24717,36,,,1,23,,24699,36,,,1,23,,24692,36,,,1,62,,24709,36,,,1,22,,24682,36,,,1,22,,24718,36,,,1,63,,24700,36,,,1,23,,24693,36,,,1,62,,24710,36,,,1,22,,24683,36,,,1,22,,24719,36,,,1,62,,24701,36,,,1,23,,24694,36,,,1,22,,24711,36,,,1,62,,24684,36,,,1,22,,24720,36,,,1,64,,24702,36,,,1,33,,24712,36,,,1,74,,24685,36,,,1,34,,24703,36,,,1,73,,24713,36,,,1,33,,24686,36,,,1,74,,24704,36,,,1,33,,24714,36,,,1,73,,24687,36,,,1
400001000,'3_merged_67028',652,,24721,36,,,1,73,,24741,36,,,1,33,,24731,36,,,1,74,,24722,36,,,1,74,,24742,36,,,1,35,,24732,36,,,1,75,,24723,36,,,1,36,,24743,36,,,1,77,,24733,36,,,1,77,,24724,36,,,1,37,,24744,36,,,1,77,,24734,36,,,1,37,,24725,36,,,1,77,,24745,36,,,1,77,,24735,36,,,1,38,,24726,36,,,1,77,,24746,36,,,1,77,,24736,36,,,1,38,,24727,36,,,1,76,,24747,36,,,1,37,,24737,36,,,1,75,,24728,36,,,1,75,,24748,36,,,1,33,,24738,36,,,1,74,,24729,36,,,1,34,,24749,36,,,1,73,,24739,36,,,1,33,,24730,36,,,1,74,,24750,36,,,1,33,,24740,36,,,1
