'14433-special',1900,250100,4,'',1
'15054-special',1900,64200,4,'',1
'15055-special',1901,64500,0,'Autumnwood',1
'15056-special',1900,82700,4,'',1
'15057-special',1901,83200,0,'Autumnwood',1
'15058-special',1900,101600,4,'',1
'15059-special',1901,102100,0,'Autumnwood',1
'15060-special',1900,120800,4,'',1
'15061-special',1901,121200,0,'Autumnwood',1
'15062-special',1900,140400,4,'',1
'15063-special',1901,140800,0,'Autumnwood',1
'15064-special',1900,160000,4,'',1
'15065-special',1901,160400,0,'Autumnwood',1
'15066-special',1900,175400,4,'',1
'15067-special',1901,175800,0,'Autumnwood',1
'15086-special',1900,211500,4,'',1
'15087-special',1901,212100,0,'Autumnwood',1
'15090-special',1900,243600,4,'',1
'15107-special',1900,200600,4,'',1
'15108-special',1901,201100,0,'Autumnwood',1
'15111-special',1900,233100,4,'',1
'15112-special',1901,235200,0,'Autumnwood',1
'15116-special',1900,73300,4,'',1
'15117-special',1901,73900,0,'Autumnwood',1
'15118-special',1900,92000,4,'',1
'15119-special',1901,92500,0,'Autumnwood',1
'15120-special',1900,111100,4,'',1
'15121-special',1901,111700,0,'Autumnwood',1
'15122-special',1900,130600,4,'',1
'15123-special',1901,131000,0,'Autumnwood',1
'15124-special',1900,150200,4,'',1
'15125-special',1901,150600,0,'Autumnwood',1
'15126-special',1900,165700,4,'',1
'15127-special',1901,170200,0,'Autumnwood',1
'15128-special',1900,185500,4,'',1
'15129-special',1901,190000,0,'Autumnwood',1
'15132-special',1900,222300,4,'',1
'15133-special',1901,222900,0,'Autumnwood',1
'1merged62051',1900,54000,4,'',1,6600,4,'',1,2400,4,'',1,2000,4,'',1,5900,4,'',1,1900,4,'',1,2100,4,'',1,5800,4,'',1,2000,4,'',1,2200,4,'',1,6100,4,'',1,2200,4,'',1,2600,4,'',1,7800,4,'',1,8000,4,'',1,3900,4,'',1,7900,4,'',1,7900,4,'',1,3900,4,'',1,7900,4,'',1,8100,4,'',1,2500,4,'',1,1900,4,'',1,5800,4,'',1,2100,4,'',1,2400,4,'',1,6600,4,'',1,3200,4,'',1,7600,4,'',1,7600,4,'',1,4200,4,'',1,9000,4,'',1,9000,4,'',1,9000,4,'',1,8900,4,'',1,9000,4,'',1,4800,4,'',1,8800,4,'',1
'1merged62051',1901,54300,0,'Drake',1,6700,0,'Drake',1,2300,0,'Drake',1,2100,0,'Drake',1,5900,0,'Drake',1,2000,0,'Drake',1,2000,0,'Drake',1,6000,0,'Drake',1,2100,0,'Drake',1,2200,0,'Drake',1,7000,0,'Drake',1,7600,0,'Drake',1,3800,0,'Drake',1,8000,0,'Drake',1,3900,0,'Drake',1,7800,0,'Drake',1,8000,0,'Drake',1,3900,0,'Drake',1,7800,0,'Drake',1,1600,0,'Drake',1,5600,0,'Drake',1,1800,0,'Drake',1,1800,0,'Drake',1,5800,0,'Drake',1,1800,0,'Drake',1,2100,0,'Drake',1,6400,0,'Drake',1,2900,0,'Drake',1,7000,0,'Drake',1,3500,0,'Drake',1,7600,0,'Drake',1,4300,0,'Drake',1,8900,0,'Drake',1,9000,0,'Drake',1,9000,0,'Drake',1,8900,0,'Drake',1,9000,0,'Drake',1,4800,0,'Drake',1,8500,0,'Notre Dame & Arlington',1
'2merged62053',1900,54500,4,'',1,8000,4,'',1,8000,4,'',1,4200,4,'',1,8300,4,'',1,8300,4,'',1,4400,4,'',1,8400,4,'',1,8400,4,'',1,8500,4,'',1,4600,4,'',1,8600,4,'',1,8600,4,'',1,8600,4,'',1,8600,4,'',1,4600,4,'',1,8700,4,'',1,8600,4,'',1,9200,4,'',1,9300,4,'',1,5200,4,'',1,9100,4,'',1,9200,4,'',1,9000,4,'',1,8900,4,'',1,9000,4,'',1,5100,4,'',1
'2merged62053',1901,54900,0,'Drake',1,8100,0,'Drake',1,8100,0,'Drake',1,4200,0,'Drake',1,8200,0,'Drake',1,8300,0,'Drake',1,8400,0,'Drake',1,4400,0,'Drake',1,8400,0,'Drake',1,8400,0,'Drake',1,8600,0,'Drake',1,4600,0,'Drake',1,8600,0,'Drake',1,8700,0,'Drake',1,8600,0,'Drake',1,5300,0,'Drake',1,9600,0,'Drake',1,6900,0,'Autumnwood',1,9400,0,'Autumnwood',1,9200,0,'Autumnwood',1,9200,0,'Autumnwood',1,5000,0,'Autumnwood',1,9200,0,'Autumnwood',1,9100,0,'Autumnwood',1,9100,0,'Autumnwood',1,9000,0,'Autumnwood',1,8500,0,'Notre Dame & Arlington',1
'3merged62052',1900,64200,4,'',1,9100,4,'',1,9400,4,'',1,9300,4,'',1,9600,4,'',1,9500,4,'',1,9700,4,'',1,9800,4,'',1,9800,4,'',1,9800,4,'',1,9800,4,'',1,5700,4,'',1,9700,4,'',1,10100,4,'',1,15100,4,'',1,10900,4,'',1,10800,4,'',1,10800,4,'',1,10500,4,'',1
'3merged62052',1901,64500,0,'Autumnwood',1,9400,0,'Autumnwood',1,9300,0,'Autumnwood',1,9300,0,'Autumnwood',1,9600,0,'Autumnwood',1,9600,0,'Autumnwood',1,9500,0,'Autumnwood',1,9800,0,'Autumnwood',1,9800,0,'Autumnwood',1,9800,0,'Autumnwood',1,9800,0,'Autumnwood',1,9800,0,'Autumnwood',1,5600,0,'Autumnwood',1,14200,0,'Autumnwood',1,11100,0,'Autumnwood',1,11000,0,'Autumnwood',1,10800,0,'Autumnwood',1,12300,0,'Autumnwood',1
