4300,'1_merged_67027',538,,20644,30,,,1,64,,20636,57,,,1,26,,20628,57,,,1,26,,20617,57,,,1,67,,20645,57,,,1,27,,20637,57,,,1,67,,20629,57,,,1,27,,20618,57,,,1,67,,20646,57,,,1,27,,20638,57,,,1,66,,20630,57,,,1,25,,20619,57,,,1,25,,20647,57,,,1,65,,20639,57,,,1,25,,20631,57,,,1,65,,20620,57,,,1,25,,20648,57,,,1,25,,20640,57,,,1,65,,20632,57,,,1,26,,20621,57,,,1,65,,20649,57,,,1,25,,20641,57,,,1,66,,20633,57,,,1,28,,20622,57,,,1,68,,20650,57,,,1,29,,20642,57,,,1,28,,20634,57,,,1,68,,20623,57,,,1,28,,20651,57,,,1,68,,20643,57,,,1,26,,20635,57,,,1,65,,20624,57,,,1,31,,20652,57,,,1,73,,20615,57,,,1,33,,20625,57,,,1,73,,20653,57,,,1,32,,20616,57,,,1,73,,20626,57,,,1,88,,20654,57,,,1,88,,20627,57,,,1
4300,'2_merged_67029',629,,20656,57,,,1,72,,20679,57,,,1,32,,20668,57,,,1,72,,20657,57,,,1,32,,20680,57,,,1,72,,20669,57,,,1,33,,20658,57,,,1,73,,20681,57,,,1,32,,20670,57,,,1,73,,20659,57,,,1,33,,20682,57,,,1,74,,20671,57,,,1,74,,20660,57,,,1,33,,20683,57,,,1,74,,20672,57,,,1,34,,20661,57,,,1,73,,20684,57,,,1,34,,20673,57,,,1,74,,20662,57,,,1,33,,20685,57,,,1,74,,20674,57,,,1,74,,20663,57,,,1,33,,20686,57,,,1,73,,20675,57,,,1,33,,20664,57,,,1,73,,20687,57,,,1,32,,20676,57,,,1,73,,20665,57,,,1,33,,20688,57,,,1,73,,20677,57,,,1,88,,20666,57,,,1,88,,20678,57,,,1
4300,'3_merged_67028',736,,20700,57,,,1,88,,20689,57,,,1,88,,20701,57,,,1,90,,20690,57,,,1,48,,20702,57,,,1,89,,20691,57,,,1,90,,20703,57,,,1,91,,20692,57,,,1,90,,20704,57,,,1,91,,20693,57,,,1,50,,20705,57,,,1,91,,20694,57,,,1,90,,20706,57,,,1,91,,20695,57,,,1,89,,20707,57,,,1,90,,20696,57,,,1,47,,20708,57,,,1,89,,20697,57,,,1,89,,20709,57,,,1,88,,20698,57,,,1,88,,20710,57,,,1
33000,'1_merged_67027',533,,21798,13,,,1,24,,21814,23,,,1,65,,21806,23,,,1,24,,21820,23,,,1,66,,21799,23,,,1,26,,21815,23,,,1,66,,21807,23,,,1,26,,21821,23,,,1,26,,21800,23,,,1,66,,21816,23,,,1,26,,21808,23,,,1,66,,21822,23,,,1,26,,21801,23,,,1,66,,21817,23,,,1,25,,21809,23,,,1,26,,21823,23,,,1,66,,21802,23,,,1,26,,21818,23,,,1,65,,21810,23,,,1,26,,21824,23,,,1,66,,21803,23,,,1,27,,21819,23,,,1,69,,21811,23,,,1,29,,21825,23,,,1,69,,21804,23,,,1,28,,21827,23,,,1,29,,21812,23,,,1,69,,21826,23,,,1,29,,21805,23,,,1,67,,21828,23,,,1,26,,21813,23,,,1
33000,'2_merged_67029',618,,21829,23,,,1,91,,21837,23,,,1,45,,21830,23,,,1,91,,21838,23,,,1,86,,21831,23,,,1,91,,21839,23,,,1,89,,21832,23,,,1,91,,21840,23,,,1,51,,21833,23,,,1,91,,21841,23,,,1,91,,21834,23,,,1,91,,21842,23,,,1,91,,21835,23,,,1,91,,21843,23,,,1,51,,21836,23,,,1,91,,21844,23,,,1
33000,'3_merged_67028',733,,21845,23,0,25 3 26,1,99,,21851,23,0,25 3 26,1,101,,21846,23,0,25 3 26,1,101,,21852,23,0,25 3 26,1,101,,21847,23,0,25 3 26,1,101,,21853,23,0,25 3 26,1,102,,21848,23,0,25 3 26,1,101,,21854,23,0,25 3 26,1,102,,21849,23,0,25 3 26,1,101,,21855,23,0,25 3 26,1,102,,21850,23,0,25 3 26,1,101,,21856,23,0,25 3 26,1
44600,'1_merged_67027',547,,22279,16,,,1,71,,22291,16,,,1,33,,22280,16,,,1,73,,22292,16,,,1,35,,22281,16,,,1,75,,22293,16,,,1,75,,22282,16,,,1,34,,22294,16,,,1,74,,22283,16,,,1,33,,22295,16,,,1,74,,22284,16,,,1,33,,22296,16,,,1,74,,22285,16,,,1,74,,22297,16,,,1,34,,22286,16,,,1,75,,22298,16,,,1,35,,22287,16,,,1,75,,22299,16,,,1,77,,22288,16,,,1,37,,22300,16,,,1,77,,22289,16,,,1,36,,22301,16,,,1,74,,22290,16,,,1,32,,22278,16,,,1
400001000,'1_merged_67027',552,,24623,35,,,1,58,,24625,35,,,1,14,,24634,35,,,1,11,,24645,35,,,1,11,,24615,35,,,1,11,,24652,35,,,1,51,,24627,35,,,1,12,,24644,35,,,1,12,,24672,35,,,1,12,,24624,35,,,1,11,,24647,35,,,1,52,,24626,35,,,1,12,,24635,35,,,1,12,,24646,35,,,1,12,,24616,35,,,1,61,,24628,35,,,1,23,,24653,35,,,1,23,,24648,35,,,1,62,,24636,35,,,1,23,,24617,35,,,1,22,,24629,35,,,1,62,,24654,35,,,1,22,,24649,35,,,1,63,,24637,35,,,1,22,,24618,35,,,1,22,,24630,35,,,1,62,,24655,35,,,1,22,,24650,35,,,1,22,,24638,35,,,1,63,,24619,35,,,1,22,,24631,35,,,1,12,,24661,14,,,1,51,,24656,35,,,1,11,,24663,14,,,1,12,,24651,35,,,1,12,,24659,35,,,1,13,,24639,35,,,1,52,,24665,35,,,1,13,,24620,35,,,1,12,,24614,35,,,1,13,,24632,35,,,1,12,,24662,35,,,1,53,,24657,35,,,1,12,,24664,35,,,1,13,,24667,35,,,1,13,,24660,35,,,1,12,,24640,35,,,1,52,,24666,35,,,1,11,,24621,35,,,1,12,,24674,35,,,1,12,,24633,35,,,1,62,,24658,35,,,1,22,,24668,35,,,1,21,,24641,35,,,1,61,,24622,35,,,1,29,,24673,35,,,1,73,,24669,35,,,1,33,,24642,35,,,1,74,,24675,35,,,1,33,,24670,35,,,1,73,,24643,35,,,1,34,,24676,35,,,1,73,,24671,35,,,1
400001000,'2_merged_67029',631,,24677,35,,,1,69,,24695,35,,,1,28,,24688,35,,,1,26,,24705,35,,,1,65,,24678,35,,,1,25,,24696,35,,,1,67,,24689,35,,,1,26,,24706,35,,,1,65,,24679,35,,,1,22,,24715,35,,,1,22,,24697,35,,,1,62,,24690,35,,,1,22,,24707,35,,,1,22,,24680,35,,,1,62,,24716,35,,,1,23,,24698,35,,,1,22,,24691,35,,,1,62,,24708,35,,,1,22,,24681,35,,,1,62,,24717,35,,,1,23,,24699,35,,,1,23,,24692,35,,,1,62,,24709,35,,,1,22,,24682,35,,,1,22,,24718,35,,,1,63,,24700,35,,,1,23,,24693,35,,,1,62,,24710,35,,,1,22,,24683,35,,,1,22,,24719,35,,,1,62,,24701,35,,,1,22,,24694,35,,,1,22,,24711,35,,,1,62,,24684,35,,,1,22,,24720,35,,,1,64,,24702,35,,,1,33,,24712,35,,,1,74,,24685,35,,,1,34,,24703,35,,,1,73,,24713,35,,,1,33,,24686,35,,,1,74,,24704,35,,,1,33,,24714,35,,,1,73,,24687,35,,,1
400001000,'3_merged_67028',651,,24721,35,,,1,73,,24741,35,,,1,33,,24731,35,,,1,74,,24722,35,,,1,75,,24742,35,,,1,35,,24732,35,,,1,75,,24723,35,,,1,36,,24743,35,,,1,77,,24733,35,,,1,77,,24724,35,,,1,37,,24744,35,,,1,77,,24734,35,,,1,37,,24725,35,,,1,77,,24745,35,,,1,77,,24735,35,,,1,38,,24726,35,,,1,77,,24746,35,,,1,77,,24736,35,,,1,38,,24727,35,,,1,76,,24747,35,,,1,36,,24737,35,,,1,75,,24728,35,,,1,75,,24748,35,,,1,33,,24738,35,,,1,74,,24729,35,,,1,34,,24749,35,,,1,73,,24739,35,,,1,33,,24730,35,,,1,74,,24750,35,,,1,33,,24740,35,,,1
