67601,'1_merged_67009',530,,43437,9,,,1,27,,43452,9,,,1,68,,43430,9,,,1,27,,43445,9,,,1,68,,43438,9,,,1,29,,43453,9,,,1,69,,43431,9,,,1,29,,43446,9,,,1,70,,43439,9,,,1,30,,43454,9,,,1,68,,43432,9,,,1,28,,43447,9,,,1,68,,43440,9,,,1,28,,43455,9,,,1,68,,43433,9,,,1,29,,43448,9,,,1,68,,43441,9,,,1,28,,43456,9,,,1,27,,43434,9,,,1,69,,43449,9,,,1,28,,43442,9,,,1,70,,43457,9,,,1,30,,43435,9,,,1,71,,43450,9,,,1,31,,43443,9,,,1,71,,43458,9,,,1,30,,43436,9,,,1,71,,43451,9,,,1
67601,'2_merged_67011',638,,43467,9,,,1,95,,43461,9,,,1,98,,43468,9,,,1,97,,43462,9,,,1,99,,43469,9,,,1,98,,43463,9,,,1,99,,43470,9,,,1,99,,43464,9,,,1,99,,43471,9,,,1,99,,43465,9,,,1,99,,43472,9,,,1,99,,43466,9,,,1,99,,43473,9,,,1
67601,'3_merged_67010',734,,43480,9,,,1,97,,43474,9,,,1,98,,43481,9,,,1,98,,43475,9,,,1,98,,43482,9,,,1,99,,43476,9,,,1,99,,43483,9,,,1,99,,43477,9,,,1,99,,43484,9,,,1,99,,43478,9,,,1,99,,43485,9,,,1,99,,43479,9,,,1
67601,'6',734,,43492,9,,,1,97,,43486,9,,,1,98,,43493,9,,,1,98,,43487,9,,,1,98,,43494,9,,,1,99,,43488,9,,,1,99,,43495,9,,,1,99,,43489,9,,,1,99,,43496,9,,,1,99,,43490,9,,,1,99,,43497,9,,,1,99,,43491,9,,,1
600000600,'1_merged_67009',506,,49157,1,,,1,13,,49173,1,,,1,12,,49189,1,,,1,12,,49179,1,,,1,13,,49235,1,,,1,52,,49167,1,,,1,11,,49198,1,,,1,11,,49204,1,,,1,9,,49205,1,,,1,8,,49192,1,,,1,10,,49158,1,,,1,48,,49220,1,,,1,10,,49174,1,,,1,10,,49190,1,,,1,10,,49180,1,,,1,12,,49219,1,,,1,12,,49221,1,,,1,53,,49168,1,,,1,13,,49199,1,,,1,17,,49206,1,,,1,58,,49193,1,,,1,16,,49159,1,,,1,15,,49175,1,,,1,15,,49181,1,,,1,55,,49215,1,,,1,15,,49200,1,,,1,16,,49169,1,,,1,15,,49207,1,,,1,55,,49194,1,,,1,16,,49160,1,,,1,15,,49176,1,,,1,15,,49182,1,,,1,55,,49216,1,,,1,15,,49201,1,,,1,16,,49170,1,,,1,16,,49208,1,,,1,55,,49195,1,,,1,16,,49161,1,,,1,15,,49177,1,,,1
600000600,'2_merged_67011',542,,49246,1,,,1,63,,49256,1,,,1,23,,49236,1,,,1,22,,49272,1,,,1,62,,49265,1,,,1,23,,49247,1,,,1,23,,49257,1,,,1,64,,49237,1,,,1,22,,49273,1,,,1,61,,49266,1,,,1,19,,49282,1,,,1,20,,49248,1,,,1,59,,49258,1,,,1,19,,49238,1,,,1,20,,49274,1,,,1,61,,49267,1,,,1,21,,49283,1,,,1,21,,49249,1,,,1,60,,49259,1,,,1,20,,49239,1,,,1,21,,49275,1,,,1,62,,49268,1,,,1,21,,49284,1,,,1,21,,49250,1,,,1
600000600,'3_merged_67010',610,,49309,1,,,1,37,,49290,1,,,1,78,,49300,1,,,1,78,,49310,1,,,1,37,,49291,1,,,1,64,,49323,1,,,1,23,,49301,1,,,1,24,,49318,1,,,1,63,,49311,1,,,1,24,,49292,1,,,1,64,,49324,1,,,1,25,,49302,1,,,1,25,,49319,1,,,1,65,,49312,1,,,1,25,,49293,1,,,1,65,,49325,1,,,1,26,,49303,1,,,1
600000600,'6',610,,49347,1,,,1,37,,49328,1,,,1,78,,49338,1,,,1,78,,49348,1,,,1,37,,49329,1,,,1,64,,49361,1,,,1,23,,49339,1,,,1,24,,49356,1,,,1,63,,49349,1,,,1,24,,49330,1,,,1,64,,49362,1,,,1,25,,49340,1,,,1,25,,49357,1,,,1,65,,49350,1,,,1,25,,49331,1,,,1,65,,49363,1,,,1,26,,49341,1,,,1
600000601,'1_merged_67009',539,,49389,31,4,,1,16,,49377,54,4,,1,56,,49407,54,4,,1,14,,49414,54,4,,1,14,,49401,54,4,,1,13,,49367,54,4,,1,55,,49383,54,4,,1,12,,49400,54,4,,1,11,,49390,54,4,,1,10,,49430,54,4,,1,11,,49432,54,4,,1,52,,49378,54,4,,1,10,,49408,54,4,,1,11,,49429,54,4,,1,12,,49415,54,4,,1,11,,49402,54,4,,1,12,,49368,54,4,,1,52,,49431,54,4,,1,13,,49384,54,4,,1,15,,49391,54,4,,1,16,,49424,54,4,,1,56,,49409,54,4,,1,16,,49379,54,4,,1,15,,49416,54,4,,1,15,,49403,54,4,,1,56,,49369,54,4,,1,15,,49385,54,4,,1,15,,49392,54,4,,1,15,,49425,54,4,,1,55,,49410,54,4,,1,16,,49380,54,4,,1,15,,49417,54,4,,1,15,,49404,54,4,,1,57,,49370,54,4,,1,15,,49386,54,4,,1
600000601,'2_merged_67011',601,,49466,31,4,,1,22,,49446,54,4,,1,22,,49482,54,4,,1,63,,49474,54,4,,1,22,,49456,54,4,,1,23,,49467,54,4,,1,64,,49447,54,4,,1,22,,49483,54,4,,1,62,,49475,54,4,,1,23,,49457,54,4,,1,24,,49468,54,4,,1,64,,49448,54,4,,1,24,,49484,54,4,,1,22,,49476,54,4,,1,61,,49492,54,4,,1,21,,49458,54,4,,1,60,,49469,54,4,,1,20,,49449,54,4,,1,21,,49485,54,4,,1,62,,49477,54,4,,1,21,,49493,54,4,,1,21,,49459,54,4,,1
600000601,'3_merged_67010',643,,49500,54,4,,1,78,,49509,54,4,,1,37,,49518,54,4,,1,78,,49501,54,4,,1,77,,49510,54,4,,1,28,,49527,54,4,,1,67,,49519,54,4,,1,25,,49502,54,4,,1,24,,49533,54,4,,1,65,,49511,54,4,,1,25,,49528,54,4,,1,65,,49520,54,4,,1,25,,49503,54,4,,1,65,,49534,54,4,,1,25,,49512,54,4,,1
600000601,'6',643,,49538,54,4,,1,78,,49547,54,4,,1,37,,49556,54,4,,1,78,,49539,54,4,,1,77,,49548,54,4,,1,28,,49565,54,4,,1,67,,49557,54,4,,1,25,,49540,54,4,,1,24,,49571,54,4,,1,65,,49549,54,4,,1,25,,49566,54,4,,1,65,,49558,54,4,,1,25,,49541,54,4,,1,65,,49572,54,4,,1,25,,49550,54,4,,1
