2201,'1_merged_67027',555,,19596,30,,,1,68,,19594,30,,,1,28,,19597,30,,,1,69,,19591,30,,,1,30,,19598,30,,,1,70,,19595,30,,,1,31,,19599,30,,,1,70,,19613,30,,,1,31,,19600,30,,,1,70,,19614,30,,,1,31,,19601,30,,,1,71,,19615,30,,,1,31,,19602,30,,,1,71,,19616,30,,,1,32,,19603,30,,,1,71,,19617,30,,,1,72,,19604,30,,,1,32,,19618,30,,,1,72,,19605,30,,,1,32,,19619,30,,,1,16,,19629,30,,,1,56,,19606,30,,,1,16,,19633,30,,,1,16,,19620,30,,,1,16,,19631,30,,,1,56,,19607,30,,,1,16,,19592,30,,,1,16,,19621,30,,,1,55,,19632,30,,,1,16,,19608,30,,,1,16,,19630,30,,,1,15,,19622,30,,,1,56,,19593,30,,,1,14,,19609,30,,,1,29,,19623,30,,,1,68,,19610,30,,,1,28,,19624,30,,,1,68,,19611,30,,,1,28,,19625,30,,,1,68,,19612,30,,,1,27,,19626,30,,,1,95,,19627,30,,,1,95,,19628,30,,,1
2201,'2_merged_67029',614,,19653,30,,,1,27,,19634,30,,,1,68,,19654,30,,,1,27,,19635,30,,,1,68,,19655,30,,,1,27,,19636,30,,,1,28,,19656,30,,,1,67,,19637,30,,,1,29,,19657,30,,,1,68,,19638,30,,,1,30,,19658,30,,,1,69,,19639,30,,,1,30,,19659,30,,,1,70,,19640,30,,,1,30,,19660,30,,,1,70,,19641,30,,,1,30,,19661,30,,,1,70,,19642,30,,,1,30,,19662,30,,,1,70,,19643,30,,,1,30,,19663,30,,,1,70,,19644,30,,,1,30,,19664,30,,,1,70,,19645,30,,,1,30,,19665,30,,,1,70,,19646,30,,,1,30,,19666,30,,,1,69,,19647,30,,,1,29,,19667,30,,,1,67,,19648,30,,,1,29,,19668,30,,,1,68,,19649,30,,,1,28,,19669,30,,,1,68,,19650,30,,,1,95,,19651,30,,,1,95,,19652,30,,,1
2201,'3_merged_67028',714,,19670,30,,,1,95,,19671,30,,,1,95,,19672,30,,,1,96,,19673,30,,,1,58,,19674,30,,,1,99,,19675,30,,,1,70,,19687,30,,,1,30,,19676,30,,,1,70,,19688,30,,,1,30,,19677,30,,,1,70,,19689,30,,,1,30,,19678,30,,,1,70,,19690,30,,,1,30,,19679,30,,,1,70,,19691,30,,,1,30,,19680,30,,,1,70,,19692,30,,,1,30,,19681,30,,,1,70,,19693,30,,,1,30,,19682,30,,,1,98,,19683,30,,,1,96,,19684,30,,,1,96,,19685,30,,,1,95,,19686,30,,,1
7001,'1_merged_67027',558,,21085,36,,,1,71,,21073,36,,,1,30,,21086,36,,,1,70,,21094,36,,,1,29,,21074,36,,,1,70,,21087,36,,,1,30,,21095,36,,,1,69,,21075,36,,,1,29,,21088,36,,,1,69,,21096,36,,,1,29,,21076,36,,,1,70,,21089,36,,,1,29,,21097,36,,,1,69,,21077,36,,,1,29,,21090,36,,,1,70,,21098,36,,,1,30,,21078,36,,,1,70,,21091,36,,,1,30,,21099,36,,,1,71,,21079,36,,,1,31,,21092,36,,,1,71,,21100,36,,,1,31,,21080,36,,,1,71,,21093,36,,,1,31,,21101,36,,,1,71,,21081,36,,,1,29,,21106,36,,,1,68,,21102,36,,,1,28,,21082,36,,,1,69,,21107,36,,,1,28,,21103,36,,,1,67,,21083,36,,,1,27,,21108,36,,,1,67,,21104,36,,,1,28,,21084,36,,,1,68,,21109,36,,,1,41,,21105,36,,,1,81,,21110,36,,,1
7001,'2_merged_67029',557,,21130,36,,,1,80,,21117,36,,,1,80,,21131,36,,,1,27,,21142,36,,,1,66,,21118,36,,,1,27,,21132,36,,,1,67,,21143,36,,,1,27,,21119,36,,,1,27,,21133,36,,,1,68,,21144,36,,,1,28,,21120,36,,,1,68,,21134,36,,,1,29,,21145,36,,,1,68,,21121,36,,,1,29,,21135,36,,,1,69,,21146,36,,,1,29,,21122,36,,,1,68,,21136,36,,,1,29,,21147,36,,,1,69,,21123,36,,,1,29,,21137,36,,,1,69,,21148,36,,,1,28,,21124,36,,,1,69,,21138,36,,,1,29,,21111,36,,,1,68,,21125,36,,,1,28,,21139,36,,,1,68,,21112,36,,,1,28,,21126,36,,,1,28,,21140,36,,,1,68,,21113,36,,,1,28,,21127,36,,,1,67,,21141,36,,,1,27,,21114,36,,,1,80,,21128,36,,,1,80,,21115,36,,,1,41,,21129,36,,,1,81,,21116,36,,,1
7001,'3_merged_67028',707,,21162,36,,,1,40,,21149,36,,,1,80,,21163,36,,,1,80,,21150,36,,,1,41,,21164,36,,,1,81,,21151,36,,,1,82,,21165,36,,,1,42,,21152,36,,,1,82,,21166,36,,,1,83,,21153,36,,,1,83,,21167,36,,,1,43,,21154,36,,,1,83,,21168,36,,,1,83,,21155,36,,,1,43,,21169,36,,,1,83,,21156,36,,,1,83,,21170,36,,,1,82,,21157,36,,,1,42,,21171,36,,,1,81,,21158,36,,,1,81,,21172,36,,,1,41,,21159,36,,,1,80,,21173,36,,,1,80,,21160,36,,,1,41,,21174,36,,,1,81,,21161,36,,,1
22000,'1_merged_67027',538,,21526,6,,,1,71,,21519,6,,,1,36,,21535,6,,,1,78,,21527,6,,,1,36,,21520,6,,,1,78,,21536,6,,,1,78,,21528,6,,,1,37,,21521,6,,,1,77,,21537,6,,,1,77,,21529,6,,,1,37,,21522,6,,,1,77,,21538,6,,,1,37,,21530,6,,,1,77,,21523,6,,,1,78,,21539,6,,,1,38,,21531,6,,,1,78,,21524,6,,,1,78,,21540,6,,,1,40,,21532,6,,,1,80,,21525,6,,,1,79,,21541,6,,,1,38,,21533,6,,,1
22001,'1_merged_67027',555,,21542,37,,,1,76,,21557,50,,,1,77,,21550,50,,,1,36,,21543,50,,,1,78,,21558,50,,,1,78,,21551,50,,,1,37,,21544,50,,,1,77,,21559,50,,,1,37,,21552,50,,,1,77,,21545,50,,,1,77,,21560,50,,,1,37,,21553,50,,,1,77,,21546,50,,,1,38,,21561,50,,,1,77,,21554,50,,,1,78,,21547,50,,,1,38,,21562,50,,,1,80,,21555,50,,,1,80,,21548,50,,,1,38,,21563,50,,,1,79,,21556,50,,,1,77,,21549,50,,,1
22300,'1_merged_67027',544,,21564,26,,,1,68,,21578,26,,,1,28,,21565,26,,,1,69,,21579,26,,,1,29,,21566,26,,,1,69,,21580,26,,,1,29,,21567,26,,,1,69,,21581,26,,,1,29,,21568,26,,,1,69,,21582,26,,,1,29,,21569,26,,,1,69,,21583,26,,,1,29,,21570,26,,,1,29,,21584,26,,,1,69,,21571,26,,,1,29,,21585,26,,,1,69,,21572,26,,,1,29,,21586,26,,,1,69,,21573,26,,,1,29,,21587,26,,,1,69,,21574,5,,,1,29,,21588,5,,,1,69,,21575,5,,,1,29,,21589,5,,,1,69,,21576,5,,,1,29,,21590,5,,,1,69,,21577,5,,,1,28,,21591,5,,,1
22301,'1_merged_67027',537,,21606,14,,,1,68,,21592,14,,,1,28,,21607,14,,,1,68,,21593,14,,,1,29,,21608,14,,,1,29,,21594,14,,,1,69,,21609,14,,,1,29,,21595,14,,,1,69,,21610,14,,,1,29,,21596,14,,,1,69,,21611,14,,,1,29,,21597,14,,,1,69,,21612,14,,,1,29,,21598,14,,,1,69,,21613,14,,,1,29,,21599,14,,,1,69,,21614,14,,,1,29,,21600,14,,,1,69,,21615,14,,,1,29,,21601,14,,,1,69,,21616,14,,,1,29,,21602,14,,,1,69,,21617,14,,,1,29,,21603,14,,,1,69,,21618,14,,,1,29,,21604,14,,,1,69,,21619,14,,,1,29,,21605,14,,,1
88500,'1_merged_67027',604,,23687,59,0,46,1,40,,23691,59,0,46,1,78,,23689,59,0,46,1,81,,23688,59,0,46,1,41,,23692,59,0,46,1,596,,23693,22,0,46,1,83,,23685,59,0,46,1,82,,23683,59,0,46,1,41,,23694,59,0,46,1,83,,23686,59,0,46,1,80,,23684,59,0,46,1,39,,23695,59,0,46,1
2222200,'1_merged_67027',531,,24006,26,0,46 47 48,1,10,,23830,26,0,46 47 48,1,10,,23850,26,0,46 47 48,1,49,,23874,30,0,46 47 48,1,8,,24002,42,0,46 47 48,1,7,,23924,48,0,46 47 48,1,6,,23837,42,0,46 47 48,1,6,,23824,48,0,46 47 48,1,6,,23856,42,0,46 47 48,1,7,,23843,48,0,46 47 48,1,6,,23993,42,0,46 47 48,1,6,,24019,48,0,46 47 48,1,6,,24015,42,0,46 47 48,1,47,,23940,48,0,46 47 48,1,6,,23879,42,0,46 47 48,1,5,,23873,48,0,46 47 48,1,7,,23895,42,0,46 47 48,1,7,,23885,48,0,46 47 48,1,6,,24013,42,0,46 47 48,1,5,,23982,48,0,46 47 48,1,5,,23900,48,0,46 47 48,1,7,,23826,48,0,46 47 48,1,48,,23832,42,0,46 47 48,1,7,,23917,48,0,46 47 48,1,7,,23851,42,0,46 47 48,1,6,,23928,48,0,46 47 48,1,6,,24003,42,0,46 47 48,1,7,,23934,48,0,46 47 48,1,6,,23932,42,0,46 47 48,1,7,,23935,48,0,46 47 48,1,6,,23896,42,0,46 47 48,1,6,,23838,48,0,46 47 48,1,46,,23901,42,0,46 47 48,1,6,,23857,48,0,46 47 48,1,5,,23819,42,0,46 47 48,1,6,,23844,48,0,46 47 48,1,5,,23823,42,0,46 47 48,1,6,,23920,48,0,46 47 48,1,7,,23880,42,0,46 47 48,1,6,,23923,48,0,46 47 48,1,7,,23884,42,0,46 47 48,1,6,,23875,48,0,46 47 48,1,46,,24014,42,0,46 47 48,1,6,,23886,48,0,46 47 48,1,6,,24008,42,0,46 47 48,1,6,,23891,48,0,46 47 48,1,6,,23910,42,0,46 47 48,1,6,,23827,48,0,46 47 48,1,6,,23918,42,0,46 47 48,1,6,,23833,48,0,46 47 48,1,6,,23852,42,0,46 47 48,1,6,,23939,48,0,46 47 48,1,46,,23945,42,0,46 47 48,1,6,,23929,48,0,46 47 48,1,6,,23936,42,0,46 47 48,1,6,,23864,48,0,46 47 48,1,6,,23839,42,0,46 47 48,1,6,,23897,48,0,46 47 48,1,6,,23858,42,0,46 47 48,1,6,,23903,48,0,46 47 48,1,6,,23845,42,0,46 47 48,1,6,,23820,48,0,46 47 48,1,46,,23921,42,0,46 47 48,1,5,,23831,48,0,46 47 48,1,6,,23925,42,0,46 47 48,1,6,,23881,48,0,46 47 48,1,6,,23876,42,0,46 47 48,1,6,,23894,48,0,46 47 48,1,6,,23887,42,0,46 47 48,1,7,,24016,48,0,46 47 48,1,6,,23892,42,0,46 47 48,1,6,,24009,48,0,46 47 48,1,46,,23828,42,0,46 47 48,1,6,,23911,48,0,46 47 48,1,6,,23834,42,0,46 47 48,1,6,,23919,48,0,46 47 48,1,6,,23941,42,0,46 47 48,1,6,,23853,48,0,46 47 48,1,6,,23930,42,0,46 47 48,1,7,,23950,48,0,46 47 48,1,6,,23865,42,0,46 47 48,1,46,,23937,48,0,46 47 48,1,6,,23898,42,0,46 47 48,1,6,,23840,48,0,46 47 48,1,6,,23904,42,0,46 47 48,1,6,,23859,48,0,46 47 48,1,6,,23821,42,0,46 47 48,1,6,,23846,48,0,46 47 48,1,6,,23841,42,0,46 47 48,1,6,,23922,48,0,46 47 48,1,6,,23882,42,0,46 47 48,1,46,,23926,48,0,46 47 48,1,6,,23902,42,0,46 47 48,1,6,,23877,48,0,46 47 48,1,6,,24017,42,0,46 47 48,1,6,,23943,48,0,46 47 48,1,6,,24010,42,0,46 47 48,1,6,,23888,48,0,46 47 48,1,5,,23912,42,0,46 47 48,1,5,,23893,48,0,46 47 48,1,5,,23948,42,0,46 47 48,1,4,,23829,48,0,46 47 48,1,4,,23951,42,0,46 47 48,1,44,,23835,48,0,46 47 48,1,4,,23855,42,0,46 47 48,1,4,,23954,48,0,46 47 48,1,4,,23964,42,0,46 47 48,1,4,,23942,48,0,46 47 48,1,4,,23963,42,0,46 47 48,1,4,,23965,48,0,46 47 48,1,4,,23938,42,0,46 47 48,1,4,,23931,48,0,46 47 48,1,4,,23981,42,0,46 47 48,1,4,,23866,48,0,46 47 48,1,4,,23946,42,0,46 47 48,1,4,,23977,48,0,46 47 48,1,4,,23905,42,0,46 47 48,1,4,,23899,48,0,46 47 48,1,44,,23989,42,0,46 47 48,1,4,,23842,48,0,46 47 48,1,4,,23822,42,0,46 47 48,1,4,,23970,48,0,46 47 48,1,4,,23959,42,0,46 47 48,1,4,,23976,48,0,46 47 48,1,4,,23849,42,0,46 47 48,1,4,,23847,48,0,46 47 48,1,4,,23883,42,0,46 47 48,1,3,,23987,48,0,46 47 48,1,3,,23983,42,0,46 47 48,1,3,,23988,48,0,46 47 48,1,4,,23909,42,0,46 47 48,1,4,,23927,48,0,46 47 48,1,4,,24018,42,0,46 47 48,1,44,,23994,48,0,46 47 48,1,4,,23990,42,0,46 47 48,1,4,,23998,48,0,46 47 48,1,4,,23975,42,0,46 47 48,1,4,,23944,48,0,46 47 48,1,4,,23913,42,0,46 47 48,1,5,,24011,48,0,46 47 48,1,4,,23949,42,0,46 47 48,1,6,,23999,48,0,46 47 48,1,6,,23836,42,0,46 47 48,1,7,,23952,48,0,46 47 48,1,7,,23955,42,0,46 47 48,1,46,,23860,48,0,46 47 48,1,8,,23867,42,0,46 47 48,1,8,,23967,48,0,46 47 48,1,8,,23906,42,0,46 47 48,1,9,,23978,48,0,46 47 48,1,9,,23960,42,0,46 47 48,1,10,,23971,48,0,46 47 48,1,50,,23972,42,0,46 47 48,1,10,,23984,48,0,46 47 48,1,11,,23995,42,0,46 47 48,1,11,,23991,48,0,46 47 48,1,11,,24012,42,0,46 47 48,1,11,,23914,48,0,46 47 48,1,51,,23956,42,0,46 47 48,1,11,,23953,48,0,46 47 48,1,11,,23869,42,0,46 47 48,1,11,,23968,48,0,46 47 48,1,12,,23961,42,0,46 47 48,1,53,,23979,48,0,46 47 48,1,14,,23973,42,0,46 47 48,1,14,,23985,48,0,46 47 48,1,14,,23996,42,0,46 47 48,1,54,,23992,48,0,46 47 48,1,13,,23957,42,0,46 47 48,1,14,,23915,48,0,46 47 48,1,14,,23871,42,0,46 47 48,1,14,,23969,48,0,46 47 48,1,55,,23962,42,0,46 47 48,1,15,,23980,48,0,46 47 48,1,14,,23974,42,0,46 47 48,1,14,,23986,48,0,46 47 48,1,55,,23997,42,0,46 47 48,1,15,,23958,48,0,46 47 48,1,15,,23916,42,0,46 47 48,1,16,,23872,48,0,46 47 48,1
2222200,'2_merged_67029',520,,24020,12,0,46 47 48,1,13,,24029,26,0,46 47 48,1,14,,24035,26,0,46 47 48,1,53,,24069,26,0,46 47 48,1,13,,24075,26,0,46 47 48,1,14,,24090,26,0,46 47 48,1,13,,24052,42,0,46 47 48,1,14,,24061,48,0,46 47 48,1,53,,24081,42,0,46 47 48,1,15,,24044,48,0,46 47 48,1,14,,24021,42,0,46 47 48,1,15,,24030,48,0,46 47 48,1,54,,24036,42,0,46 47 48,1,14,,24070,48,0,46 47 48,1,14,,24076,42,0,46 47 48,1,15,,24091,48,0,46 47 48,1,53,,24053,42,0,46 47 48,1,13,,24062,48,0,46 47 48,1,12,,24082,42,0,46 47 48,1,12,,24098,48,0,46 47 48,1,11,,24022,42,0,46 47 48,1,52,,24045,48,0,46 47 48,1,11,,24102,42,0,46 47 48,1,11,,24031,48,0,46 47 48,1,11,,24037,42,0,46 47 48,1,11,,24071,48,0,46 47 48,1,11,,24077,42,0,46 47 48,1,50,,24107,48,0,46 47 48,1,11,,24054,42,0,46 47 48,1,10,,24092,48,0,46 47 48,1,10,,24111,42,0,46 47 48,1,10,,24063,48,0,46 47 48,1,10,,24083,42,0,46 47 48,1,50,,24099,48,0,46 47 48,1,10,,24023,42,0,46 47 48,1,10,,24118,48,0,46 47 48,1,10,,24103,42,0,46 47 48,1,10,,24046,48,0,46 47 48,1,10,,24038,42,0,46 47 48,1,50,,24032,48,0,46 47 48,1,10,,24078,42,0,46 47 48,1,11,,24072,48,0,46 47 48,1,12,,24055,42,0,46 47 48,1,10,,24108,48,0,46 47 48,1,50,,24112,42,0,46 47 48,1,10,,24093,48,0,46 47 48,1,10,,24084,42,0,46 47 48,1,10,,24064,48,0,46 47 48,1,11,,24024,42,0,46 47 48,1,10,,24100,48,0,46 47 48,1,50,,24104,42,0,46 47 48,1,10,,24119,48,0,46 47 48,1,10,,24039,42,0,46 47 48,1,10,,24047,48,0,46 47 48,1,10,,24079,42,0,46 47 48,1,11,,24033,48,0,46 47 48,1,51,,24056,42,0,46 47 48,1,11,,24073,48,0,46 47 48,1,10,,24113,42,0,46 47 48,1,10,,24109,48,0,46 47 48,1,11,,24085,42,0,46 47 48,1,10,,24094,48,0,46 47 48,1,51,,24025,42,0,46 47 48,1,10,,24065,48,0,46 47 48,1,9,,24105,42,0,46 47 48,1,10,,24101,48,0,46 47 48,1,10,,24040,42,0,46 47 48,1,10,,24120,48,0,46 47 48,1,49,,24080,42,0,46 47 48,1,11,,24048,48,0,46 47 48,1,10,,24057,42,0,46 47 48,1,10,,24034,48,0,46 47 48,1,10,,24114,42,0,46 47 48,1,10,,24074,48,0,46 47 48,1,51,,24086,42,0,46 47 48,1,9,,24110,48,0,46 47 48,1,10,,24026,42,0,46 47 48,1,11,,24095,48,0,46 47 48,1,10,,24106,42,0,46 47 48,1,11,,24066,48,0,46 47 48,1,55,,24041,42,0,46 47 48,1,16,,24121,48,0,46 47 48,1,15,,24049,42,0,46 47 48,1,14,,24058,48,0,46 47 48,1,56,,24115,42,0,46 47 48,1,16,,24087,48,0,46 47 48,1,15,,24027,42,0,46 47 48,1,56,,24096,48,0,46 47 48,1,15,,24067,42,0,46 47 48,1,15,,24042,48,0,46 47 48,1,15,,24122,42,0,46 47 48,1,14,,24050,48,0,46 47 48,1,55,,24059,42,0,46 47 48,1,15,,24116,48,0,46 47 48,1,14,,24088,42,0,46 47 48,1,14,,24028,48,0,46 47 48,1,54,,24097,42,0,46 47 48,1,15,,24068,48,0,46 47 48,1,14,,24043,42,0,46 47 48,1,14,,24123,48,0,46 47 48,1,55,,24051,42,0,46 47 48,1,15,,24060,48,0,46 47 48,1,15,,24117,42,0,46 47 48,1,16,,24089,48,0,46 47 48,1
2222200,'3_merged_67028',608,,24147,12,0,46 47 48,1,13,,24161,26,0,46 47 48,1,14,,24171,26,0,46 47 48,1,14,,24131,48,0,46 47 48,1,54,,24153,42,0,46 47 48,1,14,,24124,48,0,46 47 48,1,14,,24139,42,0,46 47 48,1,15,,24166,48,0,46 47 48,1,54,,24179,42,0,46 47 48,1,14,,24187,48,0,46 47 48,1,14,,24148,42,0,46 47 48,1,15,,24162,48,0,46 47 48,1,13,,24172,42,0,46 47 48,1,53,,24132,48,0,46 47 48,1,12,,24154,42,0,46 47 48,1,12,,24194,48,0,46 47 48,1,11,,24140,42,0,46 47 48,1,12,,24125,48,0,46 47 48,1,51,,24200,42,0,46 47 48,1,11,,24167,48,0,46 47 48,1,11,,24180,42,0,46 47 48,1,10,,24188,48,0,46 47 48,1,12,,24149,42,0,46 47 48,1,51,,24207,48,0,46 47 48,1,12,,24173,42,0,46 47 48,1,11,,24163,48,0,46 47 48,1,13,,24155,42,0,46 47 48,1,11,,24133,48,0,46 47 48,1,52,,24141,42,0,46 47 48,1,12,,24195,48,0,46 47 48,1,12,,24201,42,0,46 47 48,1,12,,24126,48,0,46 47 48,1,12,,24181,42,0,46 47 48,1,52,,24168,48,0,46 47 48,1,12,,24150,42,0,46 47 48,1,12,,24189,48,0,46 47 48,1,12,,24174,42,0,46 47 48,1,12,,24208,48,0,46 47 48,1,52,,24156,42,0,46 47 48,1,12,,24164,48,0,46 47 48,1,11,,24142,42,0,46 47 48,1,12,,24134,48,0,46 47 48,1,12,,24202,42,0,46 47 48,1,52,,24196,48,0,46 47 48,1,12,,24182,42,0,46 47 48,1,12,,24127,48,0,46 47 48,1,12,,24151,42,0,46 47 48,1,12,,24169,48,0,46 47 48,1,52,,24175,42,0,46 47 48,1,13,,24190,48,0,46 47 48,1,12,,24157,42,0,46 47 48,1,12,,24209,48,0,46 47 48,1,12,,24143,42,0,46 47 48,1,52,,24165,48,0,46 47 48,1,12,,24203,42,0,46 47 48,1,12,,24135,48,0,46 47 48,1,11,,24183,42,0,46 47 48,1,12,,24197,48,0,46 47 48,1,11,,24152,42,0,46 47 48,1,52,,24128,48,0,46 47 48,1,11,,24176,42,0,46 47 48,1,12,,24170,48,0,46 47 48,1,12,,24158,42,0,46 47 48,1,13,,24191,48,0,46 47 48,1,53,,24144,42,0,46 47 48,1,13,,24210,48,0,46 47 48,1,14,,24204,42,0,46 47 48,1,15,,24136,48,0,46 47 48,1,55,,24184,42,0,46 47 48,1,15,,24198,48,0,46 47 48,1,15,,24129,42,0,46 47 48,1,15,,24177,48,0,46 47 48,1,56,,24159,42,0,46 47 48,1,16,,24192,48,0,46 47 48,1,15,,24145,42,0,46 47 48,1,16,,24205,48,0,46 47 48,1,55,,24137,42,0,46 47 48,1,15,,24185,48,0,46 47 48,1,14,,24199,42,0,46 47 48,1,15,,24130,48,0,46 47 48,1,54,,24178,42,0,46 47 48,1,14,,24160,48,0,46 47 48,1,15,,24193,42,0,46 47 48,1,14,,24146,48,0,46 47 48,1,54,,24206,42,0,46 47 48,1,16,,24138,48,0,46 47 48,1,17,,24186,42,0,46 47 48,1
400001501,'1_merged_67027',603,,26092,49,0,46,1,18,,26071,80,0,46,1,20,,26090,80,0,46,1,60,,26095,80,0,46,1,21,,26083,80,0,46,1,11,,26101,80,0,46,1,12,,26066,80,0,46,1,11,,26102,80,0,46,1,51,,26077,80,0,46,1,11,,26103,80,0,46,1,11,,26114,80,0,46,1,21,,26115,80,0,46,1,61,,26072,80,0,46,1,20,,26108,80,0,46,1,21,,26096,80,0,46,1,60,,26084,80,0,46,1,20,,26067,80,0,46,1,20,,26078,80,0,46,1,61,,26104,80,0,46,1,21,,26116,80,0,46,1,21,,26073,80,0,46,1,61,,26109,80,0,46,1,21,,26097,80,0,46,1,20,,26085,80,0,46,1,61,,26068,80,0,46,1,21,,26079,80,0,46,1,61,,26105,80,0,46,1,22,,26117,80,0,46,1,23,,26074,80,0,46,1,62,,26110,80,0,46,1,25,,26098,80,0,46,1,23,,26086,80,0,46,1,52,,26121,49,0,46,1,12,,26069,80,0,46,1,12,,26122,49,0,46,1,11,,26080,80,0,46,1,12,,26123,49,0,46,1,52,,26106,80,0,46,1,12,,26126,49,0,46,1,11,,26118,80,0,46,1,12,,26065,49,0,46,1,12,,26075,80,0,46,1,52,,26124,49,0,46,1,11,,26111,80,0,46,1,10,,26125,49,0,46,1,11,,26099,80,0,46,1,10,,26127,49,0,46,1,10,,26087,80,0,46,1,60,,26070,80,0,46,1,20,,26081,80,0,46,1,20,,26107,80,0,46,1,60,,26119,80,0,46,1,19,,26076,80,0,46,1,20,,26112,80,0,46,1,59,,26100,80,0,46,1,18,,26088,80,0,46,1,77,,26082,80,0,46,1,37,,26120,80,0,46,1,77,,26113,80,0,46,1,77,,26089,80,0,46,1
400001501,'2_merged_67029',641,,26134,80,0,46,1,79,,26145,80,0,46,1,38,,26128,80,0,46,1,80,,26140,80,0,46,1,79,,26135,80,0,46,1,39,,26146,80,0,46,1,64,,26157,80,0,46,1,24,,26129,80,0,46,1,63,,26152,80,0,46,1,25,,26141,80,0,46,1,24,,26162,80,0,46,1,63,,26136,80,0,46,1,25,,26147,80,0,46,1,64,,26158,80,0,46,1,24,,26130,80,0,46,1,25,,26153,80,0,46,1,65,,26142,80,0,46,1,24,,26163,80,0,46,1,64,,26137,80,0,46,1,24,,26148,80,0,46,1,24,,26159,80,0,46,1,64,,26131,80,0,46,1,25,,26154,80,0,46,1,65,,26143,80,0,46,1,24,,26164,80,0,46,1,64,,26138,80,0,46,1,24,,26149,80,0,46,1,24,,26160,80,0,46,1,64,,26132,80,0,46,1,23,,26155,80,0,46,1,23,,26144,80,0,46,1,63,,26165,80,0,46,1,22,,26139,80,0,46,1,63,,26150,80,0,46,1,24,,26161,80,0,46,1,25,,26133,80,0,46,1,66,,26156,80,0,46,1,37,,26166,80,0,46,1,78,,26151,80,0,46,1
400001501,'3_merged_67028',748,,26173,80,0,46,1,66,,26184,80,0,46,1,26,,26195,80,0,46,1,66,,26167,80,0,46,1,27,,26179,80,0,46,1,26,,26190,80,0,46,1,67,,26174,80,0,46,1,28,,26185,80,0,46,1,67,,26196,80,0,46,1,29,,26168,80,0,46,1,68,,26180,80,0,46,1,28,,26191,80,0,46,1,68,,26175,80,0,46,1,29,,26186,80,0,46,1,68,,26197,80,0,46,1,29,,26169,80,0,46,1,68,,26181,80,0,46,1,28,,26192,80,0,46,1,68,,26176,80,0,46,1,29,,26187,80,0,46,1,68,,26198,80,0,46,1,29,,26170,80,0,46,1,28,,26182,80,0,46,1,68,,26193,80,0,46,1,28,,26177,80,0,46,1,68,,26188,80,0,46,1,27,,26199,80,0,46,1,65,,26171,80,0,46,1,26,,26183,80,0,46,1,66,,26194,80,0,46,1,25,,26178,80,0,46,1,76,,26189,80,0,46,1,37,,26172,80,0,46,1
