'1',1901,55310,0,'Drake',1,7210,0,'Drake',1,3000,0,'Drake',1,6500,0,'Drake',1,2190,0,'Drake',1,5910,0,'Drake',1,2100,0,'Drake',1,2100,0,'Drake',1,6000,0,'Drake',1,2000,0,'Drake',1,2100,0,'Drake',1,6890,0,'Drake',1,3710,0,'Drake',1,7800,0,'Drake',1,8090,0,'Drake',1,4000,0,'Drake',1,7800,0,'Drake',1,8100,0,'Drake',1,4000,0,'Drake',1,7820,0,'Drake',1,1700,0,'Drake',1,5900,0,'Drake',1,2000,0,'Drake',1,2100,0,'Drake',1,5800,0,'Drake',1,1800,0,'Drake',1,1990,0,'Drake',1,2000,0,'Drake',1,6100,0,'Drake',1,2700,0,'Drake',1,7400,0,'Drake',1,3400,0,'Drake',1,8100,0,'Drake',1,8900,0,'Drake',1,9000,0,'Drake',1,9000,0,'Drake',1,4900,0,'Drake',1,8800,0,'Drake',1,8800,0,'Drake',1
'15071-special',1901,65720,0,'Drake',1
'15073-special',1901,84620,0,'Drake',1
'15075-special',1901,103620,0,'Drake',1
'15077-special',1901,123020,0,'Drake',1
'15079-special',1901,142620,0,'Drake',1
'15081-special',1901,162220,0,'Drake',1
'15083-special',1901,181520,0,'Drake',1
'15085-special',1901,201620,0,'Drake',1
'15089-special',1901,234220,0,'Drake',1
'15094-special',1901,75220,0,'Drake',1
'15096-special',1901,94020,0,'Drake',1
'15098-special',1901,113220,0,'Drake',1
'15100-special',1901,132820,0,'Drake',1
'15102-special',1901,152420,0,'Drake',1
'15104-special',1901,172020,0,'Drake',1
'15106-special',1901,190920,0,'Drake',1
'15110-special',1901,223520,0,'Drake',1
'15131-special',1901,212620,0,'Drake',1
'2',1901,54920,0,'Drake',1,7900,0,'Drake',1,8100,0,'Drake',1,4200,0,'Drake',1,8200,0,'Drake',1,8400,0,'Drake',1,8400,0,'Drake',1,4400,0,'Drake',1,8400,0,'Drake',1,8600,0,'Drake',1,8600,0,'Drake',1,4600,0,'Drake',1,8600,0,'Drake',1,8600,0,'Drake',1,8700,0,'Drake',1,4600,0,'Drake',1,9200,0,'Drake',1,9500,0,'Drake',1,9500,0,'Drake',1,9000,0,'Drake',1,9100,0,'Drake',1,9100,0,'Drake',1,5100,0,'Drake',1,9100,0,'Drake',1,9000,0,'Drake',1,9000,0,'Drake',1
'3',1901,65720,0,'Drake',1,9500,0,'Drake',1,9400,0,'Drake',1,9400,0,'Drake',1,9600,0,'Drake',1,9600,0,'Drake',1,9800,0,'Drake',1,9800,0,'Drake',1,9800,0,'Drake',1,9800,0,'Drake',1,9800,0,'Drake',1,9800,0,'Drake',1,9500,0,'Drake',1,9400,0,'Drake',1,10700,0,'Drake',1,11000,0,'Drake',1,10900,0,'Drake',1,10700,0,'Drake',1
