2800,'1',558,,212,,,1,46,,212,4,,1,15,,227,,,1,6,,227,4,,1,19,,219,,,1,7,,219,4,,1,8,,242,,,1,47,,242,4,,1,6,,204,,,1,7,,204,4,,1,7,,243,,,1,7,,243,4,,1,7,,233,,,1,7,,233,4,,1,7,,241,0,9 10 11,1,54,,213,,,1,7,,213,4,,1,6,,251,0,9 10 11,1,14,,228,,,1,7,,228,4,,1,7,,252,0,9 10 11,1,55,,220,,,1,7,,220,4,,1,20,,205,,,1,7,,205,4,,1,20,,234,,,1,47,,234,4,,1,20,,214,,,1,7,,214,4,,1,20,,229,,,1,7,,229,4,,1,59,,221,,,1,7,,221,4,,1,19,,206,,,1,7,,206,4,,1,59,,235,,,1,7,,235,4,,1,20,,215,,,1,7,,215,4,,1,60,,230,,,1,7,,230,4,,1,19,,222,,,1,7,,222,4,,1,19,,207,,,1,47,,207,4,,1,19,,236,,,1,7,,236,4,,1,20,,216,,,1,7,,216,4,,1,61,,231,,,1,7,,231,4,,1,8,,244,,,1,8,,244,4,,1,7,,223,,,1,8,,223,4,,1,47,,248,,,1,8,,248,4,,1,6,,208,,,1,8,,208,4,,1,7,,246,,,1,8,,246,4,,1,7,,237,,,1,8,,237,4,,1,47,,203,,,1,8,,203,4,,1,6,,217,,,1,8,,217,4,,1,7,,250,,,1,8,,250,4,,1,6,,232,,,1,8,,232,4,,1,7,,245,0,9 10 11,1,55,,224,,,1,8,,224,4,,1,7,,249,0,9 10 11,1,12,,209,,,1,7,,209,4,,1,7,,247,0,9 10 11,1,54,,238,,,1,7,,238,4,,1,17,,218,,,1,7,,218,4,,1,60,,253,,,1,6,,253,4,,1,23,,225,,,1,6,,225,4,,1,24,,210,,,1,46,,210,4,,1,24,,239,,,1,6,,239,4,,1,65,,254,,,1,6,,254,4,,1,23,,226,,,1,6,,226,4,,1,22,,211,0,9 10 11,1,69,,240,0,9 10 11,1
2800,'2',606,,255,,,1,6,,255,4,,1,24,,279,,,1,6,,279,4,,1,62,,271,,,1,6,,271,4,,1,24,,264,,,1,6,,264,4,,1,64,,256,,,1,6,,256,4,,1,25,,280,,,1,6,,280,4,,1,64,,272,,,1,6,,272,4,,1,26,,265,,,1,6,,265,4,,1,66,,257,,,1,6,,257,4,,1,26,,281,,,1,6,,281,4,,1,66,,273,,,1,7,,273,4,,1,26,,266,,,1,7,,266,4,,1,66,,258,,,1,7,,258,4,,1,26,,282,,,1,7,,282,4,,1,66,,274,,,1,7,,274,4,,1,26,,267,,,1,47,,267,4,,1,26,,259,,,1,7,,259,4,,1,66,,283,,,1,7,,283,4,,1,26,,275,,,1,7,,275,4,,1,66,,268,,,1,7,,268,4,,1,26,,260,,,1,7,,260,4,,1,66,,284,,,1,7,,284,4,,1,26,,276,,,1,7,,276,4,,1,66,,269,,,1,7,,269,4,,1,26,,261,,,1,47,,261,4,,1,25,,285,,,1,7,,285,4,,1,24,,277,,,1,46,,277,4,,1,25,,270,,,1,6,,270,4,,1,66,,262,,,1,6,,262,4,,1,23,,286,0,9 10 11,1,70,,278,,,1,6,,278,4,,1,53,,263,0,9 10 11,1
2800,'3',649,,287,,,1,6,,287,4,,1,74,,302,,,1,6,,302,4,,1,74,,295,,,1,6,,295,4,,1,35,,288,,,1,6,,288,4,,1,76,,303,,,1,6,,303,4,,1,76,,296,,,1,6,,296,4,,1,36,,289,,,1,46,,289,4,,1,38,,304,,,1,7,,304,4,,1,77,,297,,,1,7,,297,4,,1,77,,290,,,1,7,,290,4,,1,37,,305,,,1,7,,305,4,,1,77,,298,,,1,7,,298,4,,1,77,,291,,,1,7,,291,4,,1,77,,306,,,1,7,,306,4,,1,37,,299,,,1,7,,299,4,,1,77,,292,,,1,7,,292,4,,1,77,,307,,,1,7,,307,4,,1,36,,300,,,1,47,,300,4,,1,35,,293,,,1,7,,293,4,,1,74,,308,,,1,6,,308,4,,1,75,,301,,,1,6,,301,4,,1,93,,294,0,9 10 11,1
2801,'1',524,,312,,,1,24,,342,,,1,62,,320,,,1,10,,359,,,1,11,,336,,,1,14,,360,,,1,14,,328,,,1,52,,351,,,1,14,,313,,,1,14,,352,,,1,14,,343,,,1,68,,321,,,1,27,,337,,,1,69,,329,,,1,28,,314,,,1,66,,344,,,1,27,,322,,,1,67,,338,,,1,26,,330,,,1,26,,315,,,1,66,,345,,,1,27,,323,,,1,67,,339,,,1,26,,331,,,1,66,,316,,,1,26,,346,,,1,14,,309,,,1,53,,324,,,1,14,,357,,,1,15,,340,,,1,15,,353,,,1,55,,332,,,1,15,,356,,,1,14,,317,,,1,15,,355,,,1,55,,347,,,1,15,,310,,,1,14,,325,,,1,15,,358,0,8,1,14,,341,,,1,70,,333,,,1,27,,318,,,1,67,,348,,,1,25,,326,,,1,64,,361,,,1,30,,334,,,1,69,,319,,,1,30,,349,,,1,71,,311,,,1,29,,335,,,1
2801,'2',549,,370,,,1,69,,362,,,1,30,,387,,,1,67,,379,,,1,31,,371,,,1,70,,363,,,1,31,,388,,,1,70,,380,,,1,32,,372,,,1,72,,364,,,1,32,,389,,,1,73,,381,,,1,33,,373,,,1,73,,365,,,1,73,,390,,,1,33,,382,,,1,73,,374,,,1,33,,366,,,1,73,,391,,,1,33,,383,,,1,73,,375,,,1,33,,367,,,1,73,,392,,,1,73,,384,,,1,33,,376,,,1,72,,368,,,1,33,,393,,,1,72,,385,,,1,30,,377,,,1,70,,369,,,1,100,,386,,,1
2801,'3',624,,401,,,1,77,,394,,,1,40,,409,,,1,80,,402,,,1,81,,395,,,1,42,,410,,,1,82,,403,,,1,83,,396,,,1,44,,411,,,1,84,,404,,,1,84,,397,,,1,84,,412,,,1,44,,405,,,1,84,,398,,,1,84,,413,,,1,84,,406,,,1,44,,399,,,1,84,,414,,,1,82,,407,,,1,43,,400,,,1,80,,415,,,1,80,,408,,,1
33000,'1',534,,2239,,,1,25,,2231,,,1,64,,2247,,,1,26,,2224,,,1,65,,2240,,,1,26,,2232,,,1,66,,2248,,,1,26,,2225,,,1,26,,2241,,,1,66,,2233,,,1,26,,2249,,,1,66,,2226,,,1,26,,2242,,,1,65,,2234,,,1,26,,2250,,,1,26,,2227,,,1,66,,2243,,,1,25,,2235,,,1,66,,2251,,,1,26,,2228,,,1,66,,2244,,,1,27,,2236,,,1,68,,2252,,,1,29,,2229,,,1,68,,2245,,,1,29,,2237,,,1,29,,2253,,,1,69,,2230,,,1,28,,2246,,,1,68,,2238,,,1
33000,'2',555,,2254,,,1,91,,2262,,,1,84,,2255,,,1,91,,2263,,,1,86,,2256,,,1,51,,2264,,,1,89,,2257,,,1,91,,2265,,,1,91,,2258,,,1,91,,2266,,,1,91,,2259,,,1,91,,2267,,,1,51,,2260,,,1,91,,2268,,,1,91,,2261,,,1,91,,2269,,,1
33000,'3',708,,2270,0,25 3 26,1,101,,2276,0,25 3 26,1,100,,2271,0,25 3 26,1,102,,2277,0,25 3 26,1,101,,2272,0,25 3 26,1,101,,2278,0,25 3 26,1,102,,2273,0,25 3 26,1,101,,2279,0,25 3 26,1,102,,2274,0,25 3 26,1,101,,2280,0,25 3 26,1,102,,2275,0,25 3 26,1,101,,2281,0,25 3 26,1
33001,'1',554,,2290,4,,1,64,,2305,4,,1,26,,2282,4,,1,65,,2298,4,,1,26,,2291,4,,1,66,,2306,4,,1,26,,2283,4,,1,26,,2299,4,,1,66,,2292,4,,1,26,,2307,4,,1,66,,2284,4,,1,26,,2300,4,,1,65,,2293,4,,1,26,,2308,4,,1,26,,2285,4,,1,66,,2301,4,,1,25,,2294,4,,1,66,,2309,4,,1,26,,2286,4,,1,66,,2302,4,,1,26,,2295,4,,1,27,,2310,4,,1,70,,2287,4,,1,29,,2303,4,,1,69,,2296,4,,1,29,,2311,4,,1,69,,2288,4,,1,28,,2304,4,,1,68,,2297,4,,1
33001,'2',641,,2321,4,,1,84,,2313,4,,1,91,,2322,4,,1,86,,2314,4,,1,51,,2323,4,,1,88,,2315,4,,1,92,,2324,4,,1,91,,2316,4,,1,91,,2325,4,,1,91,,2317,4,,1,51,,2326,4,,1,91,,2318,4,,1,91,,2327,4,,1,91,,2319,4,,1,91,,2328,4,,1
33001,'3',812,,2329,4,,1,101,,2335,4,,1,100,,2330,4,,1,102,,2336,4,,1,101,,2331,4,,1,101,,2337,4,,1,102,,2332,4,,1,101,,2338,4,,1,102,,2333,4,,1,101,,2339,4,,1,102,,2334,4,,1
33600,'1',526,,2455,4,,1,76,,2470,4,,1,37,,2463,4,,1,77,,2456,4,,1,39,,2471,4,,1,78,,2464,4,,1,78,,2457,4,,1,38,,2472,4,,1,77,,2465,4,,1,77,,2458,4,,1,37,,2473,4,,1,77,,2466,4,,1,37,,2459,4,,1,77,,2474,4,,1,77,,2467,4,,1,37,,2460,4,,1,78,,2475,4,,1,78,,2468,4,,1,38,,2461,4,,1,80,,2476,4,,1,38,,2469,4,,1,77,,2462,4,,1
33600,'2',717,,2478,4,,1,93,,2485,4,,1,94,,2479,4,,1,54,,2486,4,,1,95,,2480,4,,1,96,,2487,4,,1,95,,2481,4,,1,96,,2488,4,,1,96,,2482,4,,1,95,,2489,4,,1,96,,2483,4,,1,95,,2490,4,,1,96,,2484,4,,1
33600,'3',804,,2498,4,,1,100,,2492,4,,1,102,,2499,4,,1,101,,2493,4,,1,101,,2500,4,,1,102,,2494,4,,1,101,,2501,4,,1,102,,2495,4,,1,101,,2502,4,,1,102,,2496,4,,1,101,,2503,4,,1
33601,'1',530,,2504,,,1,76,,2520,,,1,37,,2513,,,1,77,,2505,,,1,39,,2521,,,1,78,,2514,,,1,78,,2506,,,1,38,,2522,,,1,77,,2515,,,1,77,,2507,,,1,37,,2523,,,1,77,,2516,,,1,37,,2508,,,1,77,,2524,,,1,77,,2517,,,1,37,,2509,,,1,78,,2525,,,1,78,,2518,,,1,38,,2510,,,1,80,,2526,,,1,78,,2519,,,1,37,,2511,,,1
33601,'2',628,,2535,,,1,93,,2528,,,1,93,,2536,,,1,94,,2529,,,1,94,,2537,,,1,55,,2530,,,1,96,,2538,,,1,95,,2531,,,1,96,,2539,,,1,96,,2532,,,1,95,,2540,,,1,96,,2533,,,1,95,,2541,,,1,96,,2534,,,1
33601,'3',717,,2548,0,22 23 24,1,100,,2542,0,22 23 24,1,101,,2549,0,22 23 24,1,100,,2543,0,22 23 24,1,102,,2550,0,22 23 24,1,101,,2544,0,22 23 24,1,101,,2551,0,22 23 24,1,102,,2545,0,22 23 24,1,101,,2552,0,22 23 24,1,102,,2546,0,22 23 24,1,101,,2553,0,22 23 24,1,102,,2547,0,22 23 24,1
