'14945-special',1801,110400,4,'',1
'14946-special',1800,111500,,'',1
'14947-special',1801,132100,4,'',1
'14948-special',1800,132600,,'',1
'14949-special',1801,153600,4,'',1
'14950-special',1800,154000,,'',1
'14951-special',1801,174700,4,'',1
'14952-special',1800,175500,,'',1
'14953-special',1801,195300,4,'',1
'14954-special',1800,195700,0,'Riverbend',1
'14965-special',1801,104000,4,'',1
'14966-special',1800,105400,0,'Riverbend',1
'14967-special',1801,125800,4,'',1
'14968-special',1800,130400,0,'Riverbend',1
'14969-special',1801,151300,4,'',1
'14970-special',1800,151700,0,'Riverbend',1
'14971-special',1801,172600,4,'',1
'14972-special',1800,173200,0,'Riverbend',1
'14973-special',1801,193000,4,'',1
'14974-special',1800,193400,,'',1
'14986-special',1801,95400,4,'',1
'14987-special',1800,101100,0,'Riverbend',1
'14988-special',1801,121300,4,'',1
'14989-special',1800,121900,0,'Riverbend',1
'14990-special',1801,142800,4,'',1
'14991-special',1800,143300,0,'Riverbend',1
'14992-special',1801,164200,4,'',1
'14993-special',1800,164600,0,'Riverbend',1
'14994-special',1801,185000,4,'',1
'14995-special',1800,190800,0,'Riverbend',1
'14996-special',1801,210200,4,'',1
'14997-special',1800,210600,,'',1
'15007-special',1801,112700,4,'',1
'15008-special',1800,113600,0,'Riverbend',1
'15009-special',1801,134300,4,'',1
'15010-special',1800,134900,0,'Riverbend',1
'15011-special',1801,155800,4,'',1
'15012-special',1800,160200,0,'Riverbend',1
'15013-special',1801,180800,4,'',1
'15014-special',1800,181900,0,'Riverbend',1
'15015-special',1801,201600,4,'',1
'15016-special',1800,202000,,'',1
'15027-special',1801,101700,4,'',1
'15028-special',1800,103200,,'',1
'15029-special',1801,123600,4,'',1
'15030-special',1800,124100,,'',1
'15031-special',1801,145100,4,'',1
'15032-special',1800,145500,,'',1
'15033-special',1801,170400,4,'',1
'15034-special',1800,170900,,'',1
'15035-special',1801,190900,4,'',1
'15039-special',1801,115000,4,'',1
'15040-special',1800,115800,,'',1
'15041-special',1801,140600,4,'',1
'15042-special',1800,141100,,'',1
'15043-special',1801,162000,4,'',1
'15044-special',1800,162400,,'',1
'15045-special',1801,182900,4,'',1
'15046-special',1800,184400,,'',1
'15047-special',1801,203800,4,'',1
'15048-special',1800,204300,0,'Riverbend',1
'2',1800,100000,,'',1,1400,0,'Riverbend',1,1400,,'',1,1400,0,'Riverbend',1,1300,,'',1,5300,0,'Riverbend',1,1400,,'',1,1200,0,'Riverbend',1,1300,,'',1,5400,0,'Riverbend',1,1300,,'',1,1400,0,'Riverbend',1,1400,,'',1,1400,0,'Riverbend',1,5400,,'',1,1400,0,'Riverbend',1,1400,,'',1,1300,0,'Riverbend',1,5300,,'',1,1400,0,'Riverbend',1,1400,,'',1,1500,0,'Riverbend',1,5500,,'',1,1500,0,'Riverbend',1,1500,,'',1,1500,0,'Riverbend',1,5600,,'',1,1700,0,'Riverbend',1,1700,,'',1,1700,0,'Riverbend',1,5700,,'',1,1800,0,'Riverbend',1,1900,,'',1,5800,0,'Riverbend',1,1900,,'',1,1900,0,'Riverbend',1,6000,,'',1,2200,0,'Riverbend',1,2300,,'',1,6200,0,'Riverbend',1,2200,,'',1,2200,0,'Riverbend',1
'2',1801,95300,4,'',1,5500,4,'',1,1400,4,'',1,1400,4,'',1,1300,4,'',1,5300,4,'',1,1300,4,'',1,1300,4,'',1,1300,4,'',1,1300,4,'',1,5500,4,'',1,1500,4,'',1,1400,4,'',1,1400,4,'',1,5400,4,'',1,1400,4,'',1,1400,4,'',1,1300,4,'',1,5300,4,'',1,1400,4,'',1,1300,4,'',1,1400,4,'',1,1400,4,'',1,5400,4,'',1,1400,4,'',1,1400,4,'',1,1400,4,'',1,5200,4,'',1,1400,4,'',1,1400,4,'',1,1500,4,'',1,5500,4,'',1,1400,4,'',1,1400,4,'',1,1600,4,'',1,5500,4,'',1,1500,4,'',1,1600,4,'',1,1500,4,'',1,5500,4,'',1,1700,4,'',1,1500,4,'',1,1600,4,'',1,5800,4,'',1,1700,4,'',1,1900,4,'',1
'3',1800,101100,0,'Riverbend',1,2100,,'',1,2200,0,'Riverbend',1,6100,,'',1,2100,0,'Riverbend',1,2200,,'',1,6100,0,'Riverbend',1,2200,,'',1,6300,0,'Riverbend',1,2200,,'',1,2300,0,'Riverbend',1,6200,,'',1,2200,0,'Riverbend',1,2200,,'',1,6200,0,'Riverbend',1,2300,,'',1,6200,0,'Riverbend',1,2200,,'',1,2200,0,'Riverbend',1,6300,,'',1,2300,0,'Riverbend',1,2300,,'',1,6400,0,'Riverbend',1,2500,,'',1,6400,0,'Riverbend',1,2600,,'',1,2300,0,'Riverbend',1,6300,,'',1,2300,0,'Riverbend',1,6300,,'',1
'3',1801,95400,4,'',1,6300,4,'',1,2300,4,'',1,6400,4,'',1,2300,4,'',1,2300,4,'',1,6300,4,'',1,2300,4,'',1,2200,4,'',1,6300,4,'',1,2200,4,'',1,6300,4,'',1,2200,4,'',1,2300,4,'',1,6200,4,'',1,2300,4,'',1,2200,4,'',1,6200,4,'',1,2200,4,'',1,6200,4,'',1,2200,4,'',1,2100,4,'',1,6100,4,'',1,2100,4,'',1,2100,4,'',1,5900,4,'',1,2100,4,'',1,2300,4,'',1,6300,4,'',1,2200,4,'',1,6400,4,'',1
