33000,'1',535,,41945,15,,,1,24,,41961,25,,,1,65,,41953,25,,,1,24,,41969,25,,,1,66,,41946,25,,,1,26,,41962,25,,,1,66,,41954,25,,,1,26,,41970,25,,,1,26,,41947,25,,,1,66,,41963,25,,,1,26,,41955,25,,,1,66,,41971,25,,,1,26,,41948,25,,,1,66,,41964,25,,,1,25,,41956,25,,,1,26,,41972,25,,,1,66,,41949,25,,,1,26,,41965,25,,,1,65,,41957,25,,,1,26,,41973,25,,,1,66,,41950,25,,,1,26,,41966,25,,,1,69,,41958,25,,,1,29,,41974,25,,,1,69,,41951,25,,,1,28,,41967,25,,,1,29,,41959,25,,,1,69,,41975,25,,,1,29,,41952,25,,,1,68,,41968,25,,,1,25,,41960,25,,,1
33000,'2',619,,41976,25,,,1,91,,41984,25,,,1,45,,41977,25,,,1,91,,41985,25,,,1,86,,41978,25,,,1,91,,41986,25,,,1,90,,41979,25,,,1,91,,41987,25,,,1,51,,41980,25,,,1,91,,41988,25,,,1,91,,41981,25,,,1,91,,41989,25,,,1,91,,41982,25,,,1,91,,41990,25,,,1,91,,41983,25,,,1,50,,41991,25,,,1
33000,'3',735,,41992,25,4,,1,99,,41998,25,4,,1,101,,41993,25,4,,1,101,,41999,25,4,,1,101,,41994,25,4,,1,101,,42000,25,4,,1,102,,41995,25,4,,1,101,,42001,25,4,,1,102,,41996,25,4,,1,101,,42002,25,4,,1,102,,41997,25,4,,1,101,,42003,25,4,,1
33000,'6',735,,42004,25,4,,1,99,,42010,25,4,,1,101,,42005,25,4,,1,101,,42011,25,4,,1,101,,42006,25,4,,1,101,,42012,25,4,,1,102,,42007,25,4,,1,101,,42013,25,4,,1,102,,42008,25,4,,1,101,,42014,25,4,,1,102,,42009,25,4,,1,101,,42015,25,4,,1
33001,'3',739,,42063,1,,,1,101,,42069,1,,,1,100,,42064,1,,,1,101,,42070,1,,,1,101,,42065,1,,,1,101,,42071,1,,,1,102,,42066,1,,,1,101,,42072,1,,,1,102,,42067,1,,,1,101,,42073,1,,,1,102,,42068,1,,,1,101,,42074,1,0,9 10 11,1
33001,'6',739,,42075,1,,,1,101,,42081,1,,,1,100,,42076,1,,,1,101,,42082,1,,,1,101,,42077,1,,,1,101,,42083,1,,,1,102,,42078,1,,,1,101,,42084,1,,,1,102,,42079,1,,,1,101,,42085,1,,,1,102,,42080,1,,,1,101,,42086,1,0,9 10 11,1
44600,'1',548,,42476,18,,,1,71,,42488,18,,,1,33,,42477,18,,,1,73,,42489,18,,,1,75,,42478,18,,,1,35,,42490,18,,,1,75,,42479,18,,,1,34,,42491,18,,,1,74,,42480,18,,,1,33,,42492,18,,,1,74,,42481,18,,,1,33,,42493,18,,,1,74,,42482,18,,,1,74,,42494,18,,,1,34,,42483,18,,,1,75,,42495,18,,,1,35,,42484,18,,,1,75,,42496,18,,,1,77,,42485,18,,,1,37,,42497,18,,,1,77,,42486,18,,,1,36,,42498,18,,,1,74,,42487,18,,,1,32,,42499,18,,,1
400001000,'1',554,,45199,37,,,1,57,,45224,37,,,1,14,,45201,37,,,1,11,,45232,37,,,1,11,,45206,37,,,1,11,,45244,37,,,1,51,,45214,37,,,1,12,,45245,37,,,1,12,,45261,37,,,1,12,,45200,37,,,1,11,,45234,37,,,1,52,,45225,37,,,1,12,,45202,37,,,1,12,,45233,37,,,1,12,,45207,37,,,1,61,,45215,37,,,1,23,,45226,37,,,1,23,,45235,37,,,1,62,,45203,37,,,1,23,,45208,37,,,1,22,,45216,37,,,1,62,,45227,37,,,1,22,,45236,37,,,1,63,,45204,37,,,1,22,,45209,37,,,1,22,,45217,37,,,1,62,,45228,37,,,1,22,,45237,37,,,1,22,,45205,37,,,1,63,,45210,37,,,1,22,,45218,37,,,1,12,,45246,16,,,1,51,,45229,37,,,1,11,,45256,16,,,1,12,,45238,37,,,1,12,,45248,37,,,1,13,,45249,37,,,1,52,,45254,37,,,1,13,,45211,37,,,1,12,,45259,37,,,1,13,,45219,37,,,1,12,,45247,37,,,1,53,,45230,37,,,1,12,,45257,37,,,1,13,,45239,37,,,1,13,,45258,37,,,1,12,,45250,37,,,1,52,,45255,37,,,1,11,,45212,37,,,1,12,,45260,37,,,1,12,,45220,37,,,1,62,,45231,37,,,1,22,,45240,37,,,1,21,,45251,37,,,1,62,,45213,37,,,1,29,,45221,37,,,1,73,,45241,37,,,1,33,,45252,37,,,1,74,,45222,37,,,1,33,,45242,37,,,1,73,,45253,37,,,1,34,,45223,37,,,1,73,,45243,37,,,1
400001000,'2',633,,45262,37,,,1,69,,45280,37,,,1,28,,45273,37,,,1,26,,45290,37,,,1,65,,45263,37,,,1,25,,45281,37,,,1,66,,45274,37,,,1,26,,45291,37,,,1,65,,45264,37,,,1,22,,45300,37,,,1,22,,45282,37,,,1,62,,45275,37,,,1,22,,45292,37,,,1,22,,45265,37,,,1,62,,45301,37,,,1,23,,45283,37,,,1,62,,45276,37,,,1,22,,45293,37,,,1,22,,45266,37,,,1,62,,45302,37,,,1,23,,45284,37,,,1,23,,45277,37,,,1,62,,45294,37,,,1,22,,45267,37,,,1,22,,45303,37,,,1,63,,45285,37,,,1,23,,45278,37,,,1,62,,45295,37,,,1,22,,45268,37,,,1,22,,45304,37,,,1,62,,45286,37,,,1,23,,45279,37,,,1,22,,45296,37,,,1,62,,45269,37,,,1,22,,45305,37,,,1,64,,45287,37,,,1,33,,45297,37,,,1,74,,45270,37,,,1,34,,45288,37,,,1,73,,45298,37,,,1,33,,45271,37,,,1,74,,45289,37,,,1,33,,45299,37,,,1,73,,45272,37,,,1
400001000,'3',653,,45306,37,,,1,73,,45326,37,,,1,33,,45316,37,,,1,74,,45307,37,,,1,74,,45327,37,,,1,35,,45317,37,,,1,75,,45308,37,,,1,36,,45328,37,,,1,77,,45318,37,,,1,77,,45309,37,,,1,37,,45329,37,,,1,77,,45319,37,,,1,37,,45310,37,,,1,77,,45330,37,,,1,77,,45320,37,,,1,38,,45311,37,,,1,77,,45331,37,,,1,77,,45321,37,,,1,38,,45312,37,,,1,76,,45332,37,,,1,37,,45322,37,,,1,75,,45313,37,,,1,75,,45333,37,,,1,33,,45323,37,,,1,74,,45314,37,,,1,34,,45334,37,,,1,73,,45324,37,,,1,33,,45315,37,,,1,74,,45335,37,,,1,33,,45325,37,,,1
400001000,'6',653,,45336,37,,,1,73,,45356,37,,,1,33,,45346,37,,,1,74,,45337,37,,,1,74,,45357,37,,,1,35,,45347,37,,,1,75,,45338,37,,,1,36,,45358,37,,,1,77,,45348,37,,,1,77,,45339,37,,,1,37,,45359,37,,,1,77,,45349,37,,,1,37,,45340,37,,,1,77,,45360,37,,,1,77,,45350,37,,,1,38,,45341,37,,,1,77,,45361,37,,,1,77,,45351,37,,,1,38,,45342,37,,,1,76,,45362,37,,,1,37,,45352,37,,,1,75,,45343,37,,,1,75,,45363,37,,,1,33,,45353,37,,,1,74,,45344,37,,,1,34,,45364,37,,,1,73,,45354,37,,,1,33,,45345,37,,,1,74,,45365,37,,,1,33,,45355,37,,,1
