7401,'1_merged_67024',557,,12142,21,4,,1,63,,12145,37,4,,1,15,,12156,37,4,,1,14,,12129,70,4,,1,54,,12161,37,4,,1,13,,12138,70,4,,1,15,,12165,37,4,,1,13,,12158,70,4,,1,14,,12144,70,4,,1,53,,12133,70,4,,1,13,,12163,70,4,,1,14,,1762,70,4,,1,13,,12155,70,4,,1,7,,12166,37,4,,1,47,,12143,70,4,,1,14,,12141,70,4,,1,12,,12146,70,4,,1,25,,12164,70,4,,1,67,,12139,70,4,,1,26,,12159,70,4,,1,66,,12134,70,4,,1,26,,12151,70,4,,1,66,,12167,70,4,,1,26,,12147,70,4,,1,67,,12130,70,4,,1,26,,12140,70,4,,1,26,,12160,70,4,,1,66,,12135,70,4,,1,28,,12152,70,4,,1,69,,12168,70,4,,1,15,,12172,52,4,,1,14,,12148,70,4,,1,14,,12175,52,4,,1,55,,12131,70,4,,1,14,,1790,52,4,,1,15,,1751,70,4,,1,15,,12171,70,4,,1,54,,12169,70,4,,1,14,,12178,70,4,,1,14,,12136,70,4,,1,15,,12174,70,4,,1,54,,12153,70,4,,1,15,,12177,70,4,,1,15,,1792,70,4,,1,63,,12149,70,4,,1,26,,12132,70,4,,1,25,,12180,70,4,,1,66,,12170,70,4,,1,25,,12137,70,4,,1,64,,12154,70,4,,1,25,,12179,70,4,,1,25,,12150,70,4,,1
7401,'2_merged_67026',609,,12183,37,4,,1,38,,12188,70,4,,1,83,,12193,70,4,,1,83,,12198,70,4,,1,42,,12184,70,4,,1,81,,12189,70,4,,1,71,,12203,70,4,,1,30,,12194,70,4,,1,70,,1816,70,4,,1,30,,12207,70,4,,1,70,,12185,70,4,,1,30,,12190,70,4,,1,71,,12204,70,4,,1,30,,1811,70,4,,1,71,,12199,70,4,,1,31,,12208,70,4,,1,70,,1800,70,4,,1,30,,12191,70,4,,1,71,,12205,70,4,,1,30,,12195,70,4,,1,71,,12200,70,4,,1,31,,12209,70,4,,1,70,,12186,70,4,,1,30,,1807,70,4,,1,69,,1824,70,4,,1,30,,12196,70,4,,1,69,,12201,70,4,,1,29,,12210,70,4,,1,68,,12187,70,4,,1,29,,12192,70,4,,1
7401,'3_merged_67025',803,,1830,70,4,,1,43,,1840,70,4,,1,83,,1835,70,4,,1,82,,1845,70,4,,1,45,,1831,70,4,,1,85,,1841,70,4,,1,85,,1836,70,4,,1,86,,1846,70,4,,1,46,,1832,70,4,,1,86,,1842,70,4,,1,85,,1837,70,4,,1,86,,1847,70,4,,1,86,,1833,70,4,,1,46,,1843,70,4,,1,85,,1838,70,4,,1,84,,1848,70,4,,1,85,,1834,70,4,,1,44,,1844,70,4,,1,81,,1839,70,4,,1
66200,'1_merged_67024',555,,3248,43,4,,1,68,,13307,43,4,,1,14,,3232,43,4,,1,14,,3255,43,4,,1,54,,13306,43,4,,1,15,,13318,43,4,,1,14,,3259,43,4,,1,15,,13308,43,4,,1,55,,13325,43,4,,1,15,,13324,43,4,,1,14,,3231,43,4,,1,15,,13319,43,4,,1,54,,13326,43,4,,1,15,,13309,43,4,,1,29,,13304,43,4,,1,68,,13320,43,4,,1,28,,3239,43,4,,1,67,,13314,43,4,,1,27,,13321,43,4,,1,67,,13310,43,4,,1,27,,13315,43,4,,1,27,,13322,43,4,,1,68,,13311,43,4,,1,27,,13316,43,4,,1,68,,13323,43,4,,1,30,,13305,43,4,,1,69,,13328,43,4,,1,30,,13303,43,4,,1,70,,3260,43,4,,1,30,,13312,43,4,,1,70,,13317,43,4,,1,30,,13327,43,4,,1,68,,13313,43,4,,1,28,,13302,43,4,,1
67100,'1_merged_67024',601,,13401,34,4,,1,31,,3362,34,4,,1,17,,3349,34,4,,1,57,,13402,34,4,,1,16,,3348,34,4,,1,17,,13409,34,4,,1,17,,13397,34,4,,1,58,,3353,34,4,,1,16,,13400,34,4,,1,19,,13410,34,4,,1,56,,13398,34,4,,1,17,,13403,34,4,,1,16,,13399,34,4,,1,18,,13411,34,4,,1,72,,13404,34,4,,1,73,,3366,34,4,,1,32,,3356,34,4,,1,73,,13412,34,4,,1,32,,13405,34,4,,1,73,,13413,34,4,,1,32,,13406,34,4,,1,74,,13414,34,4,,1,34,,3359,34,4,,1,76,,13415,34,4,,1,75,,13407,34,4,,1,36,,13417,34,4,,1,75,,13408,34,4,,1,36,,13416,34,4,,1,74,,3373,34,4,,1,32,,3374,34,4,,1,71,,3378,34,4,,1,31,,13418,34,4,,1,100,,13419,34,4,,1,100,,13420,34,4,,1
67100,'2_merged_67026',716,,13421,34,4,,1,101,,3380,34,4,,1,102,,13422,34,4,,1,103,,13423,34,4,,1,104,,13424,34,4,,1,104,,13425,34,4,,1,104,,13426,34,4,,1,104,,13427,34,4,,1,104,,13428,34,4,,1,104,,3388,34,4,,1,104,,13429,34,4,,1,104,,13430,34,4,,1
67100,'3_merged_67025',817,,3391,34,4,,1,102,,3392,34,4,,1,103,,3393,34,4,,1,104,,3394,34,4,,1,104,,3395,34,4,,1,104,,3396,34,4,,1,104,,3397,34,4,,1,104,,3398,34,4,,1,104,,3399,34,4,,1,104,,3400,34,4,,1,104,,3401,34,4,,1
67200,'1_merged_67024',617,,13477,33,4,,1,31,,3481,33,4,,1,57,,3466,33,4,,1,18,,3473,33,4,,1,17,,13472,33,4,,1,17,,3482,33,4,,1,56,,3461,33,4,,1,19,,13478,33,4,,1,16,,13487,33,4,,1,58,,13482,33,4,,1,15,,13473,33,4,,1,18,,3475,33,4,,1,15,,13469,33,4,,1,58,,13483,33,4,,1,33,,13479,33,4,,1,72,,13484,33,4,,1,33,,13480,33,4,,1,72,,13485,33,4,,1,32,,3478,33,4,,1,73,,3487,33,4,,1,73,,13481,33,4,,1,34,,13486,33,4,,1,75,,3480,33,4,,1,36,,13474,33,4,,1,75,,3470,33,4,,1,36,,13488,33,4,,1,75,,13475,33,4,,1,77,,13489,33,4,,1,31,,13490,33,4,,1,71,,13476,33,4,,1,35,,13491,33,4,,1,82,,13470,33,4,,1,100,,13471,33,4,,1
67200,'2_merged_67026',647,,13492,33,4,,1,101,,13493,33,4,,1,99,,3496,33,4,,1,103,,13494,33,4,,1,104,,13495,33,4,,1,104,,13496,33,4,,1,144,,13497,33,4,,1,104,,13498,33,4,,1,104,,13499,33,4,,1,104,,3503,33,4,,1,104,,3504,33,4,,1,104,,13500,33,4,,1
67200,'3_merged_67025',748,,3506,33,4,,1,99,,3507,33,4,,1,103,,3508,33,4,,1,104,,3509,33,4,,1,104,,3510,33,4,,1,144,,3511,33,4,,1,104,,3512,33,4,,1,104,,3513,33,4,,1,104,,3514,33,4,,1,104,,3515,33,4,,1,104,,3516,33,4,,1
67901,'1_merged_67024',625,,13774,19,4,,1,27,,3925,19,4,,1,54,,13771,19,4,,1,14,,13775,19,4,,1,15,,13769,19,4,,1,15,,13778,19,4,,1,55,,13773,19,4,,1,15,,13776,19,4,,1,15,,3937,19,4,,1,15,,13779,19,4,,1,55,,13770,19,4,,1,15,,13777,19,4,,1,14,,13788,19,4,,1,14,,13780,19,4,,1,509,,13784,19,4,,1,70,,3929,19,4,,1,30,,13785,19,4,,1,70,,13781,19,4,,1,30,,13786,19,4,,1,70,,13782,19,4,,1,30,,13787,19,4,,1,68,,13783,19,4,,1,27,,13772,19,4,,1
88901,'1_merged_67024',600,,14051,24,4,,1,19,,14045,24,4,,1,19,,14049,24,4,,1,13,,4239,24,4,,1,53,,14048,24,4,,1,13,,14052,24,4,,1,13,,4242,24,4,,1,13,,14054,24,4,,1,14,,14050,24,4,,1,53,,14055,24,4,,1,14,,14047,24,4,,1,14,,14053,24,4,,1,13,,14046,24,4,,1,54,,4238,24,4,,1,14,,4245,24,4,,1,626,,14056,24,4,,1,81,,4253,24,4,,1,82,,14057,24,4,,1,41,,14058,24,4,,1,80,,14059,24,4,,1
2222201,'1_merged_67024',507,,14536,13,4,,1,15,,14444,13,4,,1,15,,14585,31,4,,1,14,,14542,42,4,,1,53,,4755,42,4,,1,12,,14595,42,4,,1,12,,4918,42,4,,1,11,,14438,42,4,,1,9,,14460,42,4,,1,6,,4785,24,4,,1,4,,14454,42,4,,1,44,,14492,24,4,,1,5,,4869,42,4,,1,4,,14588,24,4,,1,5,,4749,42,4,,1,4,,14502,24,4,,1,5,,14586,42,4,,1,4,,14510,24,4,,1,3,,14426,42,4,,1,4,,14486,24,4,,1,4,,14474,42,4,,1,3,,14522,24,4,,1,4,,14478,42,4,,1,4,,4851,24,4,,1,4,,14489,42,4,,1,4,,14496,24,4,,1,44,,14543,42,4,,1,5,,14529,24,4,,1,3,,14533,42,4,,1,3,,14488,24,4,,1,4,,14465,42,4,,1,4,,4739,24,4,,1,5,,14487,42,4,,1,4,,14456,24,4,,1,4,,14521,42,4,,1,4,,14494,24,4,,1,5,,14528,42,4,,1,4,,14514,24,4,,1,4,,4773,42,4,,1,4,,14527,24,4,,1,44,,14582,42,4,,1,4,,14493,24,4,,1,4,,14526,42,4,,1,4,,4786,24,4,,1,5,,14540,42,4,,1,5,,14469,24,4,,1,5,,14446,42,4,,1,5,,14462,24,4,,1,5,,14549,42,4,,1,5,,14587,24,4,,1,5,,14518,42,4,,1,6,,14480,24,4,,1,6,,14458,42,4,,1,46,,4827,24,4,,1,5,,14470,42,4,,1,6,,14475,24,4,,1,6,,14445,42,4,,1,6,,14570,24,4,,1,6,,14511,42,4,,1,6,,4916,24,4,,1,6,,14420,42,4,,1,6,,14464,24,4,,1,6,,14500,42,4,,1,46,,14448,24,4,,1,6,,4764,42,4,,1,12,,14427,42,4,,1,12,,14596,42,4,,1,12,,14433,42,4,,1,12,,4726,42,4,,1,52,,14497,42,4,,1,12,,14535,42,4,,1,12,,14505,42,4,,1,12,,14429,42,4,,1,12,,14524,42,4,,1,52,,4798,42,4,,1,12,,4858,42,4,,1,12,,4741,42,4,,1,12,,4845,42,4,,1,13,,14515,42,4,,1,52,,4936,42,4,,1,13,,4788,42,4,,1,12,,14482,42,4,,1,12,,4897,42,4,,1,52,,4841,42,4,,1,12,,4759,42,4,,1,12,,14591,42,4,,1,12,,4850,42,4,,1,12,,14491,42,4,,1,52,,14531,42,4,,1,12,,14451,42,4,,1,12,,4846,42,4,,1,12,,14516,42,4,,1,12,,14443,42,4,,1,52,,14483,42,4,,1,12,,4872,42,4,,1,11,,14441,42,4,,1,11,,4904,42,4,,1,12,,14461,42,4,,1,12,,4821,42,4,,1,51,,14517,42,4,,1,12,,14555,42,4,,1,10,,4924,42,4,,1,12,,4745,42,4,,1,12,,14572,42,4,,1,52,,14553,42,4,,1,12,,14466,42,4,,1,13,,14507,42,4,,1,14,,14442,42,4,,1,54,,14599,42,4,,1,15,,14593,42,4,,1,16,,4789,42,4,,1,17,,14580,42,4,,1,60,,4746,42,4,,1,21,,14578,42,4,,1,21,,14473,42,4,,1,62,,14600,42,4,,1,22,,14551,42,4,,1,66,,14581,42,4,,1,30,,14550,42,4,,1,70,,4750,42,4,,1,28,,14545,42,4,,1,27,,4896,42,4,,1,69,,14504,42,4,,1,29,,14562,42,4,,1
2222201,'2_merged_67026',536,,14629,13,4,,1,23,,14650,13,4,,1,60,,14603,42,4,,1,28,,14616,42,4,,1,68,,5003,42,4,,1,27,,14630,42,4,,1,67,,14651,42,4,,1,30,,14604,42,4,,1,70,,4966,42,4,,1,30,,5004,42,4,,1,67,,14631,42,4,,1,26,,14652,42,4,,1,23,,14605,42,4,,1,63,,14669,42,4,,1,25,,14617,42,4,,1,62,,14647,42,4,,1,22,,14632,42,4,,1,20,,5036,42,4,,1,60,,14653,42,4,,1,20,,14606,42,4,,1,20,,14670,42,4,,1,60,,14618,42,4,,1,21,,14648,42,4,,1,22,,14633,42,4,,1,60,,14676,42,4,,1,20,,14654,42,4,,1,21,,14607,42,4,,1,60,,14671,42,4,,1,20,,14619,42,4,,1,20,,14649,42,4,,1,62,,14634,42,4,,1,20,,14677,42,4,,1,21,,14655,42,4,,1,61,,14608,42,4,,1,20,,14672,42,4,,1,22,,14620,42,4,,1,68,,14626,42,4,,1,31,,14678,42,4,,1,72,,14609,42,4,,1,72,,14641,42,4,,1,31,,14683,42,4,,1,69,,4989,42,4,,1,31,,14656,42,4,,1,70,,14664,42,4,,1,30,,14622,42,4,,1,69,,14628,42,4,,1,29,,14680,42,4,,1,26,,14610,42,4,,1,69,,14685,42,4,,1,29,,14687,42,4,,1
2222201,'3_merged_67025',559,,14700,13,4,,1,56,,14755,24,4,,1,27,,14722,24,4,,1,67,,14697,42,4,,1,27,,14716,42,4,,1,68,,14701,42,4,,1,30,,14736,42,4,,1,70,,14723,42,4,,1,30,,5065,42,4,,1,68,,5089,42,4,,1,25,,14702,42,4,,1,23,,14737,42,4,,1,63,,14748,42,4,,1,24,,14724,42,4,,1,63,,5066,42,4,,1,24,,5090,42,4,,1,24,,14703,42,4,,1,63,,14738,42,4,,1,24,,14749,42,4,,1,24,,14725,42,4,,1,64,,14698,42,4,,1,24,,14717,42,4,,1,64,,14704,42,4,,1,23,,14739,42,4,,1,24,,14750,42,4,,1,64,,14726,42,4,,1,24,,14699,42,4,,1,64,,14718,42,4,,1,24,,14705,42,4,,1,24,,14740,42,4,,1,64,,14751,42,4,,1,28,,14727,42,4,,1,72,,14691,42,4,,1,32,,14706,42,4,,1,72,,14741,42,4,,1,32,,14696,42,4,,1,70,,14747,42,4,,1,29,,14720,42,4,,1,70,,14735,42,4,,1,31,,5129,42,4,,1,70,,5103,42,4,,1,27,,14692,42,4,,1,69,,14708,42,4,,1
600000801,'1_merged_67024',550,,17873,38,4,,1,56,,8847,58,4,,1,15,,8845,58,4,,1,15,,17877,58,4,,1,14,,17881,58,4,,1,50,,17888,58,4,,1,9,,8839,58,4,,1,5,,17907,38,4,,1,4,,17872,58,4,,1,5,,17909,38,4,,1,4,,17906,58,4,,1,4,,17874,38,4,,1,4,,17871,58,4,,1,4,,17918,38,4,,1,4,,8892,58,4,,1,4,,8838,38,4,,1,4,,17915,58,4,,1,5,,17925,38,4,,1,3,,17885,58,4,,1,44,,17930,38,4,,1,3,,17887,58,4,,1,3,,17905,38,4,,1,3,,17895,58,4,,1,4,,17876,38,4,,1,3,,17916,58,4,,1,4,,17908,38,4,,1,3,,17900,58,4,,1,4,,8889,38,4,,1,3,,17945,58,4,,1,4,,17886,38,4,,1,3,,17922,58,4,,1,4,,17931,38,4,,1,3,,17904,58,4,,1,4,,8901,38,4,,1,3,,17943,58,4,,1,4,,17889,38,4,,1,43,,17870,58,4,,1,4,,17864,38,4,,1,3,,17946,58,4,,1,3,,8850,38,4,,1,3,,17878,58,4,,1,4,,17866,38,4,,1,3,,8943,58,4,,1,4,,17875,38,4,,1,3,,8861,58,4,,1,8,,8923,58,4,,1,7,,17867,58,4,,1,7,,17861,38,4,,1,7,,17910,58,4,,1,48,,8922,38,4,,1,7,,17919,58,4,,1,8,,17917,38,4,,1,7,,17926,58,4,,1,15,,8876,58,4,,1,15,,17901,58,4,,1,55,,17923,58,4,,1,15,,17890,58,4,,1,16,,17879,58,4,,1,16,,17882,58,4,,1,55,,17868,58,4,,1,15,,17911,58,4,,1,15,,8906,58,4,,1,15,,8917,58,4,,1,55,,17896,58,4,,1,15,,17902,58,4,,1,15,,8911,58,4,,1,15,,17891,58,4,,1,55,,17880,58,4,,1,15,,17883,58,4,,1,16,,8842,58,4,,1,56,,17912,58,4,,1,16,,17920,58,4,,1,16,,17927,58,4,,1,8,,17862,38,4,,1,8,,17897,58,4,,1,8,,17932,38,4,,1,48,,17903,58,4,,1,8,,17863,38,4,,1,8,,8912,58,4,,1,8,,8926,38,4,,1,8,,17892,58,4,,1,8,,8929,38,4,,1,8,,8859,58,4,,1,49,,17936,38,4,,1,8,,17884,58,4,,1,9,,17865,38,4,,1,8,,17869,58,4,,1,9,,17941,38,4,,1,8,,17913,58,4,,1,8,,17951,38,4,,1,48,,17921,58,4,,1,7,,17860,38,4,,1,7,,17928,58,4,,1,7,,17942,38,4,,1,7,,17898,58,4,,1,8,,17944,38,4,,1,7,,8885,58,4,,1,8,,17937,38,4,,1,8,,17924,58,4,,1,57,,17893,58,4,,1,18,,17938,58,4,,1,18,,8844,58,4,,1,59,,8898,58,4,,1,20,,17929,58,4,,1,19,,17899,58,4,,1,60,,8914,58,4,,1,20,,17894,58,4,,1,24,,17939,58,4,,1,65,,17914,58,4,,1,25,,17933,58,4,,1,64,,17947,58,4,,1,25,,17949,58,4,,1,25,,17940,58,4,,1,65,,17935,58,4,,1,25,,17934,58,4,,1,65,,17950,58,4,,1,25,,17948,58,4,,1,65,,8936,58,4,,1
600000801,'2_merged_67026',614,,17976,38,4,,1,26,,17952,58,4,,1,66,,17968,58,4,,1,26,,17960,58,4,,1,27,,17984,58,4,,1,66,,17977,58,4,,1,27,,17953,58,4,,1,67,,17969,58,4,,1,15,,17991,38,4,,1,14,,17961,58,4,,1,55,,18002,38,4,,1,13,,17985,58,4,,1,14,,18008,38,4,,1,14,,17978,58,4,,1,15,,17997,38,4,,1,54,,17954,58,4,,1,15,,17992,38,4,,1,15,,17970,58,4,,1,15,,9007,38,4,,1,54,,17962,58,4,,1,15,,18009,38,4,,1,15,,17986,58,4,,1,15,,9001,38,4,,1,55,,17979,58,4,,1,15,,17993,38,4,,1,14,,17955,58,4,,1,15,,18003,38,4,,1,55,,17971,58,4,,1,14,,18010,38,4,,1,15,,17963,58,4,,1,15,,17998,38,4,,1,55,,17987,58,4,,1,15,,17994,38,4,,1,15,,17980,58,4,,1,15,,18004,38,4,,1,54,,17956,58,4,,1,15,,18011,38,4,,1,15,,17972,58,4,,1,15,,17999,38,4,,1,54,,17964,58,4,,1,15,,8997,38,4,,1,15,,17988,58,4,,1,15,,18005,38,4,,1,55,,17981,58,4,,1,15,,18012,38,4,,1,14,,17957,58,4,,1,15,,18000,38,4,,1,53,,17973,58,4,,1,14,,17995,38,4,,1,13,,17965,58,4,,1,14,,18006,38,4,,1,54,,17989,58,4,,1,14,,18013,38,4,,1,14,,17982,58,4,,1,14,,18001,38,4,,1,14,,17958,58,4,,1,53,,17996,38,4,,1,13,,17974,58,4,,1,14,,18007,38,4,,1,13,,17966,58,4,,1,66,,8991,58,4,,1,26,,17983,58,4,,1,66,,8956,58,4,,1,27,,8974,58,4,,1,66,,8965,58,4,,1,25,,17990,58,4,,1,26,,8984,58,4,,1,65,,17959,58,4,,1,25,,17975,58,4,,1,65,,17967,58,4,,1
600000801,'3_merged_67025',638,,18043,38,4,,1,66,,18022,58,4,,1,27,,18036,58,4,,1,26,,18014,58,4,,1,68,,9035,58,4,,1,25,,9052,58,4,,1,54,,18050,38,4,,1,14,,18023,58,4,,1,14,,18056,38,4,,1,14,,18037,58,4,,1,55,,9073,38,4,,1,14,,18015,58,4,,1,14,,18067,38,4,,1,14,,9036,58,4,,1,14,,18051,38,4,,1,54,,18044,58,4,,1,15,,18057,38,4,,1,15,,18024,58,4,,1,15,,18062,38,4,,1,55,,9045,58,4,,1,15,,18068,38,4,,1,15,,18016,58,4,,1,15,,18052,38,4,,1,55,,18030,58,4,,1,15,,18058,38,4,,1,14,,18045,58,4,,1,15,,18063,38,4,,1,54,,18025,58,4,,1,15,,18069,38,4,,1,15,,18038,58,4,,1,15,,18053,38,4,,1,55,,18017,58,4,,1,15,,18059,38,4,,1,15,,18031,58,4,,1,15,,18064,38,4,,1,54,,18046,58,4,,1,15,,18070,38,4,,1,14,,18026,58,4,,1,15,,18054,38,4,,1,55,,18039,58,4,,1,15,,9070,38,4,,1,15,,18018,58,4,,1,15,,18065,38,4,,1,55,,18032,58,4,,1,14,,18071,38,4,,1,15,,18047,58,4,,1,14,,9064,38,4,,1,54,,18027,58,4,,1,14,,18060,38,4,,1,13,,18040,58,4,,1,14,,18066,38,4,,1,14,,18019,58,4,,1,54,,18072,38,4,,1,14,,18033,58,4,,1,14,,18055,38,4,,1,14,,18048,58,4,,1,53,,18061,38,4,,1,14,,18028,58,4,,1,13,,9079,38,4,,1,13,,18041,58,4,,1,66,,18020,58,4,,1,27,,18034,58,4,,1,67,,18049,58,4,,1,27,,18029,58,4,,1,65,,18042,58,4,,1,24,,18021,58,4,,1,27,,18035,58,4,,1
600000901,'1_merged_67024',556,,18224,31,4,,1,56,,18292,31,4,,1,15,,18226,31,4,,1,14,,18223,31,4,,1,13,,18220,31,4,,1,46,,18285,19,4,,1,5,,9285,31,4,,1,5,,18242,19,4,,1,5,,18238,31,4,,1,6,,18243,19,4,,1,5,,18232,31,4,,1,5,,18252,19,4,,1,5,,18240,31,4,,1,5,,18253,19,4,,1,5,,18279,31,4,,1,5,,18294,19,4,,1,5,,18247,31,4,,1,45,,18221,19,4,,1,5,,18234,31,4,,1,5,,9316,19,4,,1,5,,18227,31,4,,1,5,,18239,19,4,,1,5,,18236,31,4,,1,5,,18233,19,4,,1,5,,18225,31,4,,1,5,,18241,19,4,,1,5,,18286,31,4,,1,5,,18280,19,4,,1,5,,18237,31,4,,1,45,,18248,19,4,,1,5,,18275,31,4,,1,6,,18235,19,4,,1,6,,9293,31,4,,1,7,,9267,19,4,,1,8,,18254,31,4,,1,7,,9272,19,4,,1,7,,9312,31,4,,1,7,,18291,19,4,,1,47,,18228,31,4,,1,7,,18281,19,4,,1,7,,18277,31,4,,1,14,,18287,31,4,,1,14,,9300,31,4,,1,14,,18244,31,4,,1,55,,18255,31,4,,1,14,,18258,31,4,,1,14,,18229,31,4,,1,14,,9333,31,4,,1,54,,18288,31,4,,1,14,,18249,31,4,,1,15,,9295,31,4,,1,15,,9308,31,4,,1,55,,18259,31,4,,1,14,,18230,31,4,,1,14,,18273,31,4,,1,14,,18283,31,4,,1,54,,18250,31,4,,1,15,,18245,31,4,,1,15,,18256,31,4,,1,15,,18260,31,4,,1,56,,9278,31,4,,1,15,,18274,31,4,,1,15,,18284,31,4,,1,14,,18251,31,4,,1,52,,18262,31,4,,1,11,,18246,31,4,,1,10,,9319,31,4,,1,10,,18263,31,4,,1,10,,18264,31,4,,1,10,,18222,31,4,,1,50,,18261,31,4,,1,11,,9357,31,4,,1,10,,18268,31,4,,1,10,,18269,31,4,,1,10,,9321,31,4,,1,10,,18293,31,4,,1,51,,18231,31,4,,1,10,,18276,31,4,,1,9,,9350,31,4,,1,11,,18265,31,4,,1,13,,18278,31,4,,1,13,,18266,31,4,,1,59,,18270,31,4,,1,19,,9310,31,4,,1,19,,18289,31,4,,1,60,,9325,31,4,,1,19,,18282,31,4,,1,21,,18271,31,4,,1,68,,18290,31,4,,1,29,,18267,31,4,,1,69,,18272,31,4,,1,28,,9353,31,4,,1,68,,18257,31,4,,1,28,,9332,31,4,,1,68,,9354,31,4,,1
600000901,'2_merged_67026',607,,18295,31,4,,1,31,,18315,31,4,,1,70,,18305,31,4,,1,31,,18296,31,4,,1,71,,18316,31,4,,1,30,,18306,31,4,,1,71,,9362,31,4,,1,31,,18317,31,4,,1,71,,18307,31,4,,1,24,,9394,31,4,,1,64,,18297,31,4,,1,24,,18318,31,4,,1,25,,18308,31,4,,1,65,,18325,31,4,,1,25,,18298,31,4,,1,65,,18319,31,4,,1,25,,18309,31,4,,1,25,,18326,31,4,,1,65,,18299,31,4,,1,25,,9388,31,4,,1,65,,18310,31,4,,1,25,,18327,31,4,,1,65,,18300,31,4,,1,25,,18320,31,4,,1,25,,9378,31,4,,1,65,,18328,31,4,,1,25,,18301,31,4,,1,65,,18321,31,4,,1,25,,18311,31,4,,1,23,,18329,31,4,,1,65,,9368,31,4,,1,23,,18322,31,4,,1,64,,18312,31,4,,1,23,,18330,31,4,,1,25,,18302,31,4,,1,70,,18323,31,4,,1,31,,18313,31,4,,1,71,,18303,31,4,,1,30,,18324,31,4,,1,71,,18314,31,4,,1,31,,18304,31,4,,1
600000901,'3_merged_67025',626,,18349,19,4,,1,31,,18340,31,4,,1,71,,18331,31,4,,1,29,,18350,31,4,,1,71,,18341,31,4,,1,31,,18332,31,4,,1,70,,18351,31,4,,1,72,,18342,31,4,,1,31,,18333,31,4,,1,72,,18352,31,4,,1,33,,18343,31,4,,1,73,,18334,31,4,,1,33,,18353,31,4,,1,74,,18344,31,4,,1,33,,18335,31,4,,1,73,,18354,31,4,,1,34,,18345,31,4,,1,73,,18336,31,4,,1,73,,18355,31,4,,1,34,,18346,31,4,,1,73,,18337,31,4,,1,33,,9428,31,4,,1,74,,18347,31,4,,1,31,,18338,31,4,,1,72,,18356,31,4,,1,31,,9419,31,4,,1,72,,18339,31,4,,1,31,,18357,31,4,,1,71,,18348,31,4,,1,32,,9410,31,4,,1,85,,18358,31,4,,1
