7400,'1',552,,41197,13,,,1,62,,41184,13,,,1,24,,41191,13,,,1,64,,41180,13,,,1,26,,41198,13,,,1,25,,41205,13,,,1,67,,41212,13,,,1,26,,41216,13,,,1,67,,41185,13,,,1,25,,41192,13,,,1,65,,41181,13,,,1,26,,41199,13,,,1,26,,41206,13,,,1,65,,41213,13,,,1,25,,41217,13,,,1,65,,41186,13,,,1,25,,41193,13,,,1,65,,41182,13,,,1,25,,41200,13,,,1,26,,41207,13,,,1,66,,41214,13,,,1,26,,41218,13,,,1,67,,41187,13,,,1,26,,41194,13,,,1,68,,41183,13,,,1,29,,41201,13,,,1,68,,41208,13,,,1,29,,41215,13,,,1,28,,41219,13,,,1,67,,41188,13,,,1,25,,41195,13,,,1,65,,41178,13,,,1,25,,41202,13,,,1,65,,41209,13,,,1,25,,41221,13,,,1,26,,41220,13,,,1,65,,41189,13,,,1,32,,41196,13,,,1,72,,41203,13,,,1,32,,41210,13,,,1,72,,41222,13,0,5 6,1,73,,41190,13,0,5 6,1
7400,'2',543,,41224,13,,,1,73,,41238,13,,,1,32,,41252,13,,,1,72,,41245,13,,,1,32,,41232,13,,,1,72,,41225,13,,,1,33,,41239,13,,,1,73,,41253,13,,,1,73,,41246,13,,,1,32,,41233,13,,,1,73,,41226,13,,,1,33,,41240,13,,,1,74,,41254,13,,,1,35,,41247,13,,,1,75,,41234,13,,,1,34,,41227,13,,,1,75,,41241,13,,,1,75,,41255,13,,,1,35,,41248,13,,,1,75,,41235,13,,,1,34,,41228,13,,,1,75,,41242,13,,,1,75,,41256,13,,,1,35,,41249,13,,,1,74,,41236,13,,,1,32,,41229,13,,,1,72,,41243,13,,,1,32,,41257,13,,,1,73,,41250,13,,,1,32,,41237,13,,,1,72,,41230,13,,,1,32,,41244,13,,,1,72,,41258,13,0,5 6,1,73,,41251,13,0,5 6,1
7400,'3',713,,41265,13,,,1,40,,41278,13,,,1,81,,41259,13,,,1,81,,41272,13,,,1,42,,41266,13,,,1,81,,41279,13,,,1,82,,41260,13,,,1,82,,41273,13,,,1,43,,41267,13,,,1,84,,41280,13,,,1,84,,41261,13,,,1,44,,41274,13,,,1,84,,41268,13,,,1,84,,41281,13,,,1,83,,41262,13,,,1,45,,41275,13,,,1,83,,41269,13,,,1,82,,41282,13,,,1,82,,41263,13,,,1,40,,41276,13,,,1,80,,41270,13,,,1,80,,41283,13,,,1,40,,41264,13,,,1,80,,41277,13,0,5 6,1,80,,41271,13,0,5 6,1
7400,'6',713,,41290,13,,,1,40,,41303,13,,,1,81,,41284,13,,,1,81,,41297,13,,,1,42,,41291,13,,,1,81,,41304,13,,,1,82,,41285,13,,,1,82,,41298,13,,,1,43,,41292,13,,,1,84,,41305,13,,,1,84,,41286,13,,,1,44,,41299,13,,,1,84,,41293,13,,,1,84,,41306,13,,,1,83,,41287,13,,,1,45,,41300,13,,,1,83,,41294,13,,,1,82,,41307,13,,,1,82,,41288,13,,,1,40,,41301,13,,,1,80,,41295,13,,,1,80,,41308,13,,,1,40,,41289,13,,,1,80,,41302,13,0,5 6,1,80,,41296,13,0,5 6,1
67600,'1',532,,43362,13,,,1,27,,43376,13,,,1,66,,43369,13,,,1,29,,43384,13,,,1,69,,43363,13,,,1,29,,43377,13,,,1,69,,43370,13,,,1,28,,43385,13,,,1,69,,43364,13,,,1,29,,43378,13,,,1,68,,43371,13,,,1,28,,43386,13,,,1,68,,43365,13,,,1,28,,43379,13,,,1,68,,43372,13,,,1,28,,43387,13,,,1,68,,43366,13,,,1,29,,43380,13,,,1,27,,43373,13,,,1,70,,43388,13,,,1,28,,43367,13,,,1,70,,43381,1,,,1,31,,43374,1,,,1,71,,43389,1,,,1,30,,43368,1,,,1,71,,43382,1,,,1,70,,43375,1,,,1,31,,43390,1,,,1
67600,'2',638,,43392,13,,,1,99,,43399,13,,,1,95,,43393,13,,,1,98,,43400,13,,,1,98,,43394,13,,,1,99,,43401,13,,,1,98,,43395,13,,,1,99,,43402,13,,,1,99,,43396,13,,,1,99,,43403,13,,,1,99,,43397,13,,,1,99,,43404,13,,,1,99,,43398,13,,,1
67600,'3',736,,43405,13,,,1,96,,43411,13,,,1,98,,43406,13,,,1,98,,43412,13,,,1,99,,43407,13,,,1,98,,43413,13,,,1,99,,43408,13,,,1,99,,43414,13,,,1,99,,43409,13,,,1,99,,43415,13,,,1,99,,43410,13,,,1,99,,43416,13,,,1
67600,'6',736,,43417,13,,,1,96,,43423,13,,,1,98,,43418,13,,,1,98,,43424,13,,,1,99,,43419,13,,,1,98,,43425,13,,,1,99,,43420,13,,,1,99,,43426,13,,,1,99,,43421,13,,,1,99,,43427,13,,,1,99,,43422,13,,,1,99,,43428,13,,,1
67601,'1',1523,,43449,74,4,,1,31,,43442,74,4,,1,55,,43460,26,4,,1,15,,43457,74,4,,1,16,,43459,26,4,,1,15,,43435,74,4,,1,56,,43429,26,4,,1,15,,43450,74,4,,1,30,,43443,74,4,,1,71,,43458,74,4,,1,28,,43436,74,4,,1,69,,43451,74,4,,1
67601,'2',1913,,43473,74,4,,1
67601,'3',1913,,43479,74,4,,1
67601,'6',1913,,43491,74,4,,1
