64100,'1',559,,42807,19,4,,1,64,,42791,19,4,,1,23,,42808,19,4,,1,66,,42792,19,4,,1,26,,42809,19,4,,1,66,,42793,19,4,,1,26,,42810,19,4,,1,26,,42794,19,4,,1,65,,42811,19,4,,1,24,,42795,19,4,,1,65,,42812,19,4,,1,24,,42796,19,4,,1,24,,42813,19,4,,1,64,,42797,19,4,,1,24,,42814,19,4,,1,64,,42798,19,4,,1,24,,42815,19,4,,1,24,,42799,19,4,,1,64,,42816,19,4,,1,24,,42800,19,4,,1,64,,42817,19,4,,1,24,,42801,19,4,,1,25,,42818,19,4,,1,66,,42802,19,4,,1,26,,42819,19,4,,1,66,,42803,19,4,,1,27,,42820,19,4,,1,66,,42804,19,4,,1,27,,42821,19,4,,1,66,,42805,19,4,,1,25,,42822,19,4,,1,25,,42806,19,4,,1,64,,42823,19,4,,1
64101,'1',603,,42840,1,,,1,24,,42824,1,,,1,23,,42841,1,,,1,66,,42825,1,,,1,26,,42842,1,,,1,66,,42826,1,,,1,26,,42843,1,,,1,66,,42827,1,,,1,25,,42844,1,,,1,24,,42828,1,,,1,65,,42845,1,,,1,24,,42829,1,,,1,64,,42846,1,,,1,24,,42830,1,,,1,24,,42847,1,,,1,64,,42831,1,,,1,24,,42848,1,,,1,64,,42832,1,,,1,24,,42849,1,,,1,24,,42833,1,,,1,64,,42850,1,,,1,24,,42834,1,,,1,65,,42851,1,,,1,26,,42835,1,,,1,26,,42852,1,,,1,66,,42836,1,,,1,27,,42853,1,,,1,66,,42837,1,,,1,27,,42854,1,,,1,66,,42838,1,,,1,25,,42855,1,,,1,25,,42839,1,,,1
67700,'1',616,,43498,14,4,,1,32,,43499,14,4,,1,75,,43500,14,4,,1,36,,43501,14,4,,1,76,,43502,14,4,,1,76,,43503,14,4,,1,34,,43504,14,4,,1,74,,43505,14,4,,1,34,,43506,14,4,,1,74,,43507,14,4,,1,74,,43508,14,4,,1,34,,43509,14,4,,1,74,,43510,14,4,,1,35,,43511,14,4,,1,76,,43512,14,4,,1,36,,43513,14,4,,1,78,,43514,14,4,,1,78,,43515,14,4,,1,38,,43516,14,4,,1,78,,43517,14,4,,1,76,,43518,14,4,,1,34,,43519,14,4,,1,74,,43520,14,4,,1,32,,43521,14,4,,1,72,,43522,14,4,,1,32,,43523,14,4,,1,72,,43524,14,4,,1,32,,43525,14,4,,1,72,,43526,14,4,,1
67700,'2',706,,43527,14,4,,1,32,,43528,14,4,,1,72,,43529,14,4,,1,32,,43530,14,4,,1,72,,43531,14,4,,1,32,,43532,14,4,,1,73,,43533,14,4,,1,34,,43534,14,4,,1,75,,43535,14,4,,1,76,,43536,14,4,,1,36,,43537,14,4,,1,76,,43538,14,4,,1,36,,43539,14,4,,1,76,,43540,14,4,,1,76,,43541,14,4,,1,36,,43542,14,4,,1,76,,43543,14,4,,1,36,,43544,14,4,,1,76,,43545,14,4,,1,76,,43546,14,4,,1,34,,43547,14,4,,1,74,,43548,14,4,,1,32,,43549,14,4,,1,72,,43550,14,4,,1,32,,43551,14,4,,1,72,,43552,14,4,,1,32,,43553,14,4,,1,72,,43554,14,4,,1
67700,'3',759,,43555,14,4,,1,72,,43556,14,4,,1,72,,43557,14,4,,1,32,,43558,14,4,,1,72,,43559,14,4,,1,35,,43560,14,4,,1,75,,43561,14,4,,1,36,,43562,14,4,,1,76,,43563,14,4,,1,76,,43564,14,4,,1,36,,43565,14,4,,1,76,,43566,14,4,,1,36,,43567,14,4,,1,76,,43568,14,4,,1,76,,43569,14,4,,1,36,,43570,14,4,,1,76,,43571,14,4,,1,36,,43572,14,4,,1,75,,43573,14,4,,1,74,,43574,14,4,,1,32,,43575,14,4,,1
67700,'6',759,,43576,14,4,,1,72,,43577,14,4,,1,72,,43578,14,4,,1,32,,43579,14,4,,1,72,,43580,14,4,,1,35,,43581,14,4,,1,75,,43582,14,4,,1,36,,43583,14,4,,1,76,,43584,14,4,,1,76,,43585,14,4,,1,36,,43586,14,4,,1,76,,43587,14,4,,1,36,,43588,14,4,,1,76,,43589,14,4,,1,76,,43590,14,4,,1,36,,43591,14,4,,1,76,,43592,14,4,,1,36,,43593,14,4,,1,75,,43594,14,4,,1,74,,43595,14,4,,1,32,,43596,14,4,,1
67701,'1',547,,43597,1,,,1,72,,43598,1,,,1,32,,43599,1,,,1,75,,43600,1,,,1,76,,43601,1,,,1,36,,43602,1,,,1,76,,43603,1,,,1,34,,43604,1,,,1,74,,43605,1,,,1,34,,43606,1,,,1,74,,43607,1,,,1,74,,43608,1,,,1,34,,43609,1,,,1,74,,43610,1,,,1,35,,43611,1,,,1,76,,43612,1,,,1,36,,43613,1,,,1,78,,43614,1,,,1,78,,43615,1,,,1,38,,43616,1,,,1,78,,43617,1,,,1,76,,43618,1,,,1,34,,43619,1,,,1,74,,43620,1,,,1,32,,43621,1,,,1,72,,43622,1,,,1,32,,43623,1,,,1,72,,43624,1,,,1,32,,43625,1,,,1
67701,'2',637,,43626,1,,,1,72,,43627,1,,,1,32,,43628,1,,,1,72,,43629,1,,,1,32,,43630,1,,,1,72,,43631,1,,,1,32,,43632,1,,,1,73,,43633,1,,,1,34,,43634,1,,,1,75,,43635,1,,,1,76,,43636,1,,,1,36,,43637,1,,,1,76,,43638,1,,,1,36,,43639,1,,,1,76,,43640,1,,,1,76,,43641,1,,,1,36,,43642,1,,,1,76,,43643,1,,,1,36,,43644,1,,,1,76,,43645,1,,,1,76,,43646,1,,,1,34,,43647,1,,,1,74,,43648,1,,,1,32,,43649,1,,,1,72,,43650,1,,,1,32,,43651,1,,,1,72,,43652,1,,,1,32,,43653,1,,,1
67701,'3',730,,43654,1,,,1,72,,43655,1,,,1,32,,43656,1,,,1,72,,43657,1,,,1,32,,43658,1,,,1,73,,43659,1,,,1,34,,43660,1,,,1,75,,43661,1,,,1,36,,43662,1,,,1,76,,43663,1,,,1,76,,43664,1,,,1,36,,43665,1,,,1,76,,43666,1,,,1,36,,43667,1,,,1,76,,43668,1,,,1,76,,43669,1,,,1,36,,43670,1,,,1,76,,43671,1,,,1,36,,43672,1,,,1,75,,43673,1,,,1,74,,43674,1,,,1
67701,'6',730,,43675,1,,,1,72,,43676,1,,,1,32,,43677,1,,,1,72,,43678,1,,,1,32,,43679,1,,,1,73,,43680,1,,,1,34,,43681,1,,,1,75,,43682,1,,,1,36,,43683,1,,,1,76,,43684,1,,,1,76,,43685,1,,,1,36,,43686,1,,,1,76,,43687,1,,,1,36,,43688,1,,,1,76,,43689,1,,,1,76,,43690,1,,,1,36,,43691,1,,,1,76,,43692,1,,,1,36,,43693,1,,,1,75,,43694,1,,,1,74,,43695,1,,,1
