7400,'1_merged_67006',535,,21200,2,,,1,22,,31670,2,,,1,64,,31676,2,,,1,24,,21182,2,,,1,66,,31691,2,,,1,25,,31688,2,,,1,67,,21215,2,,,1,26,,31682,2,,,1,27,,31671,2,,,1,65,,31677,2,,,1,25,,31666,2,,,1,66,,21211,2,,,1,26,,31689,2,,,1,65,,31694,2,,,1,25,,31683,2,,,1,25,,21189,2,,,1,65,,31678,2,,,1,25,,31667,2,,,1,65,,31692,2,,,1,25,,31690,2,,,1,26,,31695,2,,,1,66,,31684,2,,,1,27,,31672,2,,,1,65,,31679,2,,,1,28,,31668,2,,,1,69,,31693,2,,,1,28,,21179,2,,,1,69,,31696,2,,,1,28,,31685,2,,,1,68,,31673,2,,,1,26,,31680,2,,,1,25,,31669,2,,,1,65,,31663,2,,,1,25,,21180,2,,,1,65,,21221,2,,,1,26,,31686,2,,,1,65,,31674,2,,,1,32,,31698,2,,,1,72,,31664,2,,,1,32,,31665,2,,,1,72,,31681,2,0,5 6,1,33,,31675,2,0,5 6,1
7400,'2_merged_67008',526,,31699,2,,,1,33,,31712,2,,,1,72,,31725,2,,,1,72,,31719,2,,,1,32,,31706,2,,,1,72,,31700,2,,,1,33,,31713,2,,,1,73,,31726,2,,,1,33,,21244,2,,,1,72,,31707,2,,,1,33,,31701,2,,,1,73,,31714,2,,,1,34,,31727,2,,,1,75,,31720,2,,,1,75,,31708,2,,,1,34,,31702,2,,,1,75,,31715,2,,,1,35,,31728,2,,,1,75,,31721,2,,,1,75,,31709,2,,,1,34,,31703,2,,,1,75,,31716,2,,,1,35,,21254,2,,,1,75,,31722,2,,,1,34,,31710,2,,,1,72,,31704,2,,,1,32,,31717,2,,,1,72,,31729,2,,,1,73,,31723,2,,,1,32,,31711,2,,,1,72,,21228,2,,,1,32,,31718,2,,,1,72,,31730,2,0,5 6,1,33,,31724,2,0,5 6,1
7400,'3_merged_67007',656,,31735,2,,,1,80,,21276,2,,,1,81,,31731,2,,,1,41,,31742,2,,,1,82,,31736,2,,,1,81,,31748,2,,,1,82,,31732,2,,,1,42,,31743,2,,,1,83,,31737,2,,,1,84,,31749,2,,,1,44,,21259,2,,,1,84,,31744,2,,,1,84,,31738,2,,,1,84,,31750,2,,,1,43,,21260,2,,,1,85,,31745,2,,,1,83,,31739,2,,,1,82,,31751,2,,,1,42,,31733,2,,,1,80,,31746,2,,,1,80,,31740,2,,,1,40,,31752,2,,,1,80,,31734,2,,,1,80,,31747,2,0,5 6,1,40,,31741,2,0,5 6,1
66201,'1_merged_67006',537,,33087,2,,,1,66,,33081,2,,,1,28,,22856,2,,,1,28,,33088,2,,,1,68,,33082,2,,,1,30,,33094,2,,,1,70,,22849,2,,,1,29,,33083,2,,,1,69,,33095,2,,,1,29,,33089,2,,,1,68,,33084,2,,,1,28,,22859,2,,,1,67,,33090,2,,,1,27,,33085,2,,,1,67,,33096,2,,,1,27,,33091,2,,,1,67,,33086,2,,,1,28,,33097,2,,,1,67,,33092,2,,,1,28,,22846,2,,,1,30,,22862,2,,,1,69,,22854,2,,,1,30,,33099,2,,,1,70,,33098,2,,,1,30,,33093,2,,,1,70,,33100,2,,,1,30,,22864,2,,,1,68,,33080,2,,,1
67101,'1_merged_67006',608,,33184,2,,,1,31,,33193,2,,,1,74,,22965,2,,,1,35,,33194,2,,,1,74,,33185,2,,,1,35,,33195,2,,,1,73,,33186,2,,,1,74,,33196,2,,,1,32,,33187,2,,,1,73,,22980,2,,,1,32,,33188,2,,,1,73,,33197,2,,,1,32,,33189,2,,,1,73,,33198,2,,,1,32,,33190,2,,,1,74,,33199,2,,,1,34,,33191,2,,,1,76,,33200,2,,,1,75,,22973,2,,,1,36,,33201,2,,,1,75,,22974,2,,,1,35,,33202,2,,,1,74,,33192,2,,,1,72,,33203,2,,,1,102,,33204,2,,,1,100,,33205,2,,,1,100,,22990,2,,,1
67101,'2_merged_67008',724,,33206,2,,,1,101,,33207,2,,,1,102,,33208,2,,,1,103,,22994,2,,,1,104,,22995,2,,,1,104,,22996,2,,,1,104,,33209,2,,,1,104,,33210,2,,,1,104,,33211,2,,,1,104,,33212,2,,,1,104,,33213,2,,,1,144,,33214,2,,,1
67101,'3_merged_67007',825,,33215,2,,,1,102,,33216,2,,,1,103,,33217,2,,,1,104,,23006,2,,,1,104,,33218,2,,,1,104,,33219,2,,,1,104,,33220,2,,,1,104,,33221,2,,,1,104,,33222,2,,,1,104,,33223,2,,,1,144,,33224,2,,,1
67201,'1_merged_67006',624,,33267,2,,,1,32,,33276,2,,,1,75,,33268,2,,,1,74,,33277,2,,,1,35,,23069,2,,,1,74,,33278,2,,,1,33,,33269,2,,,1,73,,23082,2,,,1,33,,33270,2,,,1,72,,33279,2,,,1,33,,23072,2,,,1,72,,33280,2,,,1,73,,33271,2,,,1,32,,33281,2,,,1,73,,33272,2,,,1,34,,33282,2,,,1,75,,23075,2,,,1,36,,33283,2,,,1,75,,33273,2,,,1,76,,33284,2,,,1,35,,33274,2,,,1,74,,33285,2,,,1,32,,33275,2,,,1,87,,33264,2,,,1,101,,33265,2,,,1,100,,33266,2,,,1
67201,'2_merged_67008',654,,23090,2,,,1,101,,23091,2,,,1,99,,33286,2,,,1,103,,33287,2,,,1,144,,33288,2,,,1,104,,33289,2,,,1,104,,33290,2,,,1,104,,33291,2,,,1,104,,33292,2,,,1,104,,23099,2,,,1,104,,33293,2,,,1,104,,33294,2,,,1
67201,'3_merged_67007',755,,33295,2,,,1,99,,33296,2,,,1,103,,33297,2,,,1,144,,23105,2,,,1,104,,33298,2,,,1,104,,33299,2,,,1,104,,33300,2,,,1,104,,33301,2,,,1,104,,33302,2,,,1,104,,33303,2,,,1,104,,33304,2,,,1
67900,'1_merged_67006',632,,33603,2,,,1,27,,33598,2,,,1,69,,33604,2,,,1,30,,33599,2,,,1,70,,33605,2,,,1,30,,33600,2,,,1,578,,33606,2,,,1,69,,33601,2,,,1,30,,33607,2,,,1,70,,23442,2,,,1,30,,33595,2,,,1,70,,33602,2,,,1,30,,33596,2,,,1,70,,23444,2,,,1,28,,33597,2,,,1,67,,23445,2,,,1
88900,'1_merged_67006',607,,33869,2,,,1,38,,33872,2,,,1,80,,33870,2,,,1,80,,33873,2,,,1,41,,33871,2,,,1,586,,33865,2,,,1,80,,33874,2,,,1,41,,33866,2,,,1,81,,33875,2,,,1,82,,33867,2,,,1,41,,33876,2,,,1,79,,33868,2,,,1
2222200,'1_merged_67006',514,,24002,2,,,1,13,,33928,2,,,1,11,,33940,2,,,1,12,,34029,2,,,1,50,,34048,2,,,1,11,,33955,2,,,1,10,,33967,2,,,1,10,,34046,2,,,1,12,,34041,2,0,12,1,11,,33926,2,,,1,52,,23851,2,,,1,12,,34037,2,,,1,12,,33994,2,,,1,13,,33968,2,,,1,12,,33971,2,,,1,52,,33914,2,,,1,13,,33918,2,,,1,13,,33956,2,,,1,13,,33962,2,,,1,12,,34047,2,,,1,52,,24008,2,,,1,12,,33978,2,,,1,12,,33985,2,,,1,13,,33938,2,,,1,12,,34001,2,,,1,52,,33995,2,,,1,12,,33929,2,,,1,12,,33941,2,,,1,12,,33933,2,,,1,12,,23922,2,,,1,51,,23926,2,,,1,11,,33953,2,,,1,12,,33961,2,,,1,12,,23893,2,,,1,12,,23829,2,,,1,52,,33927,2,,,1,12,,33999,2,,,1,12,,33992,2,,,1,13,,33944,2,,,1,12,,33970,2,,,1,52,,33973,2,,,1,12,,33916,2,,,1,12,,23837,2,,,1,12,,33957,2,,,1,12,,23899,2,,,1,52,,34050,2,,,1,12,,34043,2,,,1,11,,33980,2,,,1,10,,23948,2,,,1,8,,34003,2,,,1,7,,33939,2,,,1,47,,34015,2,,,1,8,,34014,2,,,1,8,,33996,2,,,1,8,,23982,2,,,1,7,,23946,2,,,1,8,,33974,2,,,1,7,,23989,2,,,1,8,,33917,2,,,1,48,,34011,2,,,1,8,,33936,2,,,1,8,,33958,2,,,1,8,,34024,2,,,1,8,,33977,2,,,1,8,,24018,2,,,1,8,,34027,2,,,1,49,,34020,2,,,1,10,,33981,2,,,1,10,,23949,2,,,1,12,,23836,2,,,1,14,,34007,2,,,1,57,,33946,2,,,1,16,,23907,2,,,1,19,,34012,2,,,1,60,,23972,2,,,1,23,,34031,2,,,1,22,,34045,2,,,1,62,,34008,2,,,1,23,,23870,2,,,1,25,,23962,2,,,1,67,,23973,2,,,1,28,,23996,2,,,1,68,,34009,2,,,1,29,,33949,2,,,1,71,,34013,2,,,1,29,,23974,2,,,1,69,,34032,2,,,1,30,,33983,2,,,1
2222200,'2_merged_67008',544,,34077,2,,,1,66,,34095,2,,,1,27,,24021,2,,,1,68,,34064,2,,,1,28,,24076,2,,,1,67,,34078,2,,,1,25,,34096,2,,,1,23,,34053,2,,,1,62,,34113,2,,,1,22,,24037,2,,,1,22,,34092,2,,,1,61,,34079,2,,,1,20,,34116,2,,,1,20,,34097,2,,,1,60,,34054,2,,,1,19,,34114,2,,,1,20,,34065,2,,,1,60,,34093,2,,,1,22,,24055,2,,,1,20,,34117,2,,,1,60,,24084,2,,,1,21,,34055,2,,,1,20,,24104,2,,,1,60,,34066,2,,,1,20,,34094,2,,,1,22,,34080,2,,,1,60,,34118,2,,,1,20,,34098,2,,,1,61,,34056,2,,,1,20,,24105,2,,,1,20,,34067,2,,,1,60,,24080,2,,,1,22,,34081,2,,,1,20,,34119,2,,,1,61,,34099,2,,,1,21,,24026,2,,,1,23,,24106,2,,,1,68,,24041,2,,,1,31,,34074,2,,,1,71,,34120,2,,,1,32,,34057,2,,,1,71,,24067,2,,,1,30,,34126,2,,,1,70,,24059,2,,,1,29,,34101,2,,,1,70,,34108,2,,,1,29,,34069,2,,,1,69,,34076,2,,,1,30,,34122,2,,,1
2222200,'3_merged_67007',606,,34147,2,,,1,27,,34134,2,,,1,67,,24179,2,,,1,28,,34142,2,,,1,27,,24172,2,,,1,65,,34148,2,,,1,23,,34135,2,,,1,62,,34189,2,,,1,22,,34170,2,,,1,22,,34143,2,,,1,63,,34164,2,,,1,24,,34149,2,,,1,23,,34136,2,,,1,64,,34190,2,,,1,23,,34171,2,,,1,64,,34144,2,,,1,23,,34165,2,,,1,24,,34150,2,,,1,63,,34137,2,,,1,24,,34191,2,,,1,64,,34172,2,,,1,24,,34145,2,,,1,24,,34166,2,,,1,64,,24157,2,,,1,23,,34138,2,,,1,64,,34192,2,,,1,24,,34173,2,,,1,24,,34146,2,,,1,64,,34167,2,,,1,24,,34151,2,,,1,67,,34139,2,,,1,30,,34193,2,,,1,72,,34174,2,,,1,30,,24129,2,,,1,72,,34152,2,,,1,32,,24145,2,,,1,71,,34132,2,,,1,29,,34188,2,,,1,70,,34169,2,,,1,29,,34183,2,,,1,70,,34195,2,,,1,33,,34176,2,,,1
600000800,'1_merged_67006',500,,37445,2,,,1,15,,28105,2,,,1,14,,28116,2,,,1,14,,37473,2,,,1,14,,28111,2,,,1,53,,28096,2,,,1,7,,37446,2,0,12,1,7,,37450,2,,,1,6,,37478,2,0,12,1,5,,37454,2,,,1,6,,37484,2,0,12,1,5,,37485,2,,,1,6,,37468,2,0,12,1,6,,37491,2,,,1,45,,37467,2,0,12,1,6,,37469,2,,,1,6,,28135,2,0,12,1,7,,37498,2,,,1,7,,37475,2,0,12,1,6,,37451,2,,,1,7,,37476,2,0,12,1,7,,37459,2,,,1,7,,37477,2,0,12,1,48,,37479,2,,,1,8,,37474,2,0,12,1,9,,37455,2,,,1,15,,37495,2,,,1,14,,37447,2,,,1,54,,37501,2,,,1,14,,28149,2,,,1,14,,37492,2,,,1,14,,28129,2,,,1,54,,28165,2,,,1,14,,37452,2,,,1,13,,37460,2,,,1,14,,37480,2,,,1,14,,37456,2,,,1,54,,28161,2,,,1,14,,28100,2,,,1,13,,37502,2,,,1,14,,37486,2,,,1,54,,37493,2,,,1,13,,37470,2,,,1,14,,37499,2,,,1,13,,28108,2,,,1,13,,37461,2,,,1,54,,28142,2,,,1,14,,37457,2,,,1,13,,37496,2,,,1,14,,37448,2,,,1,53,,37503,2,,,1,12,,37507,2,,,1,9,,37487,2,,,1,8,,37494,2,,,1,7,,37509,2,,,1,5,,37525,2,,,1,6,,37471,2,,,1,5,,28180,2,,,1,45,,37500,2,,,1,6,,37515,2,,,1,5,,37516,2,,,1,6,,37453,2,,,1,6,,28188,2,,,1,6,,37462,2,,,1,6,,37519,2,,,1,6,,37520,2,,,1,6,,37481,2,,,1,6,,37514,2,,,1,46,,37458,2,,,1,6,,28201,2,,,1,5,,37521,2,,,1,6,,37497,2,,,1,6,,37518,2,,,1,7,,37449,2,,,1,6,,28193,2,,,1,7,,37504,2,,,1,7,,37524,2,,,1,6,,37508,2,,,1,46,,37522,2,,,1,7,,28152,2,,,1,7,,37523,2,,,1,8,,28178,2,,,1,9,,37472,2,,,1,9,,37526,2,,,1,12,,37511,2,,,1,53,,37517,2,,,1,14,,37463,2,,,1,16,,28144,2,,,1,14,,28195,2,,,1,55,,28103,2,,,1,18,,28172,2,,,1,18,,37488,2,,,1,58,,37510,2,,,1,19,,28182,2,,,1,25,,37464,2,,,1,67,,37482,2,,,1,24,,37505,2,,,1,65,,37489,2,,,1,25,,37512,2,,,1,25,,28123,2,,,1,66,,37483,2,,,1,24,,37506,2,,,1,65,,37490,2,,,1,25,,37513,2,,,1,26,,37465,2,,,1
600000800,'2_merged_67008',531,,37527,2,,,1,25,,37558,2,,,1,65,,37542,2,,,1,26,,37535,2,,,1,67,,37551,2,,,1,27,,37528,2,,,1,66,,37559,2,,,1,27,,37543,2,,,1,67,,37536,2,,,1,14,,37569,2,0,12,1,14,,37552,2,,,1,14,,37565,2,0,12,1,14,,37529,2,,,1,55,,37575,2,0,12,1,13,,37560,2,,,1,15,,37580,2,0,12,1,14,,37544,2,,,1,54,,37570,2,0,12,1,14,,37537,2,,,1,15,,37566,2,0,12,1,15,,28231,2,,,1,55,,37576,2,0,12,1,14,,28205,2,,,1,15,,37581,2,0,12,1,15,,37561,2,,,1,55,,37571,2,0,12,1,15,,28222,2,,,1,15,,37567,2,0,12,1,14,,37538,2,,,1,55,,37577,2,0,12,1,15,,37553,2,,,1,14,,37582,2,0,12,1,15,,37530,2,,,1,55,,37572,2,0,12,1,15,,28241,2,,,1,15,,37568,2,0,12,1,15,,37545,2,,,1,55,,37578,2,0,12,1,14,,28215,2,,,1,15,,37583,2,0,12,1,15,,37554,2,,,1,55,,37573,2,0,12,1,14,,37531,2,,,1,15,,28250,2,0,12,1,15,,28242,2,,,1,55,,28262,2,0,12,1,15,,37546,2,,,1,14,,37584,2,0,12,1,15,,37539,2,,,1,54,,37574,2,0,12,1,14,,37555,2,,,1,14,,28251,2,0,12,1,13,,37532,2,,,1,14,,37579,2,0,12,1,54,,37562,2,,,1,14,,37585,2,0,12,1,14,,37547,2,,,1,67,,37540,2,,,1,27,,37556,2,,,1,25,,37533,2,,,1,67,,37563,2,,,1,27,,37548,2,,,1,66,,37541,2,,,1,25,,37557,2,,,1,66,,37534,2,,,1,26,,37564,2,,,1,26,,37549,2,,,1
600000800,'3_merged_67007',553,,28270,2,,,1,67,,28302,2,,,1,26,,28286,2,,,1,67,,28278,2,,,1,27,,37602,2,,,1,66,,37586,2,,,1,27,,37608,2,,,1,67,,28287,2,,,1,14,,37615,2,0,12,1,13,,37591,2,,,1,14,,37619,2,0,12,1,14,,37603,2,,,1,55,,37625,2,0,12,1,14,,37587,2,,,1,15,,28329,2,0,12,1,14,,37609,2,,,1,54,,28311,2,0,12,1,14,,28288,2,,,1,15,,37620,2,0,12,1,14,,37592,2,,,1,55,,37626,2,0,12,1,15,,37604,2,,,1,15,,37631,2,0,12,1,15,,28273,2,,,1,55,,28312,2,0,12,1,15,,37610,2,,,1,15,,37621,2,0,12,1,14,,37596,2,,,1,55,,37627,2,0,12,1,14,,28281,2,,,1,15,,37632,2,0,12,1,15,,37605,2,,,1,55,,28313,2,0,12,1,15,,37588,2,,,1,15,,37622,2,0,12,1,15,,37611,2,,,1,55,,37628,2,0,12,1,14,,37597,2,,,1,15,,37633,2,0,12,1,14,,37593,2,,,1,55,,37616,2,0,12,1,15,,37606,2,,,1,15,,37623,2,0,12,1,15,,28275,2,,,1,55,,37629,2,0,12,1,15,,37612,2,,,1,14,,37634,2,0,12,1,15,,37598,2,,,1,14,,37617,2,0,12,1,54,,37594,2,,,1,14,,37624,2,0,12,1,13,,37607,2,,,1,14,,37630,2,0,12,1,54,,37589,2,,,1,14,,37635,2,0,12,1,14,,37613,2,,,1,14,,37618,2,0,12,1,54,,37599,2,,,1,27,,28284,2,,,1,25,,28301,2,,,1,66,,37590,2,,,1,27,,37614,2,,,1,67,,37600,2,,,1,27,,37595,2,,,1
600000900,'1_merged_67006',515,,37876,2,,,1,13,,28580,2,,,1,13,,37878,2,,,1,12,,37838,2,,,1,52,,37884,2,,,1,12,,37879,2,,,1,10,,37832,2,,,1,11,,37882,2,,,1,10,,28603,2,,,1,9,,37856,2,,,1,50,,28581,2,,,1,10,,37850,2,,,1,9,,37855,2,,,1,10,,28599,2,,,1,10,,37877,2,,,1,10,,37857,2,,,1,50,,28619,2,,,1,11,,37833,2,,,1,11,,37858,2,,,1,14,,37842,2,,,1,15,,28582,2,,,1,55,,37851,2,,,1,15,,37839,2,,,1,15,,37862,2,,,1,14,,37834,2,,,1,54,,37859,2,,,1,14,,37843,2,,,1,14,,28583,2,,,1,14,,37852,2,,,1,54,,37840,2,,,1,15,,37863,2,,,1,14,,37835,2,,,1,14,,28624,2,,,1,54,,37844,2,,,1,14,,28584,2,,,1,14,,28615,2,,,1,15,,37841,2,,,1,55,,28630,2,,,1,15,,37836,2,,,1,14,,37860,2,,,1,14,,37845,2,,,1,14,,28585,2,,,1,53,,37853,2,,,1,12,,37880,2,,,1,12,,28648,2,,,1,11,,37881,2,,,1,11,,37837,2,,,1,51,,37864,2,,,1,11,,28626,2,,,1,10,,37846,2,,,1,10,,37867,2,,,1,10,,37826,2,,,1,10,,37854,2,,,1,50,,37869,2,,,1,11,,37866,2,,,1,10,,28649,2,,,1,10,,37887,2,,,1,10,,28640,2,,,1,50,,37865,2,,,1,11,,37861,2,,,1,10,,37847,2,,,1,11,,28635,2,,,1,10,,37827,2,,,1,10,,37868,2,,,1,51,,37870,2,,,1,12,,37871,2,,,1,14,,37885,2,,,1,17,,37872,2,,,1,59,,37848,2,,,1,19,,37828,2,,,1,19,,37883,2,,,1,59,,37886,2,,,1,20,,28642,2,,,1,20,,37849,2,,,1,60,,37829,2,,,1,28,,37873,2,,,1,29,,28643,2,,,1,69,,37830,2,,,1,28,,37874,2,,,1,68,,28644,2,,,1,28,,37831,2,,,1,69,,37875,2,,,1
600000900,'2_merged_67008',543,,37898,2,,,1,71,,37888,2,,,1,31,,28686,2,,,1,70,,37899,2,,,1,31,,37889,2,,,1,71,,37910,2,,,1,30,,28675,2,,,1,64,,37919,2,,,1,22,,37890,2,,,1,23,,37911,2,,,1,64,,37900,2,,,1,24,,37920,2,,,1,64,,37891,2,,,1,24,,37912,2,,,1,25,,37901,2,,,1,65,,37921,2,,,1,25,,28666,2,,,1,65,,37913,2,,,1,25,,37902,2,,,1,65,,37922,2,,,1,25,,37892,2,,,1,25,,37914,2,,,1,65,,37903,2,,,1,25,,37923,2,,,1,65,,37893,2,,,1,25,,37915,2,,,1,25,,37904,2,,,1,65,,37924,2,,,1,25,,37894,2,,,1,65,,37916,2,,,1,25,,37905,2,,,1,63,,37925,2,,,1,24,,37895,2,,,1,24,,37917,2,,,1,63,,37906,2,,,1,23,,37926,2,,,1,25,,37896,2,,,1,70,,37918,2,,,1,72,,37907,2,,,1,31,,37897,2,,,1,70,,28696,2,,,1,31,,37908,2,,,1
600000900,'3_merged_67007',604,,37936,2,,,1,28,,37945,2,,,1,71,,37928,2,,,1,32,,37937,2,,,1,69,,37946,2,,,1,31,,37929,2,,,1,71,,37938,2,,,1,30,,28728,2,,,1,72,,28708,2,,,1,31,,28718,2,,,1,72,,37947,2,,,1,33,,37930,2,,,1,73,,28719,2,,,1,33,,37948,2,,,1,74,,37931,2,,,1,33,,37939,2,,,1,73,,37949,2,,,1,74,,37932,2,,,1,33,,37940,2,,,1,73,,37950,2,,,1,34,,37933,2,,,1,73,,37941,2,,,1,33,,37951,2,,,1,74,,37934,2,,,1,31,,37942,2,,,1,72,,28734,2,,,1,32,,37935,2,,,1,72,,37943,2,,,1,85,,37952,2,,,1,87,,37944,2,,,1
