7401,'1_merged_67006',549,,31765,20,,,1,63,,31771,36,,,1,24,,21290,69,,,1,64,,31785,69,,,1,25,,31781,69,,,1,28,,31788,69,,,1,66,,21309,69,,,1,26,,31766,69,,,1,66,,31772,69,,,1,24,,31760,69,,,1,65,,31786,69,,,1,26,,31782,69,,,1,25,,21323,69,,,1,65,,31777,69,,,1,25,,21298,69,,,1,65,,31773,69,,,1,26,,31761,69,,,1,25,,21320,69,,,1,66,,31783,69,,,1,26,,31789,69,,,1,66,,31778,69,,,1,26,,31767,69,,,1,66,,31774,69,,,1,27,,31762,69,,,1,69,,31787,69,,,1,29,,31784,69,,,1,69,,31790,69,,,1,28,,31779,69,,,1,27,,31768,69,,,1,65,,31775,69,,,1,25,,31763,69,,,1,65,,31755,69,,,1,25,,31758,69,,,1,65,,31793,69,,,1,23,,31780,69,,,1,24,,31769,69,,,1,63,,31753,69,,,1,24,,31764,69,,,1,65,,31756,69,,,1,32,,21288,69,,,1,72,,31776,69,,,1,33,,31770,69,,,1
7401,'2_merged_67008',551,,21343,20,,,1,72,,31820,36,,,1,32,,31814,69,,,1,72,,31800,69,,,1,32,,31794,69,,,1,73,,31807,69,,,1,73,,31821,69,,,1,33,,21352,69,,,1,72,,31801,69,,,1,32,,31795,69,,,1,73,,31808,69,,,1,34,,31822,69,,,1,75,,31815,69,,,1,35,,31802,69,,,1,74,,31796,69,,,1,75,,31809,69,,,1,35,,31823,69,,,1,75,,31816,69,,,1,35,,31803,69,,,1,74,,31797,69,,,1,75,,31810,69,,,1,35,,31824,69,,,1,75,,31817,69,,,1,35,,31804,69,,,1,72,,31798,69,,,1,33,,31811,69,,,1,71,,21363,69,,,1,33,,31818,69,,,1,72,,31805,69,,,1,31,,21334,69,,,1,72,,31812,69,,,1,72,,31825,69,,,1,33,,31819,69,,,1
7401,'3_merged_67007',808,,31826,69,,,1,41,,31836,69,,,1,82,,31830,69,,,1,81,,31842,69,,,1,41,,31827,69,,,1,82,,31837,69,,,1,83,,31831,69,,,1,85,,31843,69,,,1,44,,21367,69,,,1,84,,31838,69,,,1,83,,31832,69,,,1,44,,31844,69,,,1,84,,21368,69,,,1,84,,31839,69,,,1,84,,31833,69,,,1,42,,31845,69,,,1,82,,21369,69,,,1,80,,31840,69,,,1,41,,31834,69,,,1,80,,31846,69,,,1,80,,31828,69,,,1,40,,31841,69,,,1,80,,31835,69,,,1
66200,'1_merged_67006',554,,33059,42,,,1,68,,33073,42,,,1,28,,33065,42,,,1,68,,33060,42,,,1,30,,22828,42,,,1,70,,33066,42,,,1,29,,33061,42,,,1,69,,33074,42,,,1,29,,22820,42,,,1,68,,33062,42,,,1,28,,33075,42,,,1,67,,33067,42,,,1,27,,33063,42,,,1,67,,22831,42,,,1,27,,33068,42,,,1,27,,33064,42,,,1,68,,22832,42,,,1,27,,33069,42,,,1,68,,22817,42,,,1,30,,22833,42,,,1,69,,33070,42,,,1,30,,33077,42,,,1,70,,33076,42,,,1,30,,33071,42,,,1,70,,33078,42,,,1,30,,22835,42,,,1,68,,33072,42,,,1,28,,33079,42,,,1
67100,'1_merged_67006',600,,33140,33,,,1,31,,33150,33,,,1,74,,33141,33,,,1,33,,33151,33,,,1,75,,33142,33,,,1,35,,33152,33,,,1,73,,33143,33,,,1,34,,33153,33,,,1,72,,33144,33,,,1,73,,33154,33,,,1,32,,33145,33,,,1,73,,22931,33,,,1,32,,33146,33,,,1,73,,33155,33,,,1,32,,33147,33,,,1,74,,33156,33,,,1,34,,33148,33,,,1,76,,33157,33,,,1,75,,22922,33,,,1,36,,33158,33,,,1,75,,22923,33,,,1,36,,33159,33,,,1,74,,22924,33,,,1,32,,33160,33,,,1,71,,33149,33,,,1,31,,33161,33,,,1,100,,33162,33,,,1,100,,33163,33,,,1
67100,'2_merged_67008',715,,33164,33,,,1,101,,33165,33,,,1,102,,33166,33,,,1,103,,33167,33,,,1,104,,22945,33,,,1,104,,22946,33,,,1,104,,33168,33,,,1,104,,33169,33,,,1,104,,33170,33,,,1,104,,33171,33,,,1,104,,33172,33,,,1,104,,33173,33,,,1
67100,'3_merged_67007',816,,33174,33,,,1,102,,33175,33,,,1,103,,33176,33,,,1,104,,33177,33,,,1,104,,22957,33,,,1,104,,33178,33,,,1,104,,33179,33,,,1,104,,33180,33,,,1,104,,33181,33,,,1,104,,33182,33,,,1,104,,33183,33,,,1
67200,'1_merged_67006',616,,33225,32,,,1,31,,33236,32,,,1,75,,33226,32,,,1,34,,33237,32,,,1,75,,33227,32,,,1,74,,33238,32,,,1,33,,23019,32,,,1,73,,33239,32,,,1,33,,33228,32,,,1,72,,23033,32,,,1,33,,33229,32,,,1,72,,33240,32,,,1,32,,23022,32,,,1,73,,33241,32,,,1,33,,33230,32,,,1,74,,33242,32,,,1,75,,33231,32,,,1,36,,33243,32,,,1,75,,33232,32,,,1,36,,33244,32,,,1,75,,33233,32,,,1,75,,23039,32,,,1,33,,33234,32,,,1,71,,33245,32,,,1,35,,33235,32,,,1,82,,23014,32,,,1,100,,23015,32,,,1
67200,'2_merged_67008',646,,23041,32,,,1,101,,23042,32,,,1,99,,23043,32,,,1,103,,33246,32,,,1,104,,33247,32,,,1,104,,33248,32,,,1,144,,33249,32,,,1,104,,33250,32,,,1,104,,33251,32,,,1,104,,33252,32,,,1,104,,23051,32,,,1,104,,33253,32,,,1
67200,'3_merged_67007',747,,33254,32,,,1,99,,33255,32,,,1,103,,33256,32,,,1,104,,33257,32,,,1,104,,23057,32,,,1,144,,33258,32,,,1,104,,33259,32,,,1,104,,33260,32,,,1,104,,33261,32,,,1,104,,33262,32,,,1,104,,33263,32,,,1
67901,'1_merged_67006',623,,33615,18,,,1,27,,23453,18,,,1,69,,33616,18,,,1,30,,33610,18,,,1,70,,33617,18,,,1,30,,33611,18,,,1,70,,23465,18,,,1,28,,33612,18,,,1,509,,23457,18,,,1,70,,33618,18,,,1,30,,23458,18,,,1,70,,33619,18,,,1,30,,33613,18,,,1,70,,33608,18,,,1,30,,23460,18,,,1,68,,33609,18,,,1,27,,33614,18,,,1
88901,'1_merged_67006',558,,33880,23,,,1,78,,33883,23,,,1,80,,33881,23,,,1,40,,33884,23,,,1,81,,33882,23,,,1,80,,33885,23,,,1,627,,33877,23,,,1,81,,33886,23,,,1,82,,33878,23,,,1,41,,33887,23,,,1,79,,33879,23,,,1
2222201,'1_merged_67006',506,,24410,12,0,15 16 17,1,15,,24268,12,0,15 16 17,1,15,,34328,30,0,15 16 17,1,16,,34343,41,0,15 16 17,1,52,,34233,41,0,15 16 17,1,12,,24422,41,0,15 16 17,1,11,,34339,41,0,15 16 17,1,11,,34209,41,0,15 16 17,1,11,,34220,41,0,15 16 17,1,10,,24270,41,0,15 16 17,1,49,,34336,41,0,15 16 17,1,7,,34279,41,0,15 16 17,1,8,,34247,41,0,15 16 17,1,7,,34252,41,0,15 16 17,1,8,,34255,41,0,15 16 17,1,8,,34262,41,0,15 16 17,1,8,,34199,41,0,15 16 17,1,48,,34351,41,0,15 16 17,1,9,,34312,41,0,15 16 17,1,8,,34239,41,0,15 16 17,1,8,,34245,41,0,15 16 17,1,8,,34242,41,0,15 16 17,1,8,,34346,41,0,15 16 17,1,8,,34319,41,0,15 16 17,1,8,,24416,41,0,15 16 17,1,48,,34263,41,0,15 16 17,1,10,,34269,41,0,15 16 17,1,10,,24245,41,0,15 16 17,1,10,,34337,41,0,15 16 17,1,11,,34285,41,0,15 16 17,1,10,,34280,41,0,15 16 17,1,51,,24232,41,0,15 16 17,1,12,,24250,41,0,15 16 17,1,12,,34216,41,0,15 16 17,1,12,,34271,41,0,15 16 17,1,12,,34274,41,0,15 16 17,1,52,,24271,41,0,15 16 17,1,12,,34246,41,0,15 16 17,1,12,,34249,41,0,15 16 17,1,11,,24221,41,0,15 16 17,1,12,,24227,41,0,15 16 17,1,52,,34286,41,0,15 16 17,1,12,,24329,41,0,15 16 17,1,12,,34230,41,0,15 16 17,1,12,,34254,41,0,15 16 17,1,12,,34258,41,0,15 16 17,1,52,,34201,41,0,15 16 17,1,12,,24225,41,0,15 16 17,1,12,,34240,41,0,15 16 17,1,12,,24291,41,0,15 16 17,1,13,,34348,41,0,15 16 17,1,52,,34341,41,0,15 16 17,1,13,,24309,41,0,15 16 17,1,12,,34270,41,0,15 16 17,1,12,,24247,41,0,15 16 17,1,12,,34298,41,0,15 16 17,1,52,,24337,41,0,15 16 17,1,12,,34290,41,0,15 16 17,1,11,,34259,41,0,15 16 17,1,14,,34202,41,0,15 16 17,1,12,,34218,41,0,15 16 17,1,52,,34241,41,0,15 16 17,1,12,,34261,41,0,15 16 17,1,12,,34349,41,0,15 16 17,1,12,,34309,41,0,15 16 17,1,12,,34265,41,0,15 16 17,1,52,,34291,41,0,15 16 17,1,11,,24229,41,0,15 16 17,1,11,,24354,41,0,15 16 17,1,12,,34283,41,0,15 16 17,1,12,,34232,41,0,15 16 17,1,50,,24303,41,0,15 16 17,1,12,,34215,41,0,15 16 17,1,10,,34299,41,0,15 16 17,1,12,,34243,41,0,15 16 17,1,12,,34266,41,0,15 16 17,1,52,,24403,41,0,15 16 17,1,12,,34310,41,0,15 16 17,1,13,,34344,41,0,15 16 17,1,14,,34212,41,0,15 16 17,1,14,,24355,41,0,15 16 17,1,55,,24264,41,0,15 16 17,1,16,,34260,41,0,15 16 17,1,17,,24360,41,0,15 16 17,1,60,,34307,41,0,15 16 17,1,21,,24404,41,0,15 16 17,1,22,,34345,41,0,15 16 17,1,62,,34296,41,0,15 16 17,1,22,,34234,41,0,15 16 17,1,26,,34300,41,0,15 16 17,1,70,,34308,41,0,15 16 17,1,30,,34330,41,0,15 16 17,1,68,,34268,41,0,15 16 17,1,27,,34304,41,0,15 16 17,1,69,,24382,41,0,15 16 17,1,29,,34320,41,0,15 16 17,1
2222201,'2_merged_67008',535,,24460,12,0,15 16 17,1,23,,34394,12,0,15 16 17,1,60,,34352,41,0,15 16 17,1,28,,34362,41,0,15 16 17,1,68,,34390,41,0,15 16 17,1,27,,34376,41,0,15 16 17,1,67,,34395,41,0,15 16 17,1,30,,24430,41,0,15 16 17,1,70,,34363,41,0,15 16 17,1,30,,24484,41,0,15 16 17,1,67,,34377,41,0,15 16 17,1,26,,34396,41,0,15 16 17,1,23,,34353,41,0,15 16 17,1,63,,34410,41,0,15 16 17,1,25,,24445,41,0,15 16 17,1,62,,34391,41,0,15 16 17,1,22,,34378,41,0,15 16 17,1,20,,34411,41,0,15 16 17,1,60,,24491,41,0,15 16 17,1,20,,34354,41,0,15 16 17,1,20,,24510,41,0,15 16 17,1,60,,34364,41,0,15 16 17,1,21,,34392,41,0,15 16 17,1,22,,24464,41,0,15 16 17,1,60,,34412,41,0,15 16 17,1,20,,24492,41,0,15 16 17,1,21,,34355,41,0,15 16 17,1,60,,24511,41,0,15 16 17,1,20,,34365,41,0,15 16 17,1,20,,34393,41,0,15 16 17,1,62,,34379,41,0,15 16 17,1,20,,34413,41,0,15 16 17,1,21,,34397,41,0,15 16 17,1,61,,34356,41,0,15 16 17,1,20,,24512,41,0,15 16 17,1,22,,34366,41,0,15 16 17,1,68,,34373,41,0,15 16 17,1,31,,34414,41,0,15 16 17,1,72,,24435,41,0,15 16 17,1,32,,34386,41,0,15 16 17,1,71,,34419,41,0,15 16 17,1,29,,24467,41,0,15 16 17,1,71,,34399,41,0,15 16 17,1,70,,34405,41,0,15 16 17,1,30,,34367,41,0,15 16 17,1,29,,34375,41,0,15 16 17,1,69,,34416,41,0,15 16 17,1,26,,34358,41,0,15 16 17,1,69,,24477,41,0,15 16 17,1,29,,34421,41,0,15 16 17,1
2222201,'3_merged_67007',558,,34440,12,0,15 16 17,1,56,,34428,23,0,15 16 17,1,27,,24583,23,0,15 16 17,1,67,,34435,41,0,15 16 17,1,27,,34457,41,0,15 16 17,1,68,,34441,41,0,15 16 17,1,30,,34429,41,0,15 16 17,1,70,,34464,41,0,15 16 17,1,30,,34436,41,0,15 16 17,1,68,,24576,41,0,15 16 17,1,25,,34442,41,0,15 16 17,1,23,,34430,41,0,15 16 17,1,63,,34484,41,0,15 16 17,1,24,,34465,41,0,15 16 17,1,23,,34437,41,0,15 16 17,1,64,,34458,41,0,15 16 17,1,24,,34443,41,0,15 16 17,1,63,,34431,41,0,15 16 17,1,24,,34485,41,0,15 16 17,1,24,,34466,41,0,15 16 17,1,64,,34438,41,0,15 16 17,1,24,,34459,41,0,15 16 17,1,64,,34444,41,0,15 16 17,1,23,,34432,41,0,15 16 17,1,24,,34486,41,0,15 16 17,1,64,,34467,41,0,15 16 17,1,24,,34439,41,0,15 16 17,1,64,,34460,41,0,15 16 17,1,24,,24561,41,0,15 16 17,1,24,,34433,41,0,15 16 17,1,64,,34487,41,0,15 16 17,1,28,,34468,41,0,15 16 17,1,72,,24533,41,0,15 16 17,1,32,,34445,41,0,15 16 17,1,72,,24549,41,0,15 16 17,1,32,,34426,41,0,15 16 17,1,70,,34482,41,0,15 16 17,1,29,,34462,41,0,15 16 17,1,70,,34477,41,0,15 16 17,1,31,,34489,41,0,15 16 17,1,70,,34470,41,0,15 16 17,1,27,,24535,41,0,15 16 17,1,69,,34447,41,0,15 16 17,1
600000801,'1_merged_67006',548,,28354,37,,,1,53,,37636,57,,,1,13,,37641,57,,,1,12,,37647,57,,,1,12,,37661,57,,,1,13,,37660,57,,,1,50,,37665,57,,,1,9,,28338,57,,,1,9,,28377,57,,,1,7,,37643,57,,,1,7,,28378,57,,,1,7,,37654,57,,,1,7,,28379,57,,,1,7,,37667,57,,,1,46,,28375,57,,,1,6,,37710,57,,,1,6,,37649,57,,,1,6,,37705,57,,,1,7,,37681,57,,,1,6,,28337,57,,,1,6,,37637,57,,,1,6,,37642,57,,,1,6,,37687,57,,,1,6,,37648,57,,,1,46,,37666,57,,,1,7,,37673,57,,,1,7,,37672,57,,,1,7,,37678,57,,,1,7,,28370,57,,,1,8,,28371,57,,,1,11,,37684,57,,,1,53,,37644,57,,,1,14,,37655,57,,,1,14,,37668,57,,,1,14,,37650,57,,,1,14,,28402,57,,,1,54,,37638,57,,,1,14,,37688,57,,,1,14,,28391,57,,,1,14,,37679,57,,,1,54,,37662,57,,,1,13,,28406,57,,,1,13,,28349,57,,,1,13,,37656,57,,,1,54,,37669,57,,,1,14,,37651,57,,,1,14,,37682,57,,,1,14,,28341,57,,,1,14,,37689,57,,,1,54,,28392,57,,,1,14,,37680,57,,,1,15,,37663,57,,,1,13,,37685,57,,,1,55,,37645,57,,,1,14,,37657,57,,,1,14,,28384,57,,,1,9,,37699,37,,,1,7,,37652,57,,,1,7,,37708,37,,,1,47,,37683,57,,,1,8,,37702,37,,,1,7,,37639,57,,,1,7,,37703,37,,,1,7,,37690,57,,,1,6,,28437,37,,,1,7,,37693,57,,,1,6,,37704,37,,,1,6,,28393,57,,,1,46,,28435,37,,,1,6,,37695,57,,,1,6,,28335,37,,,1,6,,37664,57,,,1,6,,37706,37,,,1,7,,37686,57,,,1,6,,37696,37,,,1,6,,37701,57,,,1,6,,37700,37,,,1,5,,28428,57,,,1,45,,37646,37,,,1,5,,37658,57,,,1,6,,28430,37,,,1,5,,28431,57,,,1,7,,28385,37,,,1,8,,37653,57,,,1,7,,28433,57,,,1,7,,37709,37,,,1,8,,28343,57,,,1,51,,37691,57,,,1,12,,37694,57,,,1,11,,37674,57,,,1,11,,28420,57,,,1,13,,37707,57,,,1,55,,28422,57,,,1,19,,28365,57,,,1,19,,28386,57,,,1,60,,37640,57,,,1,20,,28414,57,,,1,24,,37675,57,,,1,65,,37697,57,,,1,25,,28366,57,,,1,65,,37670,57,,,1,24,,28415,57,,,1,25,,37676,57,,,1,65,,37698,57,,,1,25,,37659,57,,,1,66,,37671,57,,,1,24,,37692,57,,,1,65,,37677,57,,,1
600000801,'2_merged_67008',613,,37727,37,,,1,26,,37719,57,,,1,66,,37735,57,,,1,26,,37711,57,,,1,27,,37743,57,,,1,66,,37728,57,,,1,27,,37720,57,,,1,67,,37736,57,,,1,15,,37749,37,,,1,14,,37712,57,,,1,55,,37759,37,,,1,13,,37744,57,,,1,14,,37765,37,,,1,14,,37729,57,,,1,15,,37753,37,,,1,54,,37721,57,,,1,15,,37750,37,,,1,15,,28472,57,,,1,15,,37760,37,,,1,54,,37713,57,,,1,15,,37766,37,,,1,15,,37745,57,,,1,15,,37754,37,,,1,55,,37730,57,,,1,15,,37751,37,,,1,14,,37722,57,,,1,15,,37761,37,,,1,55,,37737,57,,,1,14,,37767,37,,,1,15,,28446,57,,,1,15,,37755,37,,,1,55,,28482,57,,,1,15,,37752,37,,,1,15,,28465,57,,,1,15,,37762,37,,,1,54,,28456,57,,,1,15,,37768,37,,,1,15,,37738,57,,,1,15,,37756,37,,,1,54,,37714,57,,,1,15,,28491,37,,,1,15,,28483,57,,,1,15,,37763,37,,,1,55,,37731,57,,,1,15,,37769,37,,,1,14,,37723,57,,,1,15,,37757,37,,,1,53,,37739,57,,,1,14,,28492,37,,,1,13,,37715,57,,,1,14,,28505,37,,,1,14,,37746,57,,,1,54,,37770,37,,,1,14,,37732,57,,,1,14,,37758,37,,,1,14,,37724,57,,,1,53,,28493,37,,,1,13,,37740,57,,,1,14,,37764,37,,,1,13,,37716,57,,,1,66,,37747,57,,,1,26,,37733,57,,,1,66,,37725,57,,,1,27,,37741,57,,,1,26,,37717,57,,,1,65,,37748,57,,,1,26,,37734,57,,,1,65,,37726,57,,,1,25,,37742,57,,,1,65,,37718,57,,,1
600000801,'3_merged_67007',637,,37782,37,,,1,66,,37776,57,,,1,27,,37788,57,,,1,26,,37771,57,,,1,68,,28545,57,,,1,25,,28530,57,,,1,54,,37802,37,,,1,14,,37777,57,,,1,14,,37807,37,,,1,14,,37789,57,,,1,55,,37814,37,,,1,14,,28514,57,,,1,14,,28574,37,,,1,14,,37795,57,,,1,14,,37803,37,,,1,54,,28531,57,,,1,15,,37808,37,,,1,15,,28523,57,,,1,15,,37815,37,,,1,55,,37790,57,,,1,15,,37821,37,,,1,15,,37772,57,,,1,15,,28555,37,,,1,55,,37796,57,,,1,15,,37809,37,,,1,14,,37783,57,,,1,15,,37816,37,,,1,54,,37778,57,,,1,15,,37822,37,,,1,15,,37791,57,,,1,15,,28556,37,,,1,55,,37773,57,,,1,15,,37810,37,,,1,15,,37797,57,,,1,15,,37817,37,,,1,54,,37784,57,,,1,15,,37823,37,,,1,14,,37779,57,,,1,15,,37804,37,,,1,55,,37792,57,,,1,15,,37811,37,,,1,15,,28517,57,,,1,15,,37818,37,,,1,55,,37798,57,,,1,14,,37824,37,,,1,15,,37785,57,,,1,14,,37805,37,,,1,54,,28526,57,,,1,14,,37812,37,,,1,13,,37793,57,,,1,14,,37819,37,,,1,14,,37774,57,,,1,54,,37825,37,,,1,14,,37799,57,,,1,14,,37806,37,,,1,14,,37786,57,,,1,53,,37813,37,,,1,14,,37780,57,,,1,13,,37820,37,,,1,13,,37794,57,,,1,66,,28519,57,,,1,27,,37800,57,,,1,67,,37787,57,,,1,27,,37781,57,,,1,25,,28544,57,,,1,64,,37775,57,,,1,27,,37801,57,,,1
600000901,'1_merged_67006',555,,38011,30,,,1,55,,37962,30,,,1,15,,38008,30,,,1,14,,28758,30,,,1,13,,37953,30,,,1,51,,28767,30,,,1,11,,37984,30,,,1,11,,28753,30,,,1,10,,38005,30,,,1,10,,37988,30,,,1,10,,37986,30,,,1,50,,37963,30,,,1,10,,38009,30,,,1,10,,37972,30,,,1,10,,37987,30,,,1,10,,37954,30,,,1,10,,37980,30,,,1,50,,37985,30,,,1,12,,37968,30,,,1,15,,28784,30,,,1,14,,28776,30,,,1,54,,37989,30,,,1,14,,37973,30,,,1,14,,28738,30,,,1,14,,37981,30,,,1,14,,37969,30,,,1,55,,37992,30,,,1,14,,37964,30,,,1,14,,28780,30,,,1,14,,37974,30,,,1,54,,28739,30,,,1,14,,28770,30,,,1,15,,37970,30,,,1,15,,37993,30,,,1,55,,37965,30,,,1,14,,37990,30,,,1,14,,37975,30,,,1,14,,37955,30,,,1,54,,37982,30,,,1,15,,37971,30,,,1,15,,28803,30,,,1,15,,37966,30,,,1,56,,37991,30,,,1,15,,37976,30,,,1,15,,37956,30,,,1,14,,37983,30,,,1,12,,38006,30,,,1,51,,37995,30,,,1,10,,38004,30,,,1,10,,38007,30,,,1,10,,37967,30,,,1,10,,37994,30,,,1,50,,28783,30,,,1,11,,37977,30,,,1,10,,28789,30,,,1,10,,37957,30,,,1,10,,37996,30,,,1,10,,37997,30,,,1,51,,37998,30,,,1,10,,38001,30,,,1,9,,38012,30,,,1,11,,37999,30,,,1,12,,38015,30,,,1,13,,37978,30,,,1,59,,37958,30,,,1,20,,38010,30,,,1,19,,38013,30,,,1,60,,38000,30,,,1,19,,37979,30,,,1,21,,37959,30,,,1,68,,38014,30,,,1,29,,28795,30,,,1,69,,37960,30,,,1,28,,38002,30,,,1,68,,28796,30,,,1,28,,37961,30,,,1,68,,38003,30,,,1
600000901,'2_merged_67008',606,,38016,30,,,1,31,,38037,30,,,1,70,,38027,30,,,1,31,,38017,30,,,1,71,,28837,30,,,1,30,,28826,30,,,1,71,,38018,30,,,1,31,,38038,30,,,1,71,,38028,30,,,1,24,,38047,30,,,1,64,,38019,30,,,1,24,,38039,30,,,1,25,,38029,30,,,1,64,,38048,30,,,1,25,,28817,30,,,1,65,,38040,30,,,1,25,,38030,30,,,1,25,,38049,30,,,1,65,,38020,30,,,1,25,,38041,30,,,1,65,,38031,30,,,1,25,,38050,30,,,1,25,,38021,30,,,1,65,,38042,30,,,1,25,,38032,30,,,1,65,,38051,30,,,1,25,,38022,30,,,1,65,,38043,30,,,1,25,,38033,30,,,1,23,,38052,30,,,1,65,,38023,30,,,1,24,,38044,30,,,1,64,,38034,30,,,1,23,,38053,30,,,1,25,,38024,30,,,1,70,,38045,30,,,1,31,,38035,30,,,1,71,,38025,30,,,1,30,,38046,30,,,1,71,,38036,30,,,1,31,,38026,30,,,1
600000901,'3_merged_67007',625,,38071,18,,,1,31,,38054,30,,,1,71,,38063,30,,,1,29,,38072,30,,,1,71,,38055,30,,,1,31,,38064,30,,,1,70,,28876,30,,,1,72,,38056,30,,,1,31,,28866,30,,,1,72,,38073,30,,,1,33,,28857,30,,,1,72,,28867,30,,,1,33,,38074,30,,,1,74,,38057,30,,,1,33,,38065,30,,,1,73,,38075,30,,,1,34,,38058,30,,,1,73,,38066,30,,,1,73,,38076,30,,,1,34,,38059,30,,,1,73,,38067,30,,,1,33,,38077,30,,,1,74,,38060,30,,,1,31,,38068,30,,,1,72,,38078,30,,,1,32,,38061,30,,,1,72,,38069,30,,,1,31,,28883,30,,,1,71,,38062,30,,,1,32,,38070,30,,,1,85,,38079,30,,,1
