'15072-special',1900,75240,0,'Logan',1
'15074-special',1900,94040,0,'Logan',1
'15076-special',1900,113140,0,'Logan',1
'15078-special',1900,132740,0,'Logan',1
'15080-special',1900,152340,0,'Logan',1
'15082-special',1900,171840,0,'Logan',1
'15084-special',1900,192340,0,'Logan',1
'15088-special',1900,224940,0,'Logan',1
'15093-special',1900,65840,0,'Logan',1
'15095-special',1900,84540,0,'Logan',1
'15097-special',1900,103540,0,'Logan',1
'15099-special',1900,122940,0,'Logan',1
'15101-special',1900,142540,0,'Logan',1
'15103-special',1900,162140,0,'Logan',1
'15105-special',1900,181340,0,'Logan',1
'15109-special',1900,214140,0,'Logan',1
'15130-special',1900,203340,0,'Logan',1
'15134-special',1900,235610,0,'Logan',1
'1merged62061',1900,51910,0,'Logan',1,2600,0,'Logan',1,6600,0,'Logan',1,2330,0,'Logan',1,1900,0,'Logan',1,5870,0,'Logan',1,2000,0,'Logan',1,1800,0,'Logan',1,5800,0,'Logan',1,2200,0,'Logan',1,2100,0,'Logan',1,6130,0,'Logan',1,2200,0,'Logan',1,7500,0,'Logan',1,3900,0,'Logan',1,7900,0,'Logan',1,7900,0,'Logan',1,4000,0,'Logan',1,7900,0,'Logan',1,7800,0,'Logan',1,4000,0,'Logan',1,7570,0,'Logan',1,1930,0,'Logan',1,1900,0,'Logan',1,5970,0,'Logan',1,2230,0,'Logan',1,6470,0,'Logan',1,2800,0,'Logan',1,7530,0,'Logan',1,3570,0,'Logan',1,7800,0,'Logan',1,8700,0,'Logan',1,5100,0,'Logan',1,9000,0,'Logan',1,8900,0,'Logan',1,8900,0,'Logan',1,8900,0,'Logan',1,8900,0,'Logan',1,4600,0,'Logan',1
'2merged62062',1900,51940,0,'Logan',1,3800,0,'Logan',1,8000,0,'Logan',1,8100,0,'Logan',1,8200,0,'Logan',1,4300,0,'Logan',1,8400,0,'Logan',1,8400,0,'Logan',1,4400,0,'Logan',1,8400,0,'Logan',1,8600,0,'Logan',1,8600,0,'Logan',1,4600,0,'Logan',1,8600,0,'Logan',1,8600,0,'Logan',1,8600,0,'Logan',1,8700,0,'Logan',1,4700,0,'Logan',1,8800,0,'Logan',1,9300,0,'Logan',1,9300,0,'Logan',1,9100,0,'Logan',1,9100,0,'Logan',1,5100,0,'Logan',1,8970,0,'Logan',1,8900,0,'Logan',1,9000,0,'Logan',1
'3merged62063',1900,65840,0,'Logan',1,9400,0,'Logan',1,9300,0,'Logan',1,9500,0,'Logan',1,9500,0,'Logan',1,9600,0,'Logan',1,9800,0,'Logan',1,9800,0,'Logan',1,9800,0,'Logan',1,9800,0,'Logan',1,9800,0,'Logan',1,9700,0,'Logan',1,9500,0,'Logan',1,11000,0,'Logan',1,11000,0,'Logan',1,10800,0,'Logan',1,10800,0,'Logan',1,10670,0,'Logan',1
'1merged62061',2600,54040,,'',1,8400,,'',1,8400,,'',1,4400,,'',1,8400,,'',1,8400,,'',1,8400,,'',1,4400,,'',1,8500,,'',1,8500,,'',1,8500,,'',1,4500,,'',1,8500,,'',1,8500,,'',1,8500,,'',1,4500,,'',1,8500,,'',1,8300,0,'Portage & Tylehurst',1
'2merged62062',2600,75240,,'',1,8400,,'',1,8400,,'',1,8400,,'',1,4400,,'',1,8500,,'',1,8500,,'',1,8500,,'',1,4500,,'',1,8500,,'',1,8500,,'',1,8500,,'',1,4500,,'',1,8500,,'',1,8300,0,'Portage & Tylehurst',1
