'15072-special',1900,75310,0,'Logan',1
'15074-special',1900,94110,0,'Logan',1
'15076-special',1900,113210,0,'Logan',1
'15078-special',1900,132810,0,'Logan',1
'15080-special',1900,152410,0,'Logan',1
'15082-special',1900,171910,0,'Logan',1
'15084-special',1900,192410,0,'Logan',1
'15088-special',1900,225010,0,'Logan',1
'15093-special',1900,65910,0,'Logan',1
'15095-special',1900,84610,0,'Logan',1
'15097-special',1900,103610,0,'Logan',1
'15099-special',1900,123010,0,'Logan',1
'15101-special',1900,142610,0,'Logan',1
'15103-special',1900,162210,0,'Logan',1
'15105-special',1900,181410,0,'Logan',1
'15109-special',1900,214210,0,'Logan',1
'15130-special',1900,203410,0,'Logan',1
'15134-special',1900,235640,0,'Logan',1
'1merged62061',1900,51940,0,'Logan',1,2600,0,'Logan',1,6600,0,'Logan',1,2370,0,'Logan',1,1900,0,'Logan',1,5830,0,'Logan',1,2000,0,'Logan',1,1800,0,'Logan',1,5800,0,'Logan',1,2200,0,'Logan',1,2100,0,'Logan',1,6170,0,'Logan',1,2200,0,'Logan',1,7500,0,'Logan',1,3900,0,'Logan',1,7900,0,'Logan',1,7900,0,'Logan',1,4000,0,'Logan',1,7900,0,'Logan',1,7800,0,'Logan',1,4000,0,'Logan',1,7530,0,'Logan',1,1970,0,'Logan',1,1900,0,'Logan',1,5930,0,'Logan',1,2270,0,'Logan',1,6430,0,'Logan',1,2800,0,'Logan',1,7570,0,'Logan',1,3530,0,'Logan',1,7800,0,'Logan',1,8700,0,'Logan',1,5100,0,'Logan',1,9000,0,'Logan',1,8900,0,'Logan',1,8900,0,'Logan',1,8900,0,'Logan',1,8900,0,'Logan',1,4600,0,'Logan',1
'2merged62062',1900,52010,0,'Logan',1,3800,0,'Logan',1,8000,0,'Logan',1,8100,0,'Logan',1,8200,0,'Logan',1,4300,0,'Logan',1,8400,0,'Logan',1,8400,0,'Logan',1,4400,0,'Logan',1,8400,0,'Logan',1,8600,0,'Logan',1,8600,0,'Logan',1,4600,0,'Logan',1,8600,0,'Logan',1,8600,0,'Logan',1,8600,0,'Logan',1,8700,0,'Logan',1,4700,0,'Logan',1,8800,0,'Logan',1,9300,0,'Logan',1,9300,0,'Logan',1,9100,0,'Logan',1,9100,0,'Logan',1,5100,0,'Logan',1,8930,0,'Logan',1,8900,0,'Logan',1,9000,0,'Logan',1
'3merged62063',1900,65910,0,'Logan',1,9400,0,'Logan',1,9300,0,'Logan',1,9500,0,'Logan',1,9500,0,'Logan',1,9600,0,'Logan',1,9800,0,'Logan',1,9800,0,'Logan',1,9800,0,'Logan',1,9800,0,'Logan',1,9800,0,'Logan',1,9700,0,'Logan',1,9500,0,'Logan',1,11000,0,'Logan',1,11000,0,'Logan',1,10800,0,'Logan',1,10800,0,'Logan',1,10630,0,'Logan',1
'1merged62061',2600,54100,,'',1,8400,,'',1,8400,,'',1,4400,,'',1,8400,,'',1,8400,,'',1,8400,,'',1,4400,,'',1,8500,,'',1,8500,,'',1,8500,,'',1,4500,,'',1,8500,,'',1,8500,,'',1,8500,,'',1,4500,,'',1,8500,,'',1,8300,0,'Portage & Tylehurst',1
'2merged62062',2600,75300,,'',1,8400,,'',1,8400,,'',1,8400,,'',1,4400,,'',1,8500,,'',1,8500,,'',1,8500,,'',1,4500,,'',1,8500,,'',1,8500,,'',1,8500,,'',1,4500,,'',1,8500,,'',1,8300,0,'Portage & Tylehurst',1
