3800,'1',529,,753,,,1,71,,741,,,1,27,,748,,,1,24,,755,,,1,61,,754,,,1,20,,762,,,1,20,,742,,,1,60,,766,,,1,19,,771,,,1,20,,756,,,1,67,,767,,,1,29,,772,,,1,68,,763,,,1,29,,757,,,1,67,,768,,,1,28,,773,,,1,68,,764,,,1,29,,758,,,1,68,,769,,,1,28,,774,,,1,68,,765,,,1,29,,759,,,1,29,,770,,,1,70,,775,,,1,22,,778,,,1,60,,745,,,1,19,,760,,,1,20,,780,,,1,59,,777,,,1,20,,776,,,1,19,,779,,,1,60,,746,,,1,20,,761,,,1,19,,740,,,1,60,,781,,,1,19,,751,,,1,27,,749,,,1,67,,743,,,1,27,,747,,,1,67,,752,,,1,27,,750,,,1,66,,744,,,1,52,,739,,,1
3800,'2',628,,782,,,1,73,,791,,,1,33,,800,,,1,75,,783,,,1,34,,792,,,1,74,,801,,,1,27,,809,,,1,66,,784,,,1,26,,793,,,1,66,,802,,,1,27,,810,,,1,27,,785,,,1,66,,794,,,1,27,,803,,,1,67,,811,,,1,28,,786,,,1,67,,795,,,1,27,,804,,,1,67,,812,,,1,28,,787,,,1,67,,796,,,1,27,,805,,,1,27,,813,,,1,68,,788,,,1,27,,797,,,1,67,,806,,,1,27,,814,,,1,67,,789,,,1,27,,798,,,1,67,,807,,,1,28,,815,,,1,27,,790,,,1,67,,799,,,1,26,,808,,,1,66,,816,,,1
3800,'3',725,,826,,,1,34,,817,,,1,73,,835,,,1,75,,827,,,1,35,,818,,,1,74,,836,,,1,36,,828,,,1,75,,819,,,1,75,,837,,,1,36,,829,,,1,76,,820,,,1,36,,838,,,1,77,,830,,,1,76,,821,,,1,36,,839,,,1,77,,831,,,1,36,,822,,,1,76,,840,,,1,76,,832,,,1,36,,823,,,1,75,,841,,,1,36,,833,,,1,75,,824,,,1,75,,842,,,1,35,,834,,,1,74,,825,,,1
44000,'1',606,,2559,,,1,43,,2560,,,1,62,,2576,,,1,22,,2561,,,1,22,,2577,,,1,63,,2562,,,1,85,,2563,,,1,44,,2564,,,1,85,,2565,,,1,85,,2566,,,1,85,,2567,,,1,46,,2568,,,1,86,,2569,,,1,86,,2570,,,1,87,,2571,,,1,24,,2554,,,1,24,,2572,,,1,64,,2555,,,1,24,,2573,,,1,64,,2556,,,1,24,,2574,,,1,23,,2557,,,1,63,,2575,,,1,22,,2558,,,1
400001000,'1',607,,5155,,,1,17,,5191,,,1,13,,5173,,,1,14,,5147,,,1,52,,5175,,,1,12,,5162,,,1,11,,5166,,,1,12,,5167,,,1,12,,5136,,,1,51,,5156,,,1,12,,5165,,,1,12,,5140,,,1,12,,5174,,,1,12,,5148,,,1,61,,5163,,,1,23,,5168,,,1,23,,5157,,,1,63,,5141,,,1,22,,5149,,,1,62,,5164,,,1,22,,5169,,,1,22,,5158,,,1,63,,5142,,,1,22,,5150,,,1,22,,5176,,,1,63,,5170,,,1,24,,5159,,,1,62,,5143,,,1,23,,5151,,,1,23,,5177,,,1,63,,5171,,,1,12,,5182,,,1,11,,5160,,,1,13,,5187,,,1,53,,5144,,,1,13,,5195,,,1,13,,5152,,,1,12,,5189,,,1,13,,5178,,,1,53,,5137,,,1,12,,5172,,,1,13,,5183,,,1,12,,5161,,,1,13,,5188,,,1,53,,5145,,,1,12,,5184,,,1,11,,5153,,,1,11,,5190,,,1,12,,5179,,,1,61,,5193,,,1,22,,5138,,,1,20,,5146,,,1,59,,5154,,,1,21,,5180,,,1,21,,5194,,,1,61,,5139,,,1,33,,5185,,,1,73,,5181,,,1,33,,5192,,,1,73,,5186,,,1
400001000,'2',644,,5196,,,1,68,,5213,,,1,27,,5205,,,1,67,,5221,,,1,26,,5197,,,1,22,,5229,,,1,62,,5214,,,1,23,,5206,,,1,63,,5222,,,1,22,,5198,,,1,23,,5230,,,1,64,,5215,,,1,23,,5207,,,1,23,,5223,,,1,63,,5199,,,1,23,,5231,,,1,64,,5216,,,1,24,,5208,,,1,23,,5224,,,1,63,,5200,,,1,23,,5232,,,1,64,,5217,,,1,24,,5209,,,1,23,,5225,,,1,63,,5201,,,1,23,,5233,,,1,64,,5218,,,1,24,,5210,,,1,22,,5226,,,1,63,,5202,,,1,23,,5234,,,1,23,,5219,,,1,63,,5211,,,1,22,,5227,,,1,62,,5203,,,1,20,,5235,,,1,22,,5220,,,1,62,,5212,,,1,21,,5228,,,1,74,,5204,,,1
400001000,'3',722,,5236,,,1,35,,5245,,,1,78,,5253,,,1,77,,5237,,,1,37,,5246,,,1,78,,5254,,,1,78,,5238,,,1,39,,5247,,,1,79,,5255,,,1,79,,5239,,,1,39,,5248,,,1,79,,5256,,,1,39,,5240,,,1,79,,5249,,,1,79,,5257,,,1,39,,5241,,,1,79,,5250,,,1,78,,5258,,,1,39,,5242,,,1,77,,5251,,,1,77,,5259,,,1,35,,5243,,,1,76,,5252,,,1,36,,5260,,,1,75,,5244,,,1
400001700,'1',550,,6972,,,1,62,,6983,,,1,15,,6980,,,1,13,,6999,,,1,13,,6978,,,1,53,,6993,,,1,13,,7011,,,1,14,,7007,,,1,14,,7017,,,1,53,,6984,,,1,14,,7018,,,1,15,,7000,,,1,27,,6994,,,1,67,,7008,,,1,27,,6985,,,1,68,,7001,,,1,27,,6995,,,1,66,,7009,,,1,27,,6986,,,1,67,,7002,,,1,27,,6996,,,1,27,,7010,,,1,67,,6987,,,1,28,,7003,,,1,69,,6997,,,1,15,,7027,,,1,14,,7012,,,1,55,,7026,,,1,14,,6988,,,1,11,,7019,,,1,10,,6971,,,1,9,,7004,,,1,50,,7022,,,1,10,,6976,,,1,10,,6998,,,1,11,,7024,,,1,11,,7028,,,1,11,,7013,,,1,50,,7021,,,1,10,,7029,,,1,10,,6989,,,1,11,,6981,,,1,10,,7020,,,1,10,,7005,,,1,50,,6979,,,1,10,,7023,,,1,10,,6975,,,1,9,,6982,,,1,9,,7025,,,1,10,,7014,,,1,66,,6990,,,1,23,,7006,,,1,65,,6977,,,1,25,,7015,,,1,26,,6991,,,1,65,,6973,,,1,24,,6974,,,1,65,,7016,,,1,25,,6992,,,1
400001700,'2',619,,7030,,,1,26,,7046,,,1,65,,7037,,,1,26,,7055,,,1,67,,7031,,,1,26,,7047,,,1,27,,7038,,,1,66,,7056,,,1,27,,7032,,,1,66,,7048,,,1,22,,7063,,,1,22,,7039,,,1,62,,7057,,,1,23,,7033,,,1,62,,7049,,,1,22,,7064,,,1,23,,7040,,,1,63,,7058,,,1,23,,7034,,,1,63,,7050,,,1,22,,7065,,,1,23,,7041,,,1,63,,7059,,,1,23,,7035,,,1,23,,7051,,,1,62,,7066,,,1,23,,7042,,,1,63,,7060,,,1,23,,7036,,,1,22,,7052,,,1,67,,7067,,,1,27,,7043,,,1,67,,7061,,,1,28,,7053,,,1,66,,7068,,,1,25,,7044,,,1,26,,7062,,,1,67,,7054,,,1,26,,7069,,,1,66,,7045,,,1
400001700,'3',714,,7070,,,1,26,,7087,,,1,67,,7079,,,1,27,,7096,,,1,66,,7071,,,1,26,,7088,,,1,27,,7080,,,1,68,,7097,,,1,27,,7072,,,1,67,,7089,,,1,28,,7081,,,1,68,,7098,,,1,28,,7073,,,1,69,,7090,,,1,29,,7082,,,1,68,,7099,,,1,29,,7074,,,1,69,,7091,,,1,28,,7083,,,1,28,,7100,,,1,69,,7075,,,1,29,,7092,,,1,68,,7084,,,1,27,,7101,,,1,69,,7076,,,1,28,,7093,,,1,66,,7085,,,1,26,,7102,,,1,66,,7077,,,1,25,,7094,,,1,26,,7086,,,1,65,,7103,,,1,32,,7078,,,1,73,,7095,,,1
600000900,'1',552,,9091,,,1,53,,9086,,,1,14,,9172,,,1,13,,9102,,,1,13,,9092,,,1,12,,9088,,,1,51,,9103,,,1,11,,9094,,,1,11,,9104,,,1,10,,9093,,,1,10,,9178,,,1,50,,9105,,,1,9,,9106,,,1,10,,9107,,,1,10,,9089,,,1,10,,9118,,,1,10,,9087,,,1,10,,9188,,,1,50,,9095,,,1,13,,9173,,,1,15,,9179,,,1,14,,9112,,,1,55,,9108,,,1,15,,9119,,,1,14,,9128,,,1,14,,9096,,,1,54,,9174,,,1,14,,9180,,,1,14,,9113,,,1,15,,9109,,,1,55,,9120,,,1,15,,9129,,,1,14,,9097,,,1,14,,9169,,,1,14,,9181,,,1,54,,9114,,,1,15,,9110,,,1,15,,9121,,,1,15,,9130,,,1,55,,9098,,,1,14,,9170,,,1,15,,9177,,,1,14,,9115,,,1,52,,9134,,,1,14,,9139,,,1,12,,9140,,,1,12,,9145,,,1,12,,9090,,,1,51,,9132,,,1,11,,9171,,,1,10,,9157,,,1,10,,9160,,,1,10,,9143,,,1,10,,9148,,,1,51,,9100,,,1,10,,9187,,,1,10,,9141,,,1,10,,9146,,,1,9,,9159,,,1,10,,9117,,,1,50,,9149,,,1,9,,9168,,,1,9,,9162,,,1,10,,9144,,,1,9,,9125,,,1,12,,9101,,,1,52,,9182,,,1,17,,9151,,,1,17,,9150,,,1,59,,9163,,,1,19,,9175,,,1,19,,9183,,,1,60,,9152,,,1,19,,9176,,,1,20,,9164,,,1,67,,9184,,,1,28,,9126,,,1,69,,9165,,,1,28,,9185,,,1,68,,9127,,,1,28,,9166,,,1,29,,9186,,,1
600000900,'2',551,,9214,,,1,70,,9202,,,1,31,,9191,,,1,71,,9215,,,1,30,,9203,,,1,71,,9192,,,1,31,,9216,,,1,71,,9204,,,1,24,,9226,,,1,63,,9193,,,1,23,,9217,,,1,65,,9205,,,1,24,,9227,,,1,25,,9194,,,1,65,,9218,,,1,25,,9206,,,1,65,,9228,,,1,25,,9195,,,1,25,,9219,,,1,65,,9207,,,1,25,,9229,,,1,65,,9196,,,1,25,,9220,,,1,65,,9208,,,1,25,,9230,,,1,25,,9197,,,1,65,,9221,,,1,25,,9209,,,1,64,,9231,,,1,25,,9198,,,1,24,,9222,,,1,64,,9210,,,1,22,,9232,,,1,64,,9199,,,1,24,,9223,,,1,23,,9211,,,1,63,,9233,,,1,25,,9200,,,1,70,,9224,,,1,31,,9212,,,1,71,,9201,,,1,30,,9225,,,1,71,,9213,,,1
600000900,'3',610,,9245,,,1,32,,9234,,,1,68,,9255,,,1,31,,9246,,,1,72,,9235,,,1,29,,9256,,,1,72,,9247,,,1,31,,9236,,,1,71,,9257,,,1,32,,9248,,,1,72,,9237,,,1,33,,9258,,,1,74,,9249,,,1,73,,9238,,,1,33,,9259,,,1,74,,9250,,,1,33,,9239,,,1,73,,9260,,,1,34,,9251,,,1,73,,9240,,,1,33,,9261,,,1,74,,9252,,,1,32,,9241,,,1,73,,9262,,,1,72,,9253,,,1,31,,9242,,,1,71,,9263,,,1,32,,9254,,,1,72,,9243,,,1,45,,9264,,,1,86,,9244,,,1
62400000300,'1',543,,9882,,,1,14,,9916,,,1,54,,9887,,,1,14,,9890,,,1,11,,9898,,,1,12,,9907,,,1,52,,9915,,,1,9,,9892,,,1,8,,9899,,,1,6,,9891,,,1,6,,9924,,,1,5,,9889,,,1,6,,9935,,,1,5,,9934,,,1,5,,9893,,,1,5,,9948,,,1,45,,9920,,,1,5,,9906,,,1,6,,9939,,,1,5,,9956,,,1,5,,9911,,,1,5,,9947,,,1,6,,9883,,,1,6,,9955,,,1,6,,9917,,,1,12,,9930,,,1,52,,9943,,,1,10,,9949,,,1,11,,9952,,,1,11,,9957,,,1,11,,9963,,,1,52,,9966,,,1,10,,9900,,,1,11,,9925,,,1,11,,9936,,,1,11,,9894,,,1,10,,9921,,,1,50,,9940,,,1,11,,9912,,,1,11,,9884,,,1,11,,9918,,,1,11,,9931,,,1,50,,9944,,,1,11,,9950,,,1,11,,9953,,,1,11,,9958,,,1,11,,9964,,,1,11,,9967,,,1,51,,9901,,,1,11,,9926,,,1,11,,9937,,,1,11,,9895,,,1,10,,9922,,,1,52,,9941,,,1,11,,9913,,,1,11,,9885,,,1,11,,9919,,,1,12,,9932,,,1,10,,9945,,,1,51,,9969,,,1,12,,9951,,,1,9,,9954,,,1,9,,9959,,,1,7,,9965,,,1,6,,9975,,,1,6,,9968,,,1,46,,9977,,,1,6,,9902,,,1,6,,9982,,,1,6,,9927,,,1,6,,9984,,,1,6,,9938,,,1,6,,9985,,,1,6,,9896,,,1,6,,9978,,,1,6,,9923,,,1,46,,9995,,,1,6,,9942,,,1,6,,9971,,,1,6,,9914,,,1,6,,9990,,,1,6,,9886,,,1,6,,9994,,,1,6,,9983,,,1,6,,9997,,,1,6,,9908,,,1,46,,9933,,,1,6,,9946,,,1,6,,9989,,,1,7,,9970,,,1,8,,9991,,,1,10,,9996,,,1,10,,9960,,,1,53,,9976,,,1,12,,9903,,,1,13,,9928,,,1,15,,9986,,,1,64,,9979,,,1,24,,9972,,,1,24,,9909,,,1,64,,9992,,,1,23,,9961,,,1,63,,9904,,,1,22,,9987,,,1,22,,9980,,,1,63,,9973,,,1,22,,9910,,,1,23,,9993,,,1,61,,9962,,,1,22,,9905,,,1,62,,9988,,,1,22,,9981,,,1,23,,9974,,,1
62400000300,'2',545,,10023,,,1,62,,10037,,,1,22,,10003,,,1,21,,10029,,,1,61,,10016,,,1,21,,9998,,,1,21,,10009,,,1,62,,10024,,,1,23,,10038,,,1,63,,10004,,,1,22,,10030,,,1,23,,10017,,,1,62,,9999,,,1,22,,10010,,,1,19,,10051,,,1,57,,10025,,,1,17,,10039,,,1,16,,10045,,,1,17,,10005,,,1,57,,10031,,,1,17,,10018,,,1,17,,10057,,,1,56,,10000,,,1,16,,10011,,,1,17,,10052,,,1,17,,10026,,,1,57,,10040,,,1,17,,10046,,,1,17,,10006,,,1,57,,10032,,,1,17,,10019,,,1,17,,10058,,,1,16,,10001,,,1,56,,10012,,,1,17,,10053,,,1,17,,10027,,,1,17,,10041,,,1,57,,10047,,,1,17,,10007,,,1,17,,10033,,,1,57,,10020,,,1,17,,10059,,,1,16,,10002,,,1,16,,10013,,,1,57,,10054,,,1,17,,10028,,,1,16,,10042,,,1,57,,10048,,,1,17,,10008,,,1,17,,10034,,,1,21,,10021,,,1,62,,10060,,,1,23,,10014,,,1,63,,10055,,,1,22,,10043,,,1,22,,10049,,,1,64,,10035,,,1,22,,10022,,,1,21,,10061,,,1,61,,10015,,,1,22,,10056,,,1,62,,10044,,,1,22,,10050,,,1,23,,10036,,,1
62400000300,'3',655,,10068,,,1,70,,10078,,,1,31,,10062,,,1,70,,10073,,,1,32,,10085,,,1,72,,10069,,,1,70,,10079,,,1,25,,10096,,,1,19,,10063,,,1,61,,10074,,,1,21,,10091,,,1,21,,10086,,,1,60,,10102,,,1,22,,10070,,,1,21,,10080,,,1,61,,10097,,,1,21,,10064,,,1,21,,10075,,,1,61,,10092,,,1,21,,10087,,,1,21,,10103,,,1,61,,10071,,,1,21,,10081,,,1,21,,10098,,,1,61,,10065,,,1,21,,10076,,,1,61,,10093,,,1,21,,10088,,,1,21,,10104,,,1,61,,10072,,,1,21,,10082,,,1,21,,10099,,,1,61,,10066,,,1,21,,10077,,,1,20,,10094,,,1,67,,10089,,,1,28,,10105,,,1,67,,10083,,,1,27,,10100,,,1,66,,10067,,,1,26,,10095,,,1,26,,10090,,,1,67,,10106,,,1,26,,10084,,,1,65,,10101,,,1
