22400,'1',553,,2086,11,,,1,69,,2095,11,,,1,28,,2104,11,,,1,69,,2087,11,,,1,30,,2096,11,,,1,70,,2105,11,,,1,30,,2088,11,,,1,70,,2097,11,,,1,30,,2106,11,,,1,69,,2089,11,,,1,29,,2098,11,,,1,69,,2107,11,,,1,29,,2090,11,,,1,69,,2099,11,,,1,29,,2108,11,,,1,69,,2091,11,,,1,29,,2100,11,,,1,69,,2109,11,,,1,15,,2085,11,0,5 6,1,15,,2092,11,,,1,15,,2080,11,0,5 6,1,55,,2101,11,,,1,16,,2083,11,0,5 6,1,15,,2110,11,,,1,16,,2082,11,0,5 6,1,56,,2093,11,,,1,16,,2114,11,0,5 6,1,16,,2102,11,,,1,55,,2084,11,0,5 6,1,15,,2111,11,,,1,16,,2081,11,0,5 6,1,16,,2094,11,,,1,56,,2079,11,0,5 6,1,16,,2103,11,,,1,31,,2112,11,,,1
22400,'2',645,,2115,11,,,1,81,,2124,11,,,1,81,,2116,11,,,1,41,,2125,11,,,1,81,,2117,11,,,1,82,,2126,11,,,1,42,,2118,11,,,1,84,,2127,11,,,1,83,,2119,11,,,1,84,,2128,11,,,1,43,,2120,11,,,1,84,,2129,11,,,1,83,,2121,11,,,1,44,,2130,11,,,1,83,,2122,11,,,1,84,,2131,11,,,1,83,,2123,11,,,1,44,,2132,11,,,1
22401,'1',533,,2158,20,,,1,68,,2168,37,,,1,29,,2177,37,,,1,15,,2153,20,,,1,14,,2159,37,,,1,55,,2155,20,,,1,15,,2169,37,,,1,15,,2152,20,,,1,15,,2178,37,,,1,55,,2156,20,,,1,15,,2160,37,,,1,15,,2154,20,,,1,15,,2170,37,,,1,55,,2157,20,,,1,15,,2179,37,,,1,28,,2161,37,,,1,69,,2171,37,,,1,29,,2180,37,,,1,69,,2162,37,,,1,29,,2172,37,,,1,69,,2181,37,,,1,29,,2163,37,,,1,69,,2173,37,,,1,30,,2182,37,,,1,70,,2164,37,,,1,30,,2174,37,,,1,71,,2183,37,,,1,32,,2165,37,,,1,71,,2175,37,,,1,31,,2184,37,,,1,72,,2166,37,,,1,32,,2176,37,,,1,70,,2185,37,,,1,30,,2167,37,,,1
22401,'2',705,,2195,37,,,1,41,,2186,37,,,1,81,,2196,37,,,1,81,,2187,37,,,1,42,,2197,37,,,1,82,,2188,37,,,1,83,,2198,37,,,1,44,,2189,37,,,1,84,,2199,37,,,1,83,,2190,37,,,1,84,,2200,37,,,1,43,,2191,37,,,1,84,,2201,37,,,1,83,,2192,37,,,1,84,,2202,37,,,1,43,,2193,37,,,1,84,,2203,37,,,1,82,,2194,37,,,1
400001200,'1',506,,5661,3,,,1,21,,5703,3,,,1,20,,5665,3,,,1,60,,5662,3,,,1,17,,5667,3,,,1,11,,5660,3,,,1,11,,5713,3,,,1,10,,5666,3,,,1,50,,5704,3,,,1,10,,5663,3,,,1,10,,5706,3,,,1,10,,5668,3,,,1,11,,5705,3,,,1,12,,5702,3,,,1,54,,5676,3,,,1,17,,5664,3,,,1,18,,5669,3,,,1,58,,5683,3,,,1,17,,5677,3,,,1,18,,5689,3,,,1,17,,5670,3,,,1,57,,5684,3,,,1,17,,5678,3,,,1,17,,5690,3,,,1,57,,5671,3,,,1,17,,5685,3,,,1,17,,5679,3,,,1,17,,5691,3,,,1,57,,5672,3,,,1,17,,5686,3,,,1,17,,5680,3,,,1,57,,5692,3,,,1,18,,5673,3,,,1,17,,5687,3,,,1,17,,5681,3,,,1,57,,5693,3,,,1,17,,5674,3,,,1,19,,5688,3,,,1,59,,5682,3,,,1,18,,5694,3,,,1,20,,5675,3,,,1,60,,5695,3,,,1,20,,5696,3,,,1,20,,5714,3,,,1,60,,5717,3,,,1,21,,5701,3,,,1,21,,5716,3,,,1,61,,5715,3,,,1,20,,5707,3,,,1,22,,5719,3,,,1,62,,5697,3,,,1,23,,5718,3,,,1,22,,5720,3,,,1,63,,5698,3,,,1,31,,5708,3,,,1,70,,5699,3,,,1,30,,5709,3,,,1,71,,5700,3,,,1,31,,5710,3,,,1,102,,5711,3,,,1,101,,5712,3,,,1
400001200,'2',554,,5721,3,,,1,66,,5741,3,,,1,26,,5722,3,,,1,66,,5742,3,,,1,26,,5723,3,,,1,66,,5743,3,,,1,26,,5724,3,,,1,27,,5744,3,,,1,67,,5725,3,,,1,27,,5745,3,,,1,68,,5726,3,,,1,28,,5746,3,,,1,69,,5727,3,,,1,28,,5747,3,,,1,69,,5728,3,,,1,29,,5748,3,,,1,70,,5729,3,,,1,29,,5749,3,,,1,70,,5730,3,,,1,29,,5750,3,,,1,70,,5731,3,,,1,29,,5751,3,,,1,70,,5732,3,,,1,29,,5752,3,,,1,70,,5733,3,,,1,29,,5753,3,,,1,70,,5734,3,,,1,29,,5754,3,,,1,68,,5735,3,,,1,29,,5755,3,,,1,68,,5736,3,,,1,27,,5756,3,,,1,28,,5737,3,,,1,66,,5757,3,,,1,27,,5738,3,,,1,67,,5758,3,,,1,27,,5739,3,,,1,66,,5759,3,,,1,25,,5740,3,,,1
400001200,'3',646,,5760,3,,,1,66,,5777,3,,,1,26,,5761,3,,,1,66,,5778,3,,,1,26,,5762,3,,,1,27,,5779,3,,,1,67,,5763,3,,,1,27,,5780,3,,,1,68,,5764,3,,,1,28,,5781,3,,,1,69,,5765,3,,,1,28,,5782,3,,,1,69,,5766,3,,,1,29,,5783,3,,,1,70,,5767,3,,,1,29,,5784,3,,,1,70,,5768,3,,,1,29,,5785,3,,,1,70,,5769,3,,,1,29,,5786,3,,,1,70,,5770,3,,,1,29,,5787,3,,,1,70,,5771,3,,,1,29,,5788,3,,,1,70,,5772,3,,,1,29,,5789,3,,,1,68,,5773,3,,,1,29,,5790,3,,,1,68,,5774,3,,,1,27,,5791,3,,,1,28,,5775,3,,,1,66,,5792,3,,,1,27,,5776,3,,,1,67,,5793,3,,,1
400001300,'1',516,,5986,3,,,1,21,,5937,3,,,1,20,,5941,3,,,1,60,,5942,3,,,1,13,,5939,3,,,1,11,,5938,3,,,1,10,,5969,3,,,1,50,,5932,3,,,1,10,,5958,3,,,1,10,,5950,3,,,1,10,,5943,3,,,1,10,,5970,3,,,1,11,,5940,3,,,1,52,,5968,3,,,1,18,,5959,3,,,1,18,,5951,3,,,1,18,,5944,3,,,1,57,,5971,3,,,1,18,,5960,3,,,1,17,,5952,3,,,1,57,,5945,3,,,1,17,,5972,3,,,1,17,,5961,3,,,1,17,,5953,3,,,1,57,,5946,3,,,1,17,,5973,3,,,1,17,,5962,3,,,1,57,,5954,3,,,1,17,,5947,3,,,1,17,,5974,3,,,1,17,,5963,3,,,1,57,,5955,3,,,1,17,,5948,3,,,1,17,,5975,3,,,1,57,,5964,3,,,1,17,,5956,3,,,1,18,,5949,3,,,1,19,,5976,3,,,1,59,,5965,3,,,1,19,,5957,3,,,1,20,,5931,3,,,1,60,,5983,3,,,1,20,,5933,3,,,1,20,,5966,3,,,1,60,,5929,3,,,1,21,,5984,3,,,1,62,,5934,3,,,1,20,,5985,3,,,1,20,,5930,3,,,1,63,,5981,3,,,1,21,,5977,3,,,1,24,,5967,3,,,1,63,,5982,3,,,1,27,,5978,3,,,1,70,,5987,3,,,1,31,,5979,3,,,1,70,,5988,3,,,1,31,,5980,3,,,1,86,,5935,3,,,1,101,,5936,3,,,1
400001300,'2',607,,5989,3,,,1,26,,6009,3,,,1,26,,5990,3,,,1,66,,6010,3,,,1,26,,5991,3,,,1,66,,6011,3,,,1,27,,5992,3,,,1,67,,6012,3,,,1,27,,5993,3,,,1,67,,6013,3,,,1,28,,5994,3,,,1,68,,6014,3,,,1,29,,5995,3,,,1,28,,6015,3,,,1,70,,5996,3,,,1,29,,6016,3,,,1,70,,5997,3,,,1,29,,6017,3,,,1,70,,5998,3,,,1,29,,6018,3,,,1,70,,5999,3,,,1,29,,6019,3,,,1,70,,6000,3,,,1,29,,6020,3,,,1,70,,6001,3,,,1,29,,6021,3,,,1,70,,6002,3,,,1,28,,6022,3,,,1,68,,6003,3,,,1,29,,6023,3,,,1,67,,6004,3,,,1,28,,6024,3,,,1,67,,6005,3,,,1,27,,6025,3,,,1,66,,6006,3,,,1,27,,6026,3,,,1,27,,6007,3,,,1,65,,6027,3,,,1,26,,6008,3,,,1
400001300,'3',633,,6028,3,,,1,26,,6046,3,,,1,66,,6029,3,,,1,26,,6047,3,,,1,66,,6030,3,,,1,27,,6048,3,,,1,67,,6031,3,,,1,27,,6049,3,,,1,67,,6032,3,,,1,28,,6050,3,,,1,68,,6033,3,,,1,29,,6051,3,,,1,28,,6034,3,,,1,70,,6052,3,,,1,29,,6035,3,,,1,70,,6053,3,,,1,29,,6036,3,,,1,70,,6054,3,,,1,29,,6037,3,,,1,70,,6055,3,,,1,29,,6038,3,,,1,70,,6056,3,,,1,29,,6039,3,,,1,70,,6057,3,,,1,29,,6040,3,,,1,70,,6058,3,,,1,28,,6041,3,,,1,68,,6059,3,,,1,29,,6042,3,,,1,67,,6060,3,,,1,28,,6043,3,,,1,67,,6061,3,,,1,27,,6044,3,,,1,66,,6062,3,,,1,27,,6045,3,,,1
