7400,'1_merged_67006',603,,31687,35,4,,1,24,,21214,35,4,,1,25,,21200,70,4,,1,65,,31670,70,4,,1,26,,31676,70,4,,1,66,,21182,70,4,,1,26,,31691,70,4,,1,66,,31688,70,4,,1,26,,21215,70,4,,1,24,,31682,70,4,,1,66,,31671,70,4,,1,25,,31677,70,4,,1,65,,31666,70,4,,1,26,,21211,70,4,,1,26,,31689,70,4,,1,66,,31694,70,4,,1,25,,31683,70,4,,1,66,,21189,70,4,,1,25,,31678,70,4,,1,66,,31667,70,4,,1,25,,31692,70,4,,1,27,,31690,70,4,,1,68,,31695,70,4,,1,28,,31684,70,4,,1,54,,31662,35,4,,1,14,,31672,70,4,,1,14,,21175,35,4,,1,14,,31679,70,4,,1,54,,31697,35,4,,1,14,,31668,70,4,,1,28,,31693,70,4,,1,65,,21179,70,4,,1,25,,31696,70,4,,1,67,,31685,70,4,,1,24,,31673,70,4,,1,24,,31680,70,4,,1,64,,31669,70,4,,1,24,,31663,70,4,,1,65,,21180,70,4,,1,25,,21221,70,4,,1,25,,31686,70,4,,1,65,,31674,70,4,,1,32,,31698,70,4,,1,72,,31664,70,4,,1,32,,31665,70,4,,1
7400,'2_merged_67008',610,,31705,51,4,,1,32,,31699,70,4,,1,73,,31712,70,4,,1,32,,31725,70,4,,1,72,,31719,70,4,,1,32,,31706,70,4,,1,72,,31700,70,4,,1,33,,31713,70,4,,1,73,,31726,70,4,,1,74,,21244,70,4,,1,33,,31707,70,4,,1,73,,31701,70,4,,1,35,,31714,70,4,,1,75,,31727,70,4,,1,35,,31720,70,4,,1,75,,31708,70,4,,1,74,,31702,70,4,,1,35,,31715,70,4,,1,75,,31728,70,4,,1,35,,31721,70,4,,1,75,,31709,70,4,,1,34,,31703,70,4,,1,75,,31716,70,4,,1,72,,21254,70,4,,1,34,,31722,70,4,,1,74,,31710,70,4,,1,31,,31704,70,4,,1,72,,31717,70,4,,1,32,,31729,70,4,,1,73,,31723,70,4,,1,32,,31711,70,4,,1,72,,21228,70,4,,1,32,,31718,70,4,,1
7400,'3_merged_67007',812,,31735,70,4,,1,40,,21276,70,4,,1,81,,31731,70,4,,1,81,,31742,70,4,,1,43,,31736,70,4,,1,82,,31748,70,4,,1,84,,31732,70,4,,1,83,,31743,70,4,,1,43,,31737,70,4,,1,84,,31749,70,4,,1,84,,21259,70,4,,1,84,,31744,70,4,,1,44,,31738,70,4,,1,84,,31750,70,4,,1,83,,21260,70,4,,1,42,,31745,70,4,,1,82,,31739,70,4,,1,82,,31751,70,4,,1,41,,31733,70,4,,1,80,,31746,70,4,,1,80,,31740,70,4,,1,40,,31752,70,4,,1,80,,31734,70,4,,1
7401,'1_merged_67006',522,,21290,1,,,1,23,,31785,1,,,1,63,,31781,1,,,1,24,,31788,1,,,1,25,,21309,1,,,1,65,,31766,1,,,1,26,,31772,1,,,1,66,,31760,1,,,1,28,,31786,1,,,1,66,,31782,1,,,1,25,,21323,1,,,1,25,,31777,1,,,1,65,,21298,1,,,1,25,,31773,1,,,1,66,,31761,1,,,1,25,,21320,1,,,1,66,,31783,1,,,1,26,,31789,1,,,1,25,,31778,1,,,1,66,,31767,1,,,1,25,,31774,1,,,1,67,,31762,1,,,1,27,,31787,1,,,1,63,,31784,1,,,1,14,,31791,1,0,5 6,1,14,,31790,1,,,1,68,,31779,1,,,1,14,,31754,1,0,5 6,1,14,,31768,1,,,1,29,,31775,1,,,1,68,,31763,1,,,1,27,,31755,1,,,1,66,,31758,1,,,1,26,,31793,1,,,1,65,,31780,1,,,1,24,,31769,1,,,1,24,,31753,1,,,1,65,,31764,1,,,1,26,,31756,1,,,1,72,,21288,1,,,1,32,,31776,1,,,1,73,,31770,1,,,1,32,,31792,1,0,5 6,1,72,,31757,1,0,5 6,1,72,,31759,1,0,5 6,1
7401,'2_merged_67008',543,,31814,1,,,1,72,,31800,1,,,1,32,,31794,1,,,1,73,,31807,1,,,1,33,,31821,1,,,1,71,,21352,1,,,1,32,,31801,1,,,1,72,,31795,1,,,1,73,,31808,1,,,1,33,,31822,1,,,1,74,,31815,1,,,1,33,,31802,1,,,1,73,,31796,1,,,1,35,,31809,1,,,1,75,,31823,1,,,1,35,,31816,1,,,1,75,,31803,1,,,1,74,,31797,1,,,1,35,,31810,1,,,1,75,,31824,1,,,1,35,,31817,1,,,1,75,,31804,1,,,1,74,,31798,1,,,1,35,,31811,1,,,1,72,,21363,1,,,1,34,,31818,1,,,1,74,,31805,1,,,1,31,,21334,1,,,1,72,,31812,1,,,1,32,,31825,1,,,1,73,,31819,1,,,1,32,,31806,1,0,5 6,1,72,,31799,1,0,5 6,1,72,,31813,1,0,5 6,1
7401,'3_merged_67007',656,,31826,1,,,1,81,,31836,1,,,1,81,,31830,1,,,1,40,,31842,1,,,1,81,,31827,1,,,1,81,,31837,1,,,1,82,,31831,1,,,1,42,,31843,1,,,1,84,,21367,1,,,1,84,,31838,1,,,1,43,,31832,1,,,1,84,,31844,1,,,1,84,,21368,1,,,1,84,,31839,1,,,1,44,,31833,1,,,1,83,,31845,1,,,1,84,,21369,1,,,1,82,,31840,1,,,1,42,,31834,1,,,1,82,,31846,1,,,1,80,,31828,1,,,1,40,,31841,1,,,1,80,,31835,1,,,1,80,,31847,1,0,5 6,1,40,,31829,1,0,5 6,1
33201,'1_merged_67006',540,,32312,18,,,1,76,,32301,18,,,1,36,,32313,18,,,1,77,,32302,18,,,1,78,,32314,18,,,1,38,,32303,18,,,1,78,,32315,18,,,1,77,,32304,18,,,1,37,,32316,18,,,1,77,,32305,18,,,1,37,,32317,18,,,1,77,,32306,18,,,1,77,,32318,18,,,1,37,,32307,18,,,1,77,,32319,18,,,1,37,,32308,18,,,1,78,,21959,18,,,1,78,,32309,18,,,1,38,,32320,18,,,1,78,,32310,18,,,1,78,,32321,18,,,1,37,,32311,18,,,1,76,,32322,18,,,1
33601,'1_merged_67006',512,,32430,1,,,1,35,,32438,18,,,1,76,,32432,18,,,1,78,,32446,18,,,1,38,,32439,18,,,1,69,,32431,1,,,1,10,,22086,18,,,1,38,,32447,18,,,1,77,,32440,18,,,1,77,,32433,18,,,1,37,,32448,18,,,1,77,,32441,18,,,1,77,,32434,18,,,1,37,,32449,18,,,1,77,,32442,18,,,1,37,,32435,18,,,1,77,,32450,18,,,1,77,,32443,18,,,1,40,,32436,18,,,1,78,,32451,18,,,1,78,,32444,18,,,1,40,,32437,18,,,1,78,,32452,18,,,1,36,,32445,18,,,1
33601,'2_merged_67008',644,,32459,18,,,1,93,,32453,18,,,1,93,,32460,18,,,1,94,,32454,18,,,1,95,,32461,18,,,1,95,,32455,18,,,1,96,,32462,18,,,1,95,,32456,18,,,1,96,,32463,18,,,1,56,,32457,18,,,1,95,,32464,18,,,1,96,,22112,18,,,1,95,,32465,18,,,1,96,,32458,18,,,1
88400,'1_merged_67006',639,,33790,24,4,,1,93,,23666,24,4,,1,94,,33791,24,4,,1,91,,23668,24,4,,1,585,,33792,24,4,,1,54,,33793,24,4,,1,95,,33794,24,4,,1,95,,23672,24,4,,1,94,,33795,24,4,,1
88401,'1_merged_67006',552,,23674,1,,,1,90,,33796,1,,,1,93,,23676,1,,,1,94,,33797,1,,,1,676,,23678,1,,,1,54,,23679,1,,,1,95,,23680,1,,,1,95,,33798,1,,,1
400001000,'1_merged_67006',520,,34499,1,,,1,17,,34501,1,,,1,14,,34510,1,,,1,51,,34520,1,,,1,11,,34493,1,,,1,10,,34527,1,,,1,10,,34503,1,,,1,11,,34519,1,,,1,10,,34539,1,,,1,52,,34500,1,,,1,12,,34522,1,,,1,12,,34502,1,,,1,12,,24635,1,,,1,13,,34521,1,,,1,52,,34494,1,,,1,23,,34504,1,,,1,23,,24653,1,,,1,63,,34523,1,,,1,22,,34511,1,,,1,63,,24617,1,,,1,22,,34505,1,,,1,22,,34528,1,,,1,62,,34524,1,,,1,23,,34512,1,,,1,22,,34495,1,,,1,62,,34506,1,,,1,22,,34529,1,,,1,22,,34525,1,,,1,62,,34513,1,,,1,23,,34496,1,,,1,61,,34507,1,,,1,23,,34530,1,,,1,23,,34526,1,,,1,52,,24659,1,,,1,11,,34514,1,,,1,11,,24665,1,,,1,12,,24620,1,,,1,12,,34492,1,,,1,53,,34508,1,,,1,12,,34534,1,,,1,13,,24657,1,,,1,12,,34535,1,,,1,13,,24667,1,,,1,53,,34532,1,,,1,12,,34515,1,,,1,13,,34536,1,,,1,12,,34497,1,,,1,12,,34541,1,,,1,53,,34509,1,,,1,23,,34531,1,,,1,23,,24668,1,,,1,62,,34516,1,,,1,22,,34498,1,,,1,70,,34540,1,,,1,33,,34537,1,,,1,73,,34517,1,,,1,34,,34542,1,,,1,73,,24670,1,,,1,33,,34518,1,,,1,74,,24676,1,,,1,33,,34538,1,,,1
400001000,'2_merged_67008',600,,24677,1,,,1,29,,24695,1,,,1,28,,34552,1,,,1,66,,34567,1,,,1,25,,34543,1,,,1,65,,34559,1,,,1,26,,34553,1,,,1,66,,34568,1,,,1,24,,34544,1,,,1,22,,34576,1,,,1,62,,34560,1,,,1,22,,34554,1,,,1,21,,34569,1,,,1,62,,34545,1,,,1,22,,24716,1,,,1,62,,34561,1,,,1,22,,34555,1,,,1,22,,34570,1,,,1,62,,34546,1,,,1,22,,34577,1,,,1,23,,34562,1,,,1,63,,34556,1,,,1,22,,34571,1,,,1,62,,34547,1,,,1,22,,34578,1,,,1,23,,34563,1,,,1,63,,34557,1,,,1,22,,24710,1,,,1,22,,34548,1,,,1,62,,34579,1,,,1,23,,34564,1,,,1,63,,34558,1,,,1,22,,34572,1,,,1,23,,34549,1,,,1,63,,34580,1,,,1,24,,34565,1,,,1,73,,34573,1,,,1,34,,34550,1,,,1,74,,34566,1,,,1,33,,34574,1,,,1,73,,34551,1,,,1,34,,24704,1,,,1,73,,34575,1,,,1,33,,24687,1,,,1
400001000,'3_merged_67007',620,,34581,1,,,1,33,,34597,1,,,1,73,,34588,1,,,1,74,,24722,1,,,1,34,,34598,1,,,1,75,,34589,1,,,1,34,,24723,1,,,1,76,,34599,1,,,1,36,,24733,1,,,1,77,,24724,1,,,1,76,,34600,1,,,1,37,,34590,1,,,1,77,,34582,1,,,1,37,,24745,1,,,1,77,,34591,1,,,1,78,,34583,1,,,1,37,,34601,1,,,1,77,,34592,1,,,1,78,,34584,1,,,1,37,,34602,1,,,1,77,,34593,1,,,1,37,,34585,1,,,1,75,,34603,1,,,1,73,,34594,1,,,1,34,,34586,1,,,1,74,,34604,1,,,1,33,,34595,1,,,1,73,,34587,1,,,1,34,,34605,1,,,1,73,,34596,1,,,1
400001001,'1_merged_67006',547,,34624,21,4,,1,56,,34607,47,4,,1,17,,24763,47,4,,1,15,,34633,47,4,,1,13,,34654,47,4,,1,52,,34614,47,4,,1,12,,34635,47,4,,1,12,,34616,47,4,,1,12,,34625,47,4,,1,13,,34634,47,4,,1,52,,34608,47,4,,1,11,,34641,47,4,,1,12,,34617,47,4,,1,11,,24783,47,4,,1,12,,24792,47,4,,1,12,,34615,47,4,,1,52,,34636,47,4,,1,22,,24773,47,4,,1,22,,34609,47,4,,1,62,,34618,47,4,,1,22,,34642,47,4,,1,62,,34637,47,4,,1,23,,34626,47,4,,1,23,,34610,47,4,,1,62,,34619,47,4,,1,22,,34643,47,4,,1,22,,34638,47,4,,1,62,,34627,47,4,,1,22,,34611,47,4,,1,22,,34620,47,4,,1,62,,24795,47,4,,1,23,,34639,47,4,,1,63,,34628,47,4,,1,12,,24804,21,4,,1,12,,24757,47,4,,1,12,,34606,21,4,,1,12,,34621,47,4,,1,53,,34646,47,4,,1,12,,34644,47,4,,1,13,,24802,47,4,,1,12,,34640,47,4,,1,13,,34645,47,4,,1,53,,34629,47,4,,1,12,,34649,47,4,,1,13,,34612,47,4,,1,12,,34653,47,4,,1,52,,34622,47,4,,1,12,,34647,47,4,,1,12,,24797,47,4,,1,11,,34648,47,4,,1,12,,34650,47,4,,1,61,,34630,47,4,,1,22,,34613,47,4,,1,21,,34623,47,4,,1,62,,24798,47,4,,1,21,,34651,47,4,,1,21,,34631,47,4,,1,62,,34656,47,4,,1,24,,34655,47,4,,1,73,,34652,47,4,,1,33,,34632,47,4,,1,74,,24814,47,4,,1,33,,24809,47,4,,1,73,,24781,47,4,,1
400001001,'2_merged_67008',645,,34666,47,4,,1,69,,34683,47,4,,1,27,,34657,47,4,,1,66,,34674,47,4,,1,26,,34667,47,4,,1,67,,34684,47,4,,1,24,,34658,47,4,,1,21,,34692,47,4,,1,62,,34675,47,4,,1,21,,34668,47,4,,1,21,,34685,47,4,,1,63,,34659,47,4,,1,22,,34693,47,4,,1,23,,34676,47,4,,1,62,,34669,47,4,,1,22,,34686,47,4,,1,62,,34660,47,4,,1,22,,24855,47,4,,1,23,,34677,47,4,,1,63,,34670,47,4,,1,22,,34687,47,4,,1,22,,34661,47,4,,1,62,,34694,47,4,,1,23,,34678,47,4,,1,63,,34671,47,4,,1,22,,34688,47,4,,1,22,,34662,47,4,,1,62,,34695,47,4,,1,23,,34679,47,4,,1,23,,34672,47,4,,1,62,,24849,47,4,,1,22,,34663,47,4,,1,61,,34696,47,4,,1,21,,34680,47,4,,1,20,,34673,47,4,,1,59,,34689,47,4,,1,34,,34664,47,4,,1,74,,34681,47,4,,1,33,,34690,47,4,,1,73,,34665,47,4,,1,33,,34682,47,4,,1,74,,34691,47,4,,1,33,,24824,47,4,,1,74,,24842,47,4,,1
400001001,'3_merged_67007',721,,34705,47,4,,1,34,,34697,47,4,,1,74,,34714,47,4,,1,74,,34706,47,4,,1,35,,24860,47,4,,1,76,,34715,47,4,,1,35,,24871,47,4,,1,77,,24861,47,4,,1,77,,34716,47,4,,1,37,,34707,47,4,,1,77,,34698,47,4,,1,37,,34717,47,4,,1,77,,34708,47,4,,1,78,,34699,47,4,,1,37,,24883,47,4,,1,77,,34709,47,4,,1,78,,34700,47,4,,1,37,,34718,47,4,,1,77,,34710,47,4,,1,37,,34701,47,4,,1,75,,34719,47,4,,1,73,,34711,47,4,,1,34,,34702,47,4,,1,74,,34720,47,4,,1,33,,34712,47,4,,1,73,,34703,47,4,,1,33,,34721,47,4,,1,74,,34713,47,4,,1,33,,34704,47,4,,1
