22,2200,'1_merged_67024',1,10835,10836,10837,10838,10839,10840,10841,10842,10843,10844,10845,10846,10847,10848,10849,17,10850,19,20,21,10851,10852,10853,10854,10855,10856,10857,10858,30,10859,10860,33,34,10861,36,37,10862,10863,10864
22,2200,'2_merged_67026',10865,10866,10867,10868,10869,10870,47,48,10871,10872,10873,10874,10875,10876,55,56,10877,10878,10879,10880,10881,10882,10883,64,10884,10885,10886,10887,10888,10889,10890,10891,10892,10893,10894
22,2200,'3_merged_67025',10895,10896,10897,10898,10899,10900,82,10901,10902,10903,10904,10905,10906,10907,10908,10909,10910,10911,10912,10913,10914,10915,10916,10917
22,2201,'1_merged_67024',100,10918,10919,103,10920,10921,106,10922,10923,10924,10925,10926,10927,10928,10929,10930,10931,117,10932,10933,10934,121,10935,10936,10937,10938,10939,10940,10941,10942,10943,131,10944,10945,134,10946,10947,137,10948,10949,10950,10951,10952
22,2201,'2_merged_67026',10953,10954,10955,10956,10957,10958,149,150,151,10959,10960,10961,10962,10963,10964,158,159,160,10965,10966,10967,10968,10969,10970,10971,168,10972,10973,10974,10975,10976,10977,10978,10979,10980,10981
22,2201,'3_merged_67025',10982,10983,10984,10985,10986,184,10987,10988,10989,10990,10991,10992,10993,10994,10995,10996,10997,10998,10999,11000,11001,11002,11003,11004
28,2800,'1_merged_67024',11005,204,11006,11007,11008,11009,11010,11011,11012,11013,213,11014,215,11015,217,218,219,11016,11017,11018,223,224,11019,11020,227,11021,11022,230,11023,11024,11025,11026,11027,11028,237,238,239,11029,11030,11031,11032,11033,11034,11035,247,11036,11037,11038,251,11039,253,11040
28,2800,'2_merged_67026',11041,11042,257,11043,11044,11045,11046,11047,11048,264,11049,11050,11051,11052,11053,11054,11055,11056,11057,11058,11059,11060,11061,11062,11063,11064,11065,11066,11067,11068,11069,11070
28,2800,'3_merged_67025',287,288,289,290,291,292,293,294,295,296,297,298,299,300,301,302,303,304,305,306,307,308
28,2801,'1_merged_67024',11071,11072,11073,11074,313,11075,11076,11077,11078,11079,11080,11081,321,11082,323,11083,11084,326,11085,328,11086,330,331,11087,11088,11089,11090,11091,11092,338,11093,11094,341,11095,11096,11097,11098,11099,347,348,349,11100,11101,11102,11103,11104,355,11105,11106,11107,359,11108,361
28,2801,'2_merged_67026',11109,363,11110,11111,11112,11113,11114,11115,370,11116,11117,11118,11119,11120,11121,11122,378,11123,11124,11125,11126,11127,11128,11129,11130,11131,11132,11133,11134,11135,11136,11137
28,2801,'3_merged_67025',394,395,396,397,398,399,400,401,402,403,404,405,406,407,408,409,410,411,412,413,414,415
31,3100,'1_merged_67024',416,417,11138,11139,11140,11141,11142,11143,11144,11145,426,11146,11147,11148,11149,11150,11151,11152,11153,11154,11155,437,11156,11157,11158,11159,11160,11161,11162,11163,11164,11165,11166,449,11167,11168,11169,11170,11171,11172,11173,11174,11175,11176,460
31,3100,'2_merged_67026',11177,11178,463,464,465,466,467,468,469,470,471,472,473,474,475,476,477,478,479,480,481,482,483,484,485,486,487,488
31,3100,'3_merged_67025',489,490,11179,11180,493,11181,11182,496,11183,11184,499,11185,11186,11187,11188,504,11189,11190,507
31,3101,'1_merged_67024',11191,11192,11193,11194,11195,11196,11197,11198,11199,11200,518,11201,11202,11203,11204,11205,11206,11207,11208,11209,11210,11211,530,11212,11213,11214,11215,11216,11217,11218,11219,11220,11221,11222,542,11223,11224,11225,11226,11227,11228,11229,11230
31,3101,'2_merged_67026',11231,11232,11233,554,555,556,557,558,559,560,561,562,563,564,565,566,567,568,569,570,571,572,573,574,575,576,577,578
31,3101,'3_merged_67025',579,11234,11235,582,11236,11237,585,11238,11239,588,11240,11241,591,11242,593,11243,11244,596,11245
37,3700,'1_merged_67024',11246,599,11247,11248,11249,11250,11251,605,11252,11253,11254,11255,11256,611,612,613,11257,11258,11259,11260,11261,11262,11263,11264,11265,623,11266,11267,11268,11269,11270,629,11271,631
37,3700,'2_merged_67026',11272,11273,11274,11275,11276,11277,11278,639,11279,11280,11281,11282,11283,11284,11285,11286,11287,11288,11289
37,3700,'3_merged_67025',651,11290,11291,654,11292,11293,657,11294,11295,660,11296,11297,663,11298,11299,666,11300
37,3701,'1_merged_67024',11301,669,670,671,11302,11303,11304,11305,11306,11307,11308,11309,11310,11311,11312,11313,684,11314,11315,11316,11317,11318,11319,11320,11321,11322,694,11323,11324,11325,11326,11327,11328,11329,11330
37,3701,'2_merged_67026',11331,11332,11333,11334,11335,11336,11337,11338,11339,11340,11341,11342,11343,716,11344,11345,11346,11347,11348
37,3701,'3_merged_67025',722,11349,11350,725,11351,11352,11353,11354,11355,11356,11357,11358,11359,11360,11361,11362,738
38,3800,'1_merged_67024',11363,740,11364,11365,11366,11367,745,11368,11369,11370,749,750,11371,11372,11373,11374,11375,11376,11377,758,11378,11379,11380,11381,11382,764,11383,11384,11385,11386,11387,11388,11389,11390,11391,11392,775,11393,11394,11395,11396,780,11397
38,3800,'2_merged_67026',11398,783,11399,11400,11401,11402,11403,11404,11405,11406,11407,11408,11409,11410,11411,11412,798,11413,11414,11415,11416,11417,11418,805,11419,11420,11421,11422,11423,11424,11425,11426,11427,11428,11429
38,3800,'3_merged_67025',11430,11431,11432,11433,11434,11435,11436,11437,825,11438,11439,11440,11441,11442,11443,11444,11445,11446,835,11447,11448,11449,11450,11451,11452,11453
38,3801,'1_merged_67024',11454,11455,11456,11457,11458,11459,849,850,11460,11461,11462,854,11463,11464,11465,11466,11467,11468,861,11469,11470,11471,11472,11473,11474,868,11475,11476,11477,11478,11479,11480,11481,11482,11483,11484,879,11485,11486,11487,11488,11489,885,11490
38,3801,'2_merged_67026',887,11491,11492,11493,11494,11495,11496,11497,11498,896,11499,11500,11501,11502,11503,11504,11505,904,11506,11507,11508,11509,11510,11511,911,11512,11513,11514,11515,11516,11517,11518,11519,11520,11521,11522
38,3801,'3_merged_67025',11523,11524,11525,11526,11527,11528,11529,11530,11531,11532,11533,11534,11535,11536,11537,11538,11539,11540,11541,942,11542,11543,11544,11545,11546,11547,11548
39,3900,'1_merged_67024',950,11549,952,953,11550,11551,11552,11553,11554,11555,11556,11557,11558,11559,11560,11561,966,11562,11563,11564,11565,11566,11567,11568,11569,11570,11571,977,11572,11573,11574,11575,11576,11577,984
39,3900,'2_merged_67026',985,11578,11579,11580,11581,11582,11583,11584,11585,11586,11587,11588,11589,11590,999,11591,11592,11593,11594
39,3900,'3_merged_67025',11595,1005,1006,11596,11597,11598,11599,11600,11601,11602,11603,11604,11605,11606,11607,1019,11608
39,3901,'1_merged_67024',1021,11609,11610,11611,11612,11613,1027,11614,11615,11616,11617,11618,11619,1034,1035,11620,11621,11622,11623,11624,11625,11626,11627,11628,11629,1046,11630,11631,11632,11633,11634,11635,11636,11637,1055
39,3901,'2_merged_67026',11638,11639,11640,11641,11642,11643,11644,11645,1064,11646,11647,11648,11649,11650,11651,11652,11653,11654,11655
39,3901,'3_merged_67025',11656,1076,11657,11658,1079,11659,11660,1082,11661,11662,1085,11663,11664,1088,11665,11666,1091
43,4300,'1_merged_67024',11667,1093,11668,11669,1096,11670,11671,11672,1100,11673,11674,11675,11676,11677,11678,11679,11680,11681,11682,11683,11684,11685,11686,11687,11688,11689,1118,1119,11690,11691,11692,1123,1124,1125,1126,1127,11693,11694,11695,11696,1132,1133,11697,11698,11699,1137,1138
43,4300,'2_merged_67026',11700,11701,11702,11703,11704,11705,11706,11707,11708,11709,11710,1150,11711,11712,11713,11714,11715,11716,11717,11718,11719,11720,11721,11722,11723,1164,11724,11725,11726
43,4300,'3_merged_67025',11727,1169,11728,11729,11730,11731,11732,11733,1176,11734,11735,11736,11737,11738,11739,1183,11740,11741
43,4301,'1_merged_67024',11742,1187,11743,11744,11745,1191,11746,11747,11748,11749,11750,11751,11752,11753,11754,11755,11756,11757,11758,11759,11760,11761,11762,1209,11763,11764,11765,11766,11767,1215,1216,1217,1218,1219,1220,11768,11769,11770,1224,1225,1226,11771,11772,11773,11774,11775
43,4301,'2_merged_67026',11776,11777,11778,11779,11780,11781,11782,11783,11784,11785,11786,1243,11787,11788,11789,11790,11791,11792,1250,11793,11794,11795,11796,11797,11798,1257,11799,11800,11801
43,4301,'3_merged_67025',11802,11803,1263,11804,11805,11806,11807,11808,11809,11810,11811,11812,11813,11814,1275,11815,11816,11817
48,4800,'1_merged_67024',11818,11819,11820,1282,1283,11821,11822,11823,1287,11824,11825,11826,1291,1292,11827,11828,1295,1296,1297,11829,11830,1300,1301,1302,11831,11832,11833,11834,11835,11836,1309,1310,1311,11837,11838
48,4800,'2_merged_67026',11839,11840,11841,11842,11843,11844,11845,11846,11847,11848,11849,11850,11851,11852,11853,11854,11855,11856,11857,11858,11859,1335,1336,1337,1338,1339,1340,1341,1342
48,4800,'3_merged_67025',11860,11861,11862,11863,11864,11865,11866,11867,11868,11869,11870,11871,11872,11873
48,4801,'1_merged_67024',11874,11875,11876,1360,1361,1362,1363,1364,11877,1366,1367,11878,11879,1370,11880,1372,1373,1374,11881,11882,11883,1378,1379,1380,11884,11885,11886,11887,11888,1386,1387,11889,11890
48,4801,'2_merged_67026',11891,11892,11893,11894,11895,11896,11897,11898,11899,11900,11901,11902,11903,11904,11905,11906,11907,11908,11909,11910,11911,11912,1412,1413,1414,1415,1416,1417,1418
48,4801,'3_merged_67025',11913,11914,11915,11916,11917,11918,11919,11920,11921,11922,11923,11924,11925
70,7000,'1_merged_67024',11926,11927,11928,11929,11930,11931,1438,11932,11933,11934,11935,11936,11937,1445,11938,11939,11940,11941,11942,11943,11944,11945,1454,11946,11947,11948,11949,11950,11951,11952,11953,11954,11955,11956,1466,11957,11958,11959,11960,11961,11962,1473,1474
70,7000,'2_merged_67026',1475,1476,1477,1478,1479,1480,1481,1482,1483,1484,1485,11963,11964,11965,11966,11967,1491,11968,11969,11970,11971,11972,11973,11974,1499,11975,11976,11977,11978,11979,11980,11981,11982,1508
70,7000,'3_merged_67025',11983,11984,11985,1512,1513,1514,1515,1516,1517,1518,1519,1520,1521,1522,1523,1524,1525,1526,1527,1528
70,7001,'1_merged_67024',11986,11987,11988,11989,11990,11991,11992,11993,1537,11994,11995,11996,11997,11998,11999,12000,1545,12001,12002,12003,12004,12005,12006,12007,1553,12008,12009,12010,12011,12012,12013,12014,12015,12016,1563,12017,12018,12019,12020,12021,12022,12023,1571,1572
70,7001,'2_merged_67026',1573,1574,1575,1576,1577,1578,1579,1580,1581,1582,12024,12025,12026,12027,12028,1588,12029,12030,12031,12032,12033,12034,1595,12035,12036,12037,12038,12039,12040,12041,12042,1604,12043
70,7001,'3_merged_67025',12044,12045,12046,1609,1610,1611,1612,1613,1614,1615,1616,1617,1618,1619,1620,1621,1622,1623,1624,1625
74,7400,'1_merged_67024',12047,12048,12049,12050,12051,12052,12053,12054,12055,12056,12057,12058,12059,12060,12061,12062,1642,12063,12064,12065,12066,12067,12068,12069,1650,12070,12071,12072,12073,12074,12075,12076,12077,12078,12079,12080,1662,1663,12081,12082,12083,12084,12085,12086,12087,12088,12089,12090,12091,12092,1676,12093,12094,12095,1680,12096,12097,12098,12099
74,7400,'2_merged_67026',12100,12101,1687,12102,12103,12104,12105,12106,12107,1694,12108,12109,12110,12111,12112,1700,12113,12114,12115,12116,1705,12117,12118,12119,12120,12121,12122,12123,1713,12124,12125,12126,12127,12128
74,7400,'3_merged_67025',1719,1720,1721,1722,1723,1724,1725,1726,1727,1728,1729,1730,1731,1732,1733,1734,1735,1736,1737
74,7401,'1_merged_67024',12129,12130,12131,12132,1742,12133,12134,12135,12136,12137,12138,12139,12140,1751,12141,12142,12143,12144,12145,12146,12147,12148,12149,12150,1762,12151,12152,12153,12154,12155,12156,12157,12158,12159,12160,12161,12162,12163,12164,12165,12166,12167,12168,12169,12170,12171,12172,12173,12174,12175,12176,12177,1790,12178,1792,12179,12180,12181,12182
74,7401,'2_merged_67026',12183,12184,12185,1800,12186,12187,12188,12189,12190,12191,1807,12192,12193,12194,1811,12195,12196,12197,12198,1816,12199,12200,12201,12202,12203,12204,12205,1824,12206,12207,12208,12209,12210
74,7401,'3_merged_67025',1830,1831,1832,1833,1834,1835,1836,1837,1838,1839,1840,1841,1842,1843,1844,1845,1846,1847,1848
91,9100,'1_merged_67024',12211,1850,12212,12213,12214,12215,12216,12217,12218,12219,12220,12221,12222,12223,12224,12225,12226,1866,12227,12228,12229,12230
91,9100,'2_merged_67026',12231,1872,12232,12233,12234,12235,12236,12237,12238,1880,12239,12240,12241,12242,12243,12244,1887,12245,12246,12247,12248
91,9100,'3_merged_67025',1892,1893,1894,1895,1896,1897,1898,1899,1900,1901,1902,1903,1904,1905,1906,1907,1908,1909,1910,1911
91,9101,'1_merged_67024',12249,1913,12250,12251,12252,12253,12254,12255,12256,12257,12258,12259,12260,12261,12262,12263,12264,1929,12265,12266,12267,12268,12269
91,9101,'2_merged_67026',12270,1936,12271,12272,12273,12274,12275,12276,12277,12278,1945,12279,12280,12281,12282,12283,12284,1952,12285,12286,12287,12288
91,9101,'3_merged_67025',1957,1958,1959,1960,1961,1962,1963,1964,1965,1966,1967,1968,1969,1970,1971,1972,1973,1974,1975,1976,1977
220,22000,'1_merged_67024',12289,12290,12291,12292,12293,12294,12295,12296,12297,12298,12299,12300,12301,12302,12303,12304,12305,12306,1996,12307,12308,12309,12310
220,22001,'1_merged_67024',12311,12312,12313,12314,12315,12316,12317,12318,12319,12320,12321,12322,12323,12324,12325,12326,12327,2018,12328,12329,12330,12331
223,22300,'1_merged_67024',2023,12332,12333,12334,12335,12336,12337,12338,12339,12340,12341,12342,12343,12344,12345,12346,2039,12347,12348,12349,12350,12351,12352,12353,12354,12355,12356,12357
223,22301,'1_merged_67024',12358,12359,12360,12361,12362,12363,12364,12365,12366,12367,12368,12369,12370,12371,12372,12373,2067,12374,12375,12376,12377,12378,12379,12380,12381,12382,12383,12384
224,22400,'1_merged_67024',12385,12386,12387,2082,12388,12389,2085,12390,12391,12392,2089,12393,12394,12395,12396,12397,12398,12399,12400,12401,12402,12403,12404,12405,12406,12407,12408,12409,12410,12411,12412,12413,12414,12415,12416,12417
224,22400,'2_merged_67026',12418,2116,12419,12420,12421,12422,12423,12424,12425,12426,12427,12428,2127,12429,12430,12431,12432,12433
224,22400,'3_merged_67025',2133,2134,2135,2136,2137,2138,2139,2140,2141,2142,2143,2144,2145,2146,2147,2148,2149,2150,2151
224,22401,'1_merged_67024',12434,12435,2154,12436,12437,12438,12439,12440,12441,12442,2162,12443,12444,12445,12446,12447,2168,12448,12449,12450,12451,12452,12453,12454,12455,12456,12457,12458,12459,12460,12461,12462,12463,12464
224,22401,'2_merged_67026',12465,2187,12466,12467,12468,12469,12470,12471,12472,12473,12474,12475,2198,12476,12477,12478,12479,12480
224,22401,'3_merged_67025',2204,2205,2206,2207,2208,2209,2210,2211,2212,2213,2214,2215,2216,2217,2218,2219,2220,2221,2222
330,33000,'1_merged_67024',12481,2224,12482,12483,12484,12485,12486,12487,12488,12489,12490,12491,2235,12492,12493,12494,12495,12496,12497,12498,12499,12500,12501,2246,2247,12502,12503,12504,12505,12506,12507
330,33000,'2_merged_67026',12508,12509,12510,12511,12512,12513,12514,12515,12516,12517,12518,12519,12520,12521,2268,12522
330,33000,'3_merged_67025',2270,2271,2272,2273,2274,2275,2276,2277,2278,2279,2280,2281
330,33001,'1_merged_67024',2282,12523,12524,12525,12526,12527,12528,12529,12530,12531,12532,12533,2294,12534,12535,12536,12537,12538,12539,12540,12541,12542,12543,2305,2306,12544,12545,12546,12547,12548,12549
330,33001,'2_merged_67026',12550,12551,12552,12553,12554,12555,12556,12557,12558,12559,12560,12561,12562,12563,12564,2328
330,33001,'3_merged_67025',2329,2330,2331,2332,2333,2334,2335,2336,2337,2338,2339,2340
332,33200,'1_merged_67024',12565,2342,12566,12567,12568,12569,2347,12570,12571,12572,12573,12574,12575,12576,12577,2356,12578,12579,12580,12581,12582,12583
332,33201,'1_merged_67024',2363,12584,12585,12586,12587,12588,2369,12589,12590,12591,12592,12593,12594,12595,12596,12597,2379,12598,12599,12600,12601
334,33400,'1_merged_67024',12602,12603,12604,12605,2388,12606,12607,12608,12609,12610,2394,12611,12612,2397,12613,12614,12615,12616,12617,12618,12619,12620,12621,12622,12623,12624,12625,12626,12627,12628,12629,12630,2416,12631,12632
334,33401,'1_merged_67024',12633,12634,2421,2422,2423,12635,12636,12637,12638,12639,2429,12640,2431,2432,2433,12641,12642,12643,12644,12645,12646,12647,12648,2442,12649,12650,12651,12652,12653,12654,12655,12656,12657,2452,12658
336,33600,'1_merged_67024',12659,12660,12661,12662,12663,2459,2460,12664,12665,12666,12667,12668,12669,12670,12671,12672,12673,2471,12674,12675,12676,12677,12678,12679
336,33600,'2_merged_67026',12680,12681,12682,12683,2482,12684,12685,12686,2486,12687,12688,12689,12690,12691
336,33600,'3_merged_67025',2492,2493,2494,2495,2496,2497,2498,2499,2500,2501,2502,2503
336,33601,'1_merged_67024',12692,12693,12694,2507,2508,2509,12695,12696,12697,12698,12699,12700,12701,12702,12703,12704,2520,12705,12706,12707,12708,12709,12710,12711
336,33601,'2_merged_67026',12712,12713,12714,2531,12715,12716,12717,12718,12719,2537,12720,12721,12722,12723
336,33601,'3_merged_67025',2542,2543,2544,2545,2546,2547,2548,2549,2550,2551,2552,2553
440,44000,'1_merged_67024',12724,2555,12725,12726,12727,12728,12729,2561,12730,12731,12732,12733,12734,12735,12736,12737,12738,12739,2572,12740,12741,12742,12743,12744
440,44001,'1_merged_67024',2578,12745,2580,2581,12746,12747,12748,2585,12749,12750,12751,12752,12753,12754,12755,12756,12757,2595,12758,12759,12760,12761,12762,12763,12764
442,44200,'1_merged_67024',12765,12766,12767,12768,12769,12770,12771,12772,12773,12774,12775,12776,12777,12778,12779,12780,12781,12782,2621,12783,12784,12785,12786,12787,12788
442,44201,'1_merged_67024',2628,12789,12790,12791,12792,12793,12794,12795,12796,12797,12798,2639,2640,12799,12800,12801,12802,2645,12803,12804,12805,12806,12807,12808,2652,2653
444,44400,'1_merged_67024',12809,2655,12810,12811,12812,12813,12814,12815,12816,2663,12817,2665,2666,12818,12819,12820,12821,12822,12823,2673,12824,12825
444,44401,'1_merged_67024',12826,12827,2678,12828,12829,12830,12831,12832,12833,12834,2686,12835,2688,2689,12836,12837,12838,12839,12840,12841,12842,2697,12843
446,44600,'1_merged_67024',12844,12845,12846,12847,12848,12849,12850,12851,12852,12853,2709,12854,12855,12856,12857,12858,2715,2716,12859,12860,12861,12862,12863,12864
446,44601,'1_merged_67024',12865,12866,12867,12868,12869,12870,12871,12872,12873,2732,12874,12875,12876,12877,2737,2738,2739,12878,12879,12880,2743,12881,12882
551,55100,'1_merged_67024',12883,12884,12885,12886,12887,12888,12889,2753,12890,12891,12892,12893,12894,12895,12896,12897,12898,12899,12900,12901,12902,12903,2768,12904,12905,12906,12907,12908
551,55101,'1_merged_67024',12909,12910,12911,12912,12913,12914,12915,2781,12916,12917,12918,12919,12920,12921,12922,12923,12924,12925,12926,12927,2794,12928,12929,12930,12931,12932,12933
552,55200,'1_merged_67024',12934,12935,12936,12937,12938,2806,12939,12940,12941,12942,12943,12944,12945,12946,12947,12948,2817,12949,12950,12951,12952,12953,12954,12955,2825,12956
552,55201,'1_merged_67024',12957,12958,12959,12960,2831,12961,12962,12963,12964,12965,12966,12967,12968,12969,12970,12971,2843,12972,12973,12974,12975,12976,12977,2850,12978
556,55600,'1_merged_67024',12979,12980,12981,2855,12982,12983,12984,12985,12986,12987,12988,2863,12989,12990,12991,12992,12993,2869,12994,12995,12996,12997,12998,12999,13000,13001,13002,13003
556,55601,'1_merged_67024',13004,13005,13006,13007,2884,13008,13009,13010,13011,13012,2890,13013,13014,13015,13016,13017,13018,2897,13019,13020,13021,13022,13023,13024,13025,13026,13027,13028
557,55700,'1_merged_67024',13029,13030,13031,13032,13033,13034,13035,13036,13037,13038,13039,13040,13041,2921,13042,13043,13044,13045,13046,13047,13048,13049,13050,2931,13051,13052
557,55701,'1_merged_67024',13053,13054,13055,13056,13057,13058,13059,13060,13061,13062,13063,13064,13065,13066,2948,13067,13068,13069,13070,13071,13072,13073,2956,13074,13075,13076
558,55800,'1_merged_67024',13077,2961,13078,13079,13080,13081,13082,13083,13084,2969,2970,13085,2972,13086,13087,13088,2976,13089,13090,13091,2980,13092,13093,13094,13095
558,55801,'1_merged_67024',13096,13097,2987,13098,13099,13100,13101,13102,13103,2994,13104,13105,2997,13106,13107,13108,13109,13110,13111,3004,3005,13112,13113,13114,13115
641,64100,'1_merged_67024',13116,13117,13118,13119,13120,13121,13122,13123,13124,3019,13125,13126,13127,13128,13129,13130,13131,13132,13133,13134,13135,13136,13137,3033,13138,13139,3036,13140,13141,13142,13143,13144,13145
641,64101,'1_merged_67024',13146,13147,13148,13149,13150,13151,13152,13153,13154,3052,13155,13156,13157,13158,13159,13160,13161,13162,13163,13164,13165,3064,13166,13167,13168,3068,3069,13169,13170,13171,13172,13173
642,64200,'1_merged_67024',13174,13175,13176,13177,3079,3080,13178,13179,13180,13181,13182,13183,13184,3088,13185,13186,13187,13188,13189,13190,13191,3096,13192,13193,13194
642,64201,'1_merged_67024',13195,13196,3102,3103,3104,3105,13197,13198,13199,13200,13201,13202,13203,3113,13204,13205,13206,13207,13208,13209,3120,13210,13211,13212,13213
649,64900,'1_merged_67024',3125,13214,13215,13216,13217,13218,13219,13220,13221,13222,3135,13223,13224,3138,13225,13226,13227,13228,13229,13230,13231,3146,13232,13233,3149,13234,13235,13236
649,64901,'1_merged_67024',13237,13238,3155,13239,13240,13241,13242,13243,13244,13245,3163,13246,3165,3166,3167,13247,13248,13249,13250,13251,13252,13253,3175,13254,13255,13256,3179,13257
650,65000,'1_merged_67024',13258,13259,13260,13261,13262,13263,3187,13264,13265,13266,13267,13268,13269,13270,13271,13272,3197,13273,13274,13275,13276,13277,13278,13279
650,65001,'1_merged_67024',13280,13281,13282,13283,13284,13285,3211,13286,13287,13288,13289,13290,13291,13292,13293,13294,3221,13295,13296,13297,13298,13299,13300,13301
662,66200,'1_merged_67024',13302,13303,3231,3232,13304,13305,13306,13307,13308,13309,3239,13310,13311,13312,13313,13314,13315,13316,13317,3248,13318,13319,13320,13321,13322,13323,3255,13324,13325,13326,3259,3260,13327,13328
662,66201,'1_merged_67024',13329,13330,13331,13332,3267,13333,13334,13335,13336,13337,13338,13339,13340,13341,13342,13343,13344,3280,3281,13345,13346,13347,13348,13349,3287,13350,13351,13352,13353,13354,13355,13356,13357,3296,13358,13359
664,66400,'1_merged_67024',3299,13360,13361,13362,13363,13364,13365,13366,3307,13367,13368,13369,3311,13370,13371,13372,13373,13374,13375,13376,3319,13377,13378
664,66401,'1_merged_67024',3322,13379,13380,13381,13382,13383,13384,3329,13385,13386,13387,3333,13388,13389,13390,13391,13392,13393,13394,3341,13395,13396,3344
671,67100,'1_merged_67024',13397,13398,13399,3348,3349,13400,13401,13402,3353,13403,13404,3356,13405,13406,3359,13407,13408,3362,13409,13410,13411,3366,13412,13413,13414,13415,13416,13417,3373,3374,13418,13419,13420,3378
671,67100,'2_merged_67026',13421,3380,13422,13423,13424,13425,13426,13427,13428,3388,13429,13430
671,67100,'3_merged_67025',3391,3392,3393,3394,3395,3396,3397,3398,3399,3400,3401
671,67101,'1_merged_67024',13431,13432,13433,3405,13434,3407,13435,13436,3410,13437,13438,13439,3414,13440,13441,3417,13442,13443,13444,3421,13445,13446,13447,3425,13448,13449,13450,13451,13452,3431,13453,13454,13455,13456,13457,13458
671,67101,'2_merged_67026',13459,3439,13460,13461,13462,13463,13464,13465,3446,13466,13467,13468
671,67101,'3_merged_67025',3450,3451,3452,3453,3454,3455,3456,3457,3458,3459,3460
672,67200,'1_merged_67024',3461,13469,13470,13471,13472,3466,13473,13474,13475,3470,13476,13477,3473,13478,3475,13479,13480,3478,13481,3480,3481,3482,13482,13483,13484,13485,3487,13486,13487,13488,13489,13490,13491
672,67200,'2_merged_67026',13492,13493,3496,13494,13495,13496,13497,13498,13499,3503,3504,13500
672,67200,'3_merged_67025',3506,3507,3508,3509,3510,3511,3512,3513,3514,3515,3516
672,67201,'1_merged_67024',13501,13502,13503,13504,13505,13506,13507,3524,13508,13509,3527,13510,13511,3530,13512,13513,3533,13514,3535,13515,3537,13516,13517,13518,3541,13519,13520,3544,13521,3546,13522,13523,13524,13525,13526
672,67201,'2_merged_67026',13527,13528,3554,13529,13530,13531,13532,13533,3560,3561,13534,13535
672,67201,'3_merged_67025',3564,3565,3566,3567,3568,3569,3570,3571,3572,3573,3574
676,67600,'1_merged_67024',13536,13537,3577,13538,13539,13540,13541,13542,13543,3584,3585,3586,3587,3588,3589,13544,13545,13546,13547,13548,13549,13550,13551,3598,13552,13553,13554
676,67600,'2_merged_67026',13555,13556,13557,3605,13558,13559,13560,13561,13562,13563,13564,13565,13566
676,67600,'3_merged_67025',3615,3616,3617,3618,3619,3620,3621,3622,3623,3624,3625,3626
676,67601,'1_merged_67024',13567,13568,3629,13569,13570,13571,13572,13573,13574,3636,3637,3638,3639,3640,3641,13575,13576,13577,13578,13579,13580,13581,13582,3650,13583,13584,13585
676,67601,'2_merged_67026',13586,13587,13588,3657,13589,13590,13591,13592,13593,13594,13595,13596,13597
676,67601,'3_merged_67025',3667,3668,3669,3670,3671,3672,3673,3674,3675,3676,3677,3678
677,67700,'1_merged_67024',13598,3680,13599,13600,13601,13602,13603,13604,13605,3688,13606,13607,13608,13609,13610,13611,13612,13613,13614,13615,3699,13616,13617,13618,13619,13620,13621,13622,13623
677,67700,'2_merged_67026',3708,13624,13625,13626,13627,13628,13629,13630,13631,3717,13632,13633,13634,13635,13636,13637,13638,13639,13640,13641,13642,13643,3730,13644,13645,13646,13647,13648
677,67700,'3_merged_67025',3736,3737,3738,3739,3740,3741,3742,3743,3744,3745,3746,3747,3748,3749,3750,3751,3752,3753,3754,3755,3756
677,67701,'1_merged_67024',13649,13650,13651,13652,13653,13654,13655,13656,13657,13658,3767,13659,13660,13661,13662,13663,13664,13665,13666,13667,3777,13668,13669,13670,13671,13672,13673,13674,13675
677,67701,'2_merged_67026',3786,13676,13677,13678,13679,13680,13681,13682,13683,13684,3796,13685,13686,13687,13688,13689,13690,13691,13692,13693,13694,13695,3808,13696,13697,13698,13699,13700
677,67701,'3_merged_67025',3814,3815,3816,3817,3818,3819,3820,3821,3822,3823,3824,3825,3826,3827,3828,3829,3830,3831,3832,3833,3834
678,67800,'1_merged_67024',3835,13701,13702,13703,13704,13705,3841,13706,13707,13708,13709,3846,13710,13711,13712,13713,13714,13715,13716,13717,13718,3856,13719,13720,13721,13722,13723,13724,13725
678,67801,'1_merged_67024',3864,13726,13727,13728,13729,13730,3870,13731,13732,13733,13734,13735,3876,13736,13737,13738,13739,13740,13741,13742,3884,13743,13744,13745,13746,13747,13748
679,67900,'1_merged_67024',13749,13750,3893,3894,13751,13752,13753,13754,13755,3900,13756,13757,3903,13758,13759,13760,13761,13762,13763,3910,13764,13765,13766,13767,13768
679,67901,'1_merged_67024',13769,13770,13771,13772,13773,13774,13775,13776,13777,3925,13778,13779,13780,3929,13781,13782,13783,13784,13785,13786,13787,3937,13788
680,68000,'1_merged_67024',3939,13789,13790,13791,13792,13793,13794,13795,13796,3948,13797,13798,13799,13800,13801,13802,13803,13804,13805,13806,13807,3960,13808,13809,13810
680,68001,'1_merged_67024',3964,3965,13811,13812,13813,13814,13815,13816,13817,13818,3974,13819,13820,13821,13822,13823,13824,13825,13826,13827,13828,13829,3986,13830,13831
690,69000,'1_merged_67024',13832,3990,13833,13834,13835,13836,13837
690,69001,'1_merged_67024',13838,13839,13840,13841,13842,13843,13844,13845
691,69100,'1_merged_67024',13846,13847,13848,13849,4008,13850,13851,13852
691,69101,'1_merged_67024',4012,13853,13854,13855,13856,13857,4018
694,69400,'1_merged_67024',13858,13859,13860,13861,4023,13862,13863,13864,13865,13866,13867,13868,13869,13870
694,69401,'1_merged_67024',13871,13872,13873,13874,4037,13875,13876,13877,13878,13879,13880,13881,13882,13883,4047
833,83300,'1_merged_67024',13884,13885,13886,4051,13887,13888,13889,13890,13891,13892
833,83301,'1_merged_67024',13893,13894,13895,4061,13896,13897,13898,13899,13900
881,88100,'1_merged_67024',13901,4068,4069,13902,13903,13904,13905,13906,13907,13908,4077
881,88101,'1_merged_67024',4078,13909,13910,13911,13912,13913,13914,13915,13916,13917
883,88300,'1_merged_67024',13918,13919,13920,13921,13922,13923,13924,13925,13926,13927,13928,4099
883,88301,'1_merged_67024',13929,13930,13931,13932,13933,13934,13935,13936,13937,13938,4110,4111
884,88400,'1_merged_67024',4112,13939,13940,13941,13942,13943,13944,13945,13946
884,88401,'1_merged_67024',13947,13948,13949,13950,13951,13952,13953,13954
885,88500,'1_merged_67024',13955,13956,13957,13958,13959,13960,13961,13962,4137,4138,13963,13964,13965,13966
885,88501,'1_merged_67024',13967,13968,13969,13970,13971,13972,13973,13974,13975,13976,13977,13978,13979
886,88600,'1_merged_67024',13980,13981,13982,4159,13983,13984,13985
886,88601,'1_merged_67024',4163,4164,13986,13987,13988,13989
887,88700,'1_merged_67024',4169,4170,13990,13991,13992,13993
887,88701,'1_merged_67024',13994,13995,13996,4178,13997,13998,13999
888,88800,'1_merged_67024',14000,14001,14002,14003,14004,14005,14006,14007,14008,4191,14009,14010,14011,14012,14013
888,88801,'1_merged_67024',14014,14015,4199,4200,4201,4202,14016,14017,14018,14019,4207,14020,14021,14022,14023
889,88900,'1_merged_67024',14024,14025,14026,14027,14028,14029,14030,14031,14032,4221,14033,14034,14035,4225,14036,14037,14038,14039,14040,14041,4232,14042,14043,14044
889,88901,'1_merged_67024',14045,14046,4238,4239,14047,14048,4242,14049,14050,4245,14051,14052,14053,14054,14055,14056,14057,4253,14058,14059
895,89500,'1_merged_67024',4256,4257,14060,14061,14062,14063,14064,14065,14066,14067,14068,14069,14070,14071,14072
895,89501,'1_merged_67024',4271,4272,4273,14073,14074,14075,14076,14077,14078,14079,14080,14081,14082,14083,14084,14085
22222,2222200,'1_merged_67024',14086,14087,14088,4291,14089,14090,4293,14091,14092,14093,14094,4299,14095,14096,14097,14098,14099,14100,14101,14102,14103,14104,14105,4310,14106,14107,14108,4315,14109,4317,14110,14111,4319,14112,14113,14114,4323,4324,14115,4326,14116,4328,14117,14118,14119,14120,4333,14121,14122,4336,14123,14124,14125,14126,14127,4342,14128,14129,14130,4346,14131,14132,14133,4350,14134,14135,4353,14136,14137,14138,14139,4358,4359,14140,14141,14142,4364,4365,4366,14143,14144,14145,14146,14147,14148,14149,14150,14151,14152,14153,4378,14154,14155,14156,4383,14157,14158,4385,14159,14160,14161,14162,14163,14164,4392,14165,14166,14167,14168,4396,14169,14170,14171,4400,14172,14173,4403,14174,14175,14176,14177,14178,4409,14179,14180,14181,14182,4414,14183,14184,4417,14185,14186,14187,4421,14188,14189,14190,4425,14191,4427,14192,14193,4430,14194,4433,14195,14196,14197,14198,14199,4438,14200,14201,14202,4442,14203,14204,14205,14206,14207,4449,14208,14209,14210,4453,14211,14212,14213,14214,14215,14216,14217,4461,4462,4463,14218,14219,14220,14221,14222,4468,14223,14224,14225,4472,14226,14227,14228,14229,14230,14231,14232,4481,14233,14234,14235,4484,14236,14237,4487,14238,14239,14240,14241,14242,14243,14244,14245,4496,14246,4498,14247,14248,14249,14250,14251,14252,14253,4507,14254,14255,14256,14257,14258,14259
22222,2222200,'2_merged_67026',14260,14261,14262,14263,14264,14265,14266,14267,4521,14268,14269,14270,14271,14272,14273,14274,4529,14275,14276,14277,14278,14279,14280,14281,14282,14283,4539,4540,14284,14285,14286,14287,14288,14289,14290,14291,14292,4550,4551,4552,4553,14293,14294,14295,14296,14297,14298,14299,14300,14301,14302,14303,14304,4566,4567,14305,14306,14307,14308,14309,14310,14311,14312,14313,4577,14314,14315,14316,14317,14318,14319,14320,14321,14322,14323,14324,14325,4590,14326,14327,14328,14329,14330,14331,14332,14333,14334,14335,14336,4602,14337,14338,14339,14340,14341,14342,14343,14344,4611,14345,14346,14347,14348,14349
22222,2222200,'3_merged_67025',14350,14351,4619,14352,4621,14353,14354,14355,14356,4626,14357,14358,4629,14359,4631,4632,4633,14360,14361,14362,14363,14364,14365,14366,14367,14368,14369,14370,4645,4646,4647,14371,14372,14373,14374,14375,14376,14377,4655,4656,4657,14378,14379,14380,14381,14382,14383,14384,14385,14386,14387,14388,4669,14389,14390,14391,14392,14393,14394,4676,14395,14396,14397,14398,14399,14400,14401,14402,4685,14403,14404,14405,14406,14407,14408,14409,14410,4694,4695,14411,14412,14413,14414,14415,14416,14417,14418
22222,2222201,'1_merged_67024',14419,14420,14421,14422,14423,14424,14425,14426,14427,14428,14429,14430,14431,14432,14433,14434,14435,14436,14437,14438,14439,4726,14440,14441,14442,14443,14444,4731,14445,4733,4734,14446,14447,14448,14449,4739,14450,4741,14451,4745,4746,14452,14453,14454,4749,4750,4751,14455,14456,4754,4755,14457,14458,14459,4759,14460,14461,14462,14463,4764,4765,4766,14464,14465,14466,14467,14468,4773,14469,14470,14471,14472,14473,14474,14475,14476,14477,14478,14479,14480,4785,4786,14481,4788,14482,4789,14483,14484,14485,14486,14487,14488,14489,14490,4798,14491,14492,14493,14494,14495,14496,4805,14497,14498,14499,4809,14500,4811,4812,14501,14502,14503,4816,14504,4819,14505,14506,4821,14507,14508,4826,4827,14509,14510,14511,14512,14513,4832,14514,4834,14515,14516,14517,14518,4840,14519,4841,14520,14521,4844,4845,4846,14522,14523,14524,4850,4851,14525,14526,14527,14528,14529,14530,4858,14531,4860,14532,14533,14534,14535,4865,4866,14536,14537,14538,4869,4870,14539,4872,14540,14541,4876,4877,14542,14543,14544,14545,14546,14547,14548,14549,14550,14551,14552,4888,14553,14554,14555,14556,4893,14557,14558,4896,4897,14559,14560,14561,14562,14563,14564,4904,14565,14566,14567,14568,14569,14570,14571,14572,14573,14574,14575,4916,4917,4918,14576,14577,14578,14579,4924,14580,14581,14582,14583,4928,14584,14585,14586,14587,14588,14589,4936,14590,4938,14591,14592,14593,14594,14595,4943,14596,14597,14598,14599,14600,14601,14602
22222,2222201,'2_merged_67026',14603,14604,14605,14606,14607,14608,14609,4958,14610,14611,14612,14613,14614,14615,14616,4966,14617,14618,14619,14620,14621,14622,14623,14624,14625,4976,4977,4978,14626,14627,14628,14629,14630,14631,14632,14633,14634,4988,4989,4990,14635,14636,14637,14638,14639,14640,14641,14642,14643,14644,14645,14646,5003,5004,14647,14648,14649,14650,14651,14652,14653,14654,14655,5014,14656,14657,14658,14659,14660,14661,14662,14663,14664,14665,14666,5026,14667,14668,14669,14670,14671,14672,14673,14674,14675,5036,14676,14677,14678,14679,14680,14681,5043,14682,14683,14684,14685,14686,14687
22222,2222201,'3_merged_67025',14688,5051,14689,5053,14690,14691,5056,14692,5058,14693,14694,5061,14695,14696,14697,5065,5066,14698,14699,14700,14701,14702,14703,14704,14705,14706,14707,14708,5078,5079,5080,14709,14710,14711,14712,14713,14714,14715,14716,5089,5090,14717,14718,14719,14720,14721,14722,14723,14724,14725,14726,14727,14728,5103,14729,14730,14731,14732,14733,14734,14735,5111,14736,14737,14738,14739,14740,14741,14742,14743,14744,14745,14746,14747,14748,14749,14750,14751,5128,5129,14752,14753,14754,14755,14756,14757
4000010,400001000,'1_merged_67024',14758,14759,14760,14761,5140,5141,14762,5143,14763,14764,14765,14766,14767,14768,14769,5151,5152,5153,14770,14771,5156,14772,14773,14774,14775,14776,14777,5163,5164,14778,14779,5167,14780,14781,14782,5171,14783,14784,14785,14786,14787,5177,14788,14789,14790,14791,14792,14793,14794,14795,14796,14797,14798,14799,14800,14801,14802,14803,14804,14805
4000010,400001000,'2_merged_67026',14806,14807,5198,14808,14809,14810,14811,14812,14813,14814,5206,14815,14816,14817,14818,14819,14820,14821,14822,14823,14824,5217,14825,14826,14827,14828,14829,14830,14831,14832,14833,5227,14834,14835,14836,14837,14838,14839,14840,14841
4000010,400001000,'3_merged_67025',14842,14843,14844,14845,14846,14847,14848,5243,5244,14849,14850,14851,14852,14853,14854,14855,14856,5253,5254,14857,14858,14859,14860,14861,14862
4000010,400001001,'1_merged_67024',14863,14864,14865,14866,14867,5266,14868,14869,14870,5270,5271,14871,14872,14873,14874,14875,5277,14876,14877,14878,5281,14879,14880,14881,14882,14883,14884,14885,14886,5290,14887,14888,14889,5294,14890,14891,14892,5298,14893,14894,14895,14896,5303,14897,14898,14899,14900,14901,14902,14903,14904,14905,14906,14907,14908,14909,14910,14911,14912,14913,14914,5322
4000010,400001001,'2_merged_67026',14915,14916,5325,14917,14918,14919,14920,14921,14922,14923,5333,14924,14925,14926,14927,14928,14929,14930,14931,14932,14933,5344,14934,14935,14936,14937,14938,14939,14940,14941,14942,14943,14944,5356,14945,14946,14947,14948,14949,14950,14951,14952
4000010,400001001,'3_merged_67025',14953,14954,14955,14956,14957,14958,14959,5372,14960,14961,14962,14963,14964,14965,14966,14967,14968,14969,5383,5384,14970,14971,14972,14973,14974,14975
4000011,400001100,'1_merged_67024',14976,5392,5393,14977,14978,14979,14980,14981,14982,14983,5401,14984,14985,14986,14987,5406,5407,5408,5409,14988,5411,5412,14989,14990,14991,14992,14993,5418,5419,5420,14994,14995,14996,14997,14998,5426,14999,15000,15001,15002,15003,15004,15005,5434,15006,15007,15008,15009,15010,15011,15012,15013,15014,15015,15016,15017,15018,15019,5449,15020,15021,15022,15023,5454,15024,15025,5457,15026,5459,15027,15028
4000011,400001100,'2_merged_67026',15029,15030,15031,15032,15033,15034,15035,15036,15037,5471,15038,15039,15040,15041,15042,15043,15044,15045,15046,15047,15048,15049,15050,15051,15052,5487,15053,15054,15055,15056,15057,15058,15059,15060
4000011,400001100,'3_merged_67025',15061,5497,15062,15063,15064,15065,15066,15067,15068,15069,5506,15070,15071,15072,15073,15074,15075,15076,15077,15078,15079,15080,15081,15082,15083,5521,15084,15085,15086,15087,15088
4000011,400001101,'1_merged_67024',15089,15090,15091,15092,15093,15094,15095,15096,15097,5536,15098,5538,15099,15100,15101,5542,15102,15103,15104,5546,5547,5548,15105,15106,15107,15108,15109,15110,5555,5556,15111,15112,15113,15114,5561,15115,15116,15117,15118,15119,15120,15121,5569,15122,15123,15124,15125,15126,15127,5576,15128,15129,15130,15131,15132,15133,5583,15134,15135,15136,15137,5588,15138,15139,15140,15141,15142,5594
4000011,400001101,'2_merged_67026',5595,15143,15144,15145,15146,15147,15148,15149,15150,5604,15151,15152,15153,15154,15155,15156,15157,15158,15159,15160,15161,15162,15163,15164,15165,5620,15166,15167,15168,15169,15170,15171,15172,15173
4000011,400001101,'3_merged_67025',15174,5630,15175,15176,15177,15178,15179,15180,15181,15182,15183,15184,15185,15186,15187,15188,15189,15190,15191,15192,15193,15194,15195,15196,15197,5654,15198,15199,15200,15201,15202
4000012,400001200,'1_merged_67024',5660,5661,15203,15204,5664,5665,15205,15206,5668,15207,5670,15208,15209,15210,15211,15212,15213,15214,15215,15216,5680,15217,15218,15219,5684,15220,15221,15222,15223,5689,15224,15225,5692,15226,5694,15227,5696,5697,15228,5699,15229,15230,15231,15232,15233,15234,5706,15235,15236,5709,5710,5711,15237,15238,15239,5715,15240,5717,5718,15241,5720
4000012,400001200,'2_merged_67026',15242,15243,15244,15245,15246,15247,15248,15249,5729,15250,15251,15252,15253,15254,15255,15256,15257,15258,15259,5740,15260,15261,15262,15263,15264,15265,15266,15267,15268,15269,15270,15271,15272,15273,15274,15275,15276,15277,5759
4000012,400001200,'3_merged_67025',15278,15279,15280,15281,15282,15283,15284,15285,15286,5769,5770,5771,15287,15288,15289,15290,15291,15292,15293,15294,15295,15296,15297,15298,15299,15300,15301,5787,15302,15303,15304,15305,15306,15307
4000012,400001201,'1_merged_67024',5794,15308,5796,15309,5798,15310,5800,5801,15311,15312,5804,15313,15314,15315,15316,15317,15318,15319,15320,15321,5814,15322,15323,15324,15325,5819,15326,15327,15328,15329,15330,5825,15331,5827,15332,5829,5830,15333,5832,15334,15335,5835,15336,5837,15337,5839,15338,5841,15339,15340,15341,15342,5846,15343,15344,5849,5850,5851,15345,5853,15346,5855
4000012,400001201,'2_merged_67026',15347,15348,15349,15350,15351,15352,15353,15354,5864,15355,15356,15357,15358,15359,15360,15361,15362,15363,5874,15364,15365,15366,15367,15368,15369,15370,15371,15372,15373,15374,15375,15376,15377,15378,15379,15380,15381,5893,15382
4000012,400001201,'3_merged_67025',15383,15384,15385,15386,15387,15388,15389,15390,15391,5904,5905,15392,15393,15394,15395,15396,15397,15398,15399,15400,15401,15402,15403,15404,15405,15406,15407,15408,5923,15409,15410,15411,15412,15413
4000013,400001300,'1_merged_67024',5929,15414,15415,15416,15417,5934,5935,15418,5937,15419,15420,15421,5941,15422,15423,15424,5945,15425,5947,5948,5949,15426,5951,5952,5953,5954,15427,15428,15429,15430,15431,5960,5961,5962,15432,15433,15434,15435,15436,15437,15438,15439,15440,15441,5973,15442,15443,15444,15445,15446,5979,15447,5981,15448,5983,5984,15449,15450,15451,15452
4000013,400001300,'2_merged_67026',15453,15454,15455,15456,15457,15458,15459,15460,15461,15462,15463,15464,15465,15466,15467,15468,6005,15469,15470,15471,15472,15473,15474,15475,15476,6014,15477,15478,15479,15480,15481,15482,15483,15484,6023,15485,15486,15487,15488
4000013,400001300,'3_merged_67025',15489,6029,6030,15490,15491,15492,15493,15494,15495,15496,15497,15498,6040,15499,15500,15501,15502,15503,15504,15505,6048,15506,15507,15508,15509,15510,15511,15512,6056,6057,15513,15514,15515,15516,15517
4000013,400001301,'1_merged_67024',15518,15519,15520,15521,15522,15523,15524,15525,6071,15526,15527,6074,15528,15529,6077,15530,6079,15531,15532,15533,15534,6084,6085,15535,15536,15537,15538,15539,6091,6092,6093,15540,15541,15542,15543,15544,6099,15545,15546,15547,15548,6104,15549,15550,15551,15552,6109,15553,6111,15554,6113,15555,6115,15556,6117,15557,15558,15559,15560,15561,15562,15563,15564
4000013,400001301,'2_merged_67026',15565,15566,15567,15568,15569,15570,15571,15572,15573,15574,15575,15576,15577,15578,15579,6141,15580,15581,15582,15583,15584,15585,15586,15587,15588,6151,15589,15590,15591,15592,15593,15594,15595,15596,6160,15597,15598,15599,15600
4000013,400001301,'3_merged_67025',6165,6166,6167,15601,15602,15603,15604,15605,15606,15607,15608,15609,6177,15610,15611,15612,15613,15614,15615,6184,15616,15617,15618,15619,15620,15621,15622,6192,6193,6194,15623,15624,15625,15626,15627
4000014,400001400,'1_merged_67024',15628,15629,6202,15630,15631,6205,15632,6207,15633,15634,6210,15635,15636,6213,6214,15637,15638,15639,15640,15641,15642,15643,6222,15644,15645,15646,15647,15648,15649,15650,15651,15652,15653,6233,15654,15655,15656,15657,15658,15659,15660,15661,15662,6243,15663,15664,15665,15666,6248,15667,6250,15668,15669
4000014,400001400,'2_merged_67026',15670,15671,6255,15672,15673,15674,15675,15676,15677,15678,15679,6264,15680,15681,15682,15683,15684,15685,15686,15687,15688,15689,15690,15691,6277,15692,15693,15694,15695,15696,15697,15698,15699,15700,15701,15702,15703,6290
4000014,400001400,'3_merged_67025',15704,15705,15706,15707,15708,15709,6297,15710,15711,15712,15713,15714,6303,15715,15716,15717,15718,15719,15720,15721,15722,15723,15724
4000014,400001401,'1_merged_67024',15725,15726,15727,6317,15728,15729,6320,15730,15731,15732,15733,15734,6326,6327,15735,15736,6330,15737,15738,6333,15739,15740,6336,15741,6338,15742,15743,15744,15745,15746,15747,15748,15749,15750,6348,15751,15752,15753,15754,15755,15756,15757,6356,15758,15759,15760,6360,6361,6362,15761,15762,15763,15764
4000014,400001401,'2_merged_67026',15765,15766,15767,6370,15768,15769,15770,15771,15772,15773,6377,15774,15775,15776,15777,15778,15779,15780,15781,15782,15783,15784,15785,6390,15786,15787,15788,15789,15790,15791,15792,15793,15794,15795,15796,15797,15798,15799
4000014,400001401,'3_merged_67025',15800,15801,15802,15803,15804,6410,15805,15806,15807,15808,15809,6416,15810,15811,15812,15813,15814,15815,15816,15817,15818,15819,15820
4000015,400001500,'1_merged_67024',6428,15821,15822,6431,15823,6433,15824,15825,15826,15827,6438,15828,15829,6441,15830,15831,6444,6445,15832,15833,15834,15835,15836,15837,15838,15839,15840,15841,15842,15843,15844,15845,15846,15847,15848,15849,15850,15851,15852,15853,6468,15854,15855,15856,15857,6473,15858,15859,15860,15861,15862,15863,15864,15865,15866,15867,15868,6485,6486,15869,15870,15871,15872
4000015,400001500,'2_merged_67026',15873,15874,15875,15876,15877,15878,15879,15880,15881,15882,15883,15884,15885,15886,15887,15888,15889,6508,15890,15891,15892,15893,15894,15895,15896,15897,15898,15899,15900,15901,15902,15903,15904,15905,6525,15906,15907,15908,15909,15910
4000015,400001500,'3_merged_67025',15911,15912,15913,15914,15915,6536,15916,15917,15918,15919,15920,15921,15922,15923,15924,15925,15926,15927,15928,15929,6551,15930,15931,15932,15933,15934,15935,15936,6559,15937,15938,15939,15940
4000015,400001501,'1_merged_67024',6564,6565,6566,15941,6568,15942,6570,15943,6572,6573,6574,15944,15945,6577,15946,15947,15948,6581,15949,6583,15950,6585,6586,6587,6588,15951,15952,15953,6592,15954,15955,15956,15957,15958,15959,15960,15961,15962,15963,15964,15965,15966,15967,15968,6608,15969,15970,15971,15972,15973,15974,15975,15976,15977,15978,15979,15980,15981,15982,15983,15984,6625,15985,15986
4000015,400001501,'2_merged_67026',15987,15988,15989,15990,15991,15992,15993,15994,15995,15996,15997,15998,15999,16000,16001,16002,6644,16003,16004,16005,16006,16007,16008,16009,16010,16011,16012,16013,16014,16015,16016,16017,16018,6661,16019,16020,16021,16022,16023
4000015,400001501,'3_merged_67025',16024,16025,16026,16027,6671,16028,16029,16030,16031,16032,16033,16034,16035,16036,16037,16038,16039,16040,16041,6686,16042,16043,16044,16045,16046,16047,16048,16049,16050,6696,16051,16052,16053
4000016,400001600,'1_merged_67024',16054,16055,16056,16057,16058,16059,16060,6707,16061,16062,16063,16064,16065,16066,16067,16068,16069,16070,16071,16072,6720,16073,16074,16075,16076,16077,16078,16079,16080,16081,6730,16082,16083,16084,6734,16085,16086,16087,6738,16088,16089,16090,6742,16091,16092,6745,16093,16094,16095,16096,16097,16098,16099,16100,16101,6755,16102,6757,16103,6759,16104,16105,16106
4000016,400001600,'2_merged_67026',16107,16108,16109,16110,6767,16111,16112,16113,16114,16115,16116,16117,6775,16118,16119,16120,16121,16122,16123,16124,16125,16126,16127,6786,16128,16129,16130,16131,16132,16133,6793,16134,16135,16136,16137,16138,16139,16140,16141,16142,16143
4000016,400001600,'3_merged_67025',16144,16145,16146,16147,16148,16149,6810,6811,16150,16151,16152,16153,16154,16155,6818,16156,16157,16158,16159,16160,16161,16162,16163,16164,6828,16165,16166,16167,16168,16169,16170
4000016,400001601,'1_merged_67024',16171,16172,6837,16173,16174,16175,16176,16177,16178,16179,16180,16181,16182,16183,16184,16185,6851,6852,16186,16187,16188,16189,16190,16191,16192,16193,16194,6862,6863,6864,6865,6866,6867,16195,16196,16197,16198,16199,16200,6874,16201,16202,6877,16203,16204,16205,16206,16207,16208,16209,16210,16211,16212,16213,16214,16215,6891,16216,16217,6894,16218,16219,16220
4000016,400001601,'2_merged_67026',16221,16222,16223,6901,16224,16225,16226,16227,16228,16229,16230,16231,16232,6911,16233,16234,16235,16236,16237,16238,16239,16240,16241,6921,16242,16243,16244,16245,16246,16247,16248,6929,16249,16250,16251,16252,16253,16254,16255,16256,16257
4000016,400001601,'3_merged_67025',16258,16259,16260,16261,16262,6944,6945,16263,16264,16265,16266,16267,16268,16269,16270,6954,16271,16272,16273,16274,16275,16276,16277,16278,16279,6964,16280,16281,16282,16283,16284,16285
4000017,400001700,'1_merged_67024',16286,16287,6973,16288,16289,6976,16290,16291,16292,16293,16294,6982,6983,16295,16296,16297,16298,16299,16300,16301,16302,6992,16303,16304,16305,16306,16307,6998,6999,16308,7001,7002,7003,16309,16310,7006,16311,16312,16313,16314,16315,16316,16317,16318,16319,16320,16321,7018,16322,16323,16324,7022,16325,7024,16326,16327,16328,16329,16330
4000017,400001700,'2_merged_67026',7030,16331,16332,16333,16334,16335,16336,16337,16338,16339,16340,7041,16341,16342,16343,16344,16345,16346,16347,16348,16349,16350,7052,7053,7054,16351,16352,16353,16354,16355,16356,16357,16358,16359,16360,16361,16362,16363,7068,16364
4000017,400001700,'3_merged_67025',16365,16366,16367,7073,7074,16368,16369,16370,16371,16372,16373,16374,16375,16376,16377,16378,16379,16380,7088,16381,16382,16383,16384,16385,16386,16387,16388,16389,16390,16391,16392,7101,16393,16394
4000017,400001701,'1_merged_67024',16395,16396,16397,16398,7108,16399,16400,16401,16402,16403,16404,7115,7116,16405,16406,16407,16408,16409,16410,16411,7124,16412,16413,16414,16415,16416,16417,7131,16418,7133,16419,16420,7136,7137,7138,16421,16422,16423,16424,16425,7144,16426,16427,16428,16429,16430,16431,16432,16433,16434,16435,16436,7156,7157,16437,16438,16439
4000017,400001701,'2_merged_67026',7161,16440,16441,16442,16443,16444,16445,16446,16447,16448,16449,16450,7173,16451,16452,16453,16454,16455,16456,16457,16458,7182,7183,7184,16459,16460,16461,16462,16463,16464,16465,16466,16467,16468,16469,16470,16471,16472,16473,7200,16474
4000017,400001701,'3_merged_67025',16475,16476,7204,7205,7206,16477,16478,16479,16480,16481,16482,16483,16484,16485,16486,16487,16488,7219,16489,16490,16491,16492,16493,16494,16495,16496,16497,16498,16499,16500,7232,16501,16502
4000019,400001900,'1_merged_67024',16503,7236,16504,7238,16505,16506,7241,7242,7243,16507,16508,16509,16510,16511,16512,16513,16514,16515,16516,16517,16518,16519,16520,16521,16522,16523,16524,7262,16525,16526,16527,16528,16529,16530,16531,16532,16533,16534,16535,16536,16537,16538,16539,16540,16541,7280,16542,16543,16544,16545,16546,16547,16548,16549
4000019,400001900,'2_merged_67026',16550,16551,16552,16553,16554,16555,16556,16557,16558,16559,16560,16561,16562,16563,7303,7304,7305,16564,16565,16566,16567,16568,16569,16570,16571,16572,16573,16574,16575,7318,7319,16576,16577,16578,16579,16580,16581,16582,16583,16584,16585,16586,7331
4000019,400001900,'3_merged_67025',16587,16588,16589,16590,16591,16592,16593,16594,16595,16596,7342,16597,16598,16599,16600,16601,7348,16602,16603,16604,16605,16606,16607,16608,7356,16609,16610,16611,16612,16613
4000019,400001901,'1_merged_67024',16614,16615,7364,7365,7366,16616,16617,7369,16618,16619,16620,16621,16622,16623,16624,16625,16626,16627,16628,16629,16630,16631,16632,16633,16634,7387,16635,16636,16637,16638,16639,16640,16641,16642,16643,16644,16645,16646,16647,16648,16649,16650,16651,16652,7406,16653,16654,16655,16656,16657,16658,16659,16660,16661,7416,16662,16663
4000019,400001901,'2_merged_67026',16664,16665,16666,16667,16668,16669,16670,16671,16672,16673,16674,16675,16676,16677,7433,7434,16678,16679,16680,16681,16682,16683,16684,16685,16686,16687,16688,16689,16690,7448,7449,7450,16691,16692,16693,16694,16695,16696,16697,16698,16699,16700,7461,16701
4000019,400001901,'3_merged_67025',16702,16703,16704,16705,16706,16707,16708,16709,16710,16711,7473,16712,16713,16714,16715,16716,16717,7480,16718,16719,16720,16721,16722,16723,7487,16724,16725,16726,16727,16728
6000005,600000500,'1_merged_67024',16729,16730,16731,16732,16733,16734,16735,16736,16737,7502,16738,16739,7505,16740,7507,16741,7509,16742,16743,16744,16745,16746,16747,7516,16748,16749,16750,7520,16751,16752,16753,7524,16754,7526,16755,16756,16757,16758,16759,16760,16761,16762,7535,7536,16763,7538,16764,7540,16765,16766,16767,16768,16769,16770,7547,7548,16771,16772,7551,16773,16774,7554,16775,16776,7557,16777,16778,16779,16780,16781,16782,7564,16783,16784,16785,16786,16787,16788,16789,16790,16791,7574,16792,16793,16794,16795,16796,7580,7581,16797,16798,16799,16800,16801
6000005,600000500,'2_merged_67026',7587,16802,16803,16804,16805,16806,16807,16808,16809,16810,16811,16812,16813,7600,16814,16815,16816,16817,16818,16819,7607,16820,16821,16822,16823,16824,16825,16826,16827,16828,16829,7618,16830,16831,16832,16833,16834,16835,7625,16836,16837,16838,16839,16840,16841,16842,16843,16844,16845,7636,16846,16847,16848,16849,16850,16851,16852,16853
6000005,600000500,'3_merged_67025',16854,16855,16856,16857,16858,16859,16860,7652,16861,16862,16863,16864,16865,16866,16867,16868,16869,7662,16870,16871,16872,16873,16874,16875,16876,16877,16878,7672,16879,16880,16881,16882,16883,16884,16885,16886,16887,7682,16888,16889,16890,16891,16892
6000005,600000501,'1_merged_67024',7688,16893,16894,16895,16896,16897,16898,16899,7696,7697,16900,7699,7700,16901,7702,16902,16903,7705,16904,16905,16906,16907,16908,16909,16910,16911,16912,16913,16914,7717,16915,16916,16917,16918,7722,16919,16920,16921,16922,16923,16924,16925,16926,16927,16928,16929,7734,16930,7736,16931,16932,7739,16933,16934,16935,16936,16937,16938,7746,7747,7748,7749,16939,16940,7752,7753,7754,16941,16942,16943,16944,16945,16946,7761,7762,16947,7764,16948,16949,16950,16951,16952,16953,7771,16954,16955,16956,16957,16958,16959,7778,16960,16961,16962,16963,16964
6000005,600000501,'2_merged_67026',7784,16965,16966,16967,16968,16969,16970,16971,16972,16973,16974,16975,7796,16976,16977,16978,16979,16980,16981,16982,7804,16983,16984,16985,16986,16987,16988,16989,16990,16991,7814,16992,16993,16994,16995,16996,16997,16998,7822,16999,17000,17001,17002,17003,17004,17005,17006,17007,17008,17009,17010,17011,17012,17013,17014,17015,17016
6000005,600000501,'3_merged_67025',17017,17018,17019,17020,17021,17022,17023,17024,7849,17025,17026,17027,17028,17029,17030,17031,17032,17033,7859,17034,17035,17036,17037,17038,17039,17040,17041,7868,17042,17043,17044,17045,17046,17047,17048,17049,7877,17050,17051,17052,17053,17054
6000006,600000600,'1_merged_67024',17055,17056,17057,17058,17059,17060,17061,17062,7891,17063,17064,17065,17066,17067,17068,17069,17070,17071,7901,17072,17073,17074,17075,17076,17077,17078,7909,7910,17079,17080,17081,17082,17083,17084,17085,7918,17086,17087,7921,17088,17089,17090,17091,17092,17093,17094,17095,7930,17096,17097,17098,17099,17100,17101,17102,7938,17103,17104,17105,17106,7943,17107,17108,7946,7947,17109,17110,7950,17111,7952,7953,17112,17113,17114,17115,17116,7959,7960,17117,17118,17119
6000006,600000600,'2_merged_67026',17120,17121,17122,17123,17124,17125,7970,17126,17127,17128,17129,17130,17131,17132,17133,17134,17135,17136,7982,17137,17138,17139,17140,17141,17142,17143,17144,17145,17146,7993,17147,17148,17149,17150,17151,17152,17153,17154,8002,17155,17156,17157,17158,17159,17160,17161,17162,17163,17164,17165,17166,17167,17168,17169
6000006,600000600,'3_merged_67025',17170,17171,17172,17173,8022,17174,17175,17176,17177,17178,17179,17180,17181,17182,17183,8033,17184,17185,17186,17187,17188,17189,17190,17191,17192,17193,17194,17195,17196,17197,17198,8049,17199,17200,17201,17202,17203,17204
6000006,600000601,'1_merged_67024',17205,17206,17207,17208,17209,17210,17211,17212,17213,17214,17215,17216,8068,17217,17218,17219,17220,17221,8074,8075,17222,17223,17224,17225,17226,8081,17227,17228,17229,17230,17231,17232,17233,17234,17235,17236,8092,17237,8094,17238,17239,17240,17241,17242,17243,17244,17245,8103,17246,17247,17248,17249,17250,17251,17252,8111,17253,17254,17255,17256,8116,17257,8118,8119,17258,17259,8122,17260,17261,8125,17262,8127,17263,17264,17265,8131,17266,17267,17268,17269,17270
6000006,600000601,'2_merged_67026',8137,17271,17272,17273,17274,17275,17276,8144,17277,17278,17279,17280,17281,17282,17283,17284,17285,17286,17287,17288,17289,17290,17291,17292,17293,17294,17295,17296,8165,17297,17298,17299,17300,17301,17302,17303,17304,17305,17306,8176,17307,17308,17309,17310,17311,17312,17313,17314,17315,17316,17317,17318,17319,17320
6000006,600000601,'3_merged_67025',17321,17322,17323,17324,8195,17325,17326,17327,17328,17329,17330,17331,17332,17333,8205,17334,17335,17336,17337,17338,17339,17340,17341,17342,17343,17344,17345,17346,17347,17348,8221,17349,17350,17351,17352,17353,17354,17355
6000007,600000700,'1_merged_67024',8229,17356,17357,17358,17359,17360,17361,8236,17362,17363,17364,17365,17366,17367,17368,17369,8245,17370,17371,8248,17372,17373,17374,17375,17376,17377,17378,17379,8257,17380,8259,17381,8261,17382,17383,8264,8265,8266,17384,17385,17386,17387,8271,17388,17389,17390,8275,17391,17392,17393,17394,17395,17396,17397,17398,17399,8285,17400,17401,17402,8289,17403,17404,17405,17406,8294,17407,17408,8297,17409,17410,17411,17412,17413,17414,17415,8305,17416,8307,17417,17418,17419,8311,17420,17421,17422,8315
6000007,600000700,'2_merged_67026',8316,17423,17424,17425,17426,17427,17428,17429,17430,17431,17432,17433,17434,17435,17436,17437,17438,17439,17440,8335,17441,17442,17443,17444,17445,17446,17447,17448,17449,17450,17451,17452,17453,17454,17455,17456,8352,17457,17458,17459,17460,17461,17462,17463,17464
6000007,600000700,'3_merged_67025',17465,17466,17467,17468,17469,17470,17471,8368,8369,17472,17473,17474,17475,17476,17477,17478,17479,17480,17481,17482,17483,17484,17485,17486,17487,8386,17488,17489,17490,17491,17492,17493,17494,17495,17496,17497,17498,17499,17500,17501,17502
6000007,600000701,'1_merged_67024',8402,17503,17504,17505,17506,17507,8408,17508,17509,17510,17511,17512,17513,17514,17515,8417,17516,8419,17517,8421,17518,17519,17520,17521,8426,17522,8428,17523,8430,17524,8432,8433,8434,17525,17526,8437,17527,17528,17529,17530,17531,17532,17533,17534,8446,8447,8448,17535,17536,17537,17538,17539,17540,17541,17542,8457,17543,17544,8460,17545,17546,17547,17548,8465,17549,17550,17551,17552,8470,17553,17554,17555,17556,17557,17558,8477,17559,8479,17560,17561,8482,17562,17563,17564,8486,17565
6000007,600000701,'2_merged_67026',17566,8489,17567,17568,17569,17570,17571,17572,17573,17574,17575,17576,17577,17578,17579,17580,17581,17582,17583,17584,8508,17585,17586,17587,17588,17589,17590,17591,17592,17593,17594,17595,17596,17597,17598,17599,8524,17600,17601,17602,17603,17604,17605,17606,17607,17608
6000007,600000701,'3_merged_67025',17609,17610,17611,17612,17613,17614,17615,17616,8542,8543,17617,17618,17619,17620,17621,17622,17623,17624,17625,17626,17627,17628,17629,17630,17631,8559,17632,17633,17634,17635,17636,17637,17638,17639,17640,17641,17642,17643,17644,17645,17646
6000008,600000800,'1_merged_67024',17647,8576,8577,17648,17649,17650,8581,17651,17652,17653,8585,17654,8587,17655,8589,17656,8591,17657,17658,17659,17660,17661,17662,17663,17664,8600,17665,8602,17666,17667,17668,17669,17670,17671,17672,17673,17674,17675,17676,17677,17678,17679,8617,8618,17680,17681,17682,17683,17684,17685,17686,17687,8627,17688,17689,8630,17690,17691,17692,17693,17694,17695,8637,17696,17697,17698,8641,17699,8643,17700,8645,17701,17702,17703,17704,8650,17705,8652,17706,17707,17708,8656,17709,17710,8659,17711,17712,17713,17714,8664,17715,17716,17717,17718,17719,17720,17721,17722,17723,17724,8675,17725,17726,17727,8679,17728,17729,17730,17731,17732,8685,8686,17733,17734,17735,17736,17737,17738,17739,17740,17741,17742,17743
6000008,600000800,'2_merged_67026',17744,17745,17746,17747,17748,17749,17750,8705,17751,17752,17753,17754,17755,17756,17757,8713,17758,17759,17760,17761,17762,17763,17764,17765,17766,8723,17767,17768,17769,17770,17771,17772,17773,17774,8732,17775,17776,17777,17778,17779,17780,17781,8740,17782,17783,17784,17785,17786,8746,17787,17788,17789,8750,17790,17791,17792,17793,8755,17794,17795,17796,17797,17798,17799,17800,17801,17802,8765
6000008,600000800,'3_merged_67025',17803,17804,17805,17806,17807,17808,17809,17810,17811,17812,17813,17814,17815,17816,17817,17818,8782,8783,17819,17820,17821,17822,17823,17824,17825,17826,17827,8793,17828,17829,17830,17831,8798,17832,17833,17834,17835,17836,17837,8805,17838,17839,17840,17841,17842,8811,17843,17844,17845,17846,8816,17847,17848,17849,17850,17851,17852,17853,8824,17854,17855,17856,17857,17858,17859
6000008,600000801,'1_merged_67024',17860,17861,17862,17863,17864,17865,17866,8838,8839,17867,17868,8842,17869,8844,8845,17870,8847,17871,17872,8850,17873,17874,17875,17876,17877,17878,17879,17880,8859,17881,8861,17882,17883,17884,17885,17886,17887,17888,17889,17890,17891,17892,17893,17894,17895,8876,17896,17897,17898,17899,17900,17901,17902,17903,8885,17904,17905,17906,8889,17907,17908,8892,17909,17910,17911,17912,17913,8898,17914,17915,8901,17916,17917,17918,17919,8906,17920,17921,17922,17923,8911,8912,17924,8914,17925,17926,8917,17927,17928,17929,17930,8922,8923,17931,17932,8926,17933,17934,8929,17935,17936,17937,17938,17939,17940,8936,17941,17942,17943,17944,17945,17946,8943,17947,17948,17949,17950,17951
6000008,600000801,'2_merged_67026',17952,17953,17954,17955,17956,17957,17958,8956,17959,17960,17961,17962,17963,17964,17965,17966,8965,17967,17968,17969,17970,17971,17972,17973,17974,8974,17975,17976,17977,17978,17979,17980,17981,17982,17983,8984,17984,17985,17986,17987,17988,17989,8991,17990,17991,17992,17993,17994,8997,17995,17996,17997,9001,17998,17999,18000,18001,18002,9007,18003,18004,18005,18006,18007,18008,18009,18010,18011,18012,18013
6000008,600000801,'3_merged_67025',18014,18015,18016,18017,18018,18019,18020,18021,18022,18023,18024,18025,18026,18027,18028,18029,9035,9036,18030,18031,18032,18033,18034,18035,18036,18037,9045,18038,18039,18040,18041,18042,18043,9052,18044,18045,18046,18047,18048,18049,18050,18051,18052,18053,18054,9064,18055,18056,18057,18058,18059,9070,18060,18061,9073,18062,18063,18064,18065,18066,9079,18067,18068,18069,18070,18071,18072
6000009,600000900,'1_merged_67024',18073,18074,18075,18076,18077,9091,18078,18079,18080,18081,18082,18083,9098,18084,18085,9101,18086,18087,18088,18089,18090,9107,18091,18092,18093,18094,9112,18095,18096,18097,18098,18099,18100,18101,18102,9121,18103,9123,18104,18105,9126,9127,18106,18107,18108,9131,18109,18110,9134,18111,18112,18113,9138,18114,18115,18116,9142,9143,9144,18117,18118,18119,18120,18121,18122,9151,18123,18124,18125,18126,18127,18128,18129,18130,18131,18132,18133,18134,9164,9165,18135,18136,18137,9169,18138,18139,18140,18141,18142,18143,18144,18145,18146,18147,18148,18149,18150,18151,9184,9185,9186,9187,18152,18153,9190
6000009,600000900,'2_merged_67026',18154,18155,9193,18156,18157,18158,18159,18160,9199,18161,18162,18163,18164,18165,18166,18167,18168,18169,9209,18170,18171,18172,18173,18174,18175,18176,18177,18178,9219,18179,18180,18181,18182,18183,18184,9226,18185,18186,18187,18188,18189,18190,18191
6000009,600000900,'3_merged_67025',18192,18193,18194,18195,18196,18197,18198,18199,18200,18201,9244,18202,18203,18204,18205,18206,18207,18208,18209,9253,18210,18211,18212,18213,18214,18215,18216,18217,9262,18218,18219
6000009,600000901,'1_merged_67024',18220,18221,9267,18222,18223,18224,18225,9272,18226,18227,18228,18229,18230,9278,18231,18232,18233,18234,18235,18236,9285,18237,18238,18239,18240,18241,18242,18243,9293,18244,9295,18245,18246,18247,18248,9300,18249,18250,18251,18252,18253,18254,18255,9308,18256,9310,18257,9312,18258,18259,18260,9316,18261,18262,9319,18263,9321,18264,18265,18266,9325,18267,18268,18269,18270,18271,18272,9332,9333,18273,18274,18275,18276,18277,18278,18279,18280,18281,18282,18283,18284,18285,18286,18287,18288,9350,18289,18290,9353,9354,18291,18292,9357,18293,18294
6000009,600000901,'2_merged_67026',18295,18296,9362,18297,18298,18299,18300,18301,9368,18302,18303,18304,18305,18306,18307,18308,18309,18310,9378,18311,18312,18313,18314,18315,18316,18317,18318,18319,9388,18320,18321,18322,18323,18324,9394,18325,18326,18327,18328,18329,18330
6000009,600000901,'3_merged_67025',18331,18332,18333,18334,18335,18336,18337,18338,18339,9410,18340,18341,18342,18343,18344,18345,18346,18347,9419,18348,18349,18350,18351,18352,18353,18354,18355,9428,18356,18357,18358
624000002,62400000200,'1_merged_67024',18359,18360,18361,18362,18363,18364,18365,9439,18366,18367,18368,18369,9444,18370,18371,18372,18373,9449,18374,18375,18376,18377,18378,9455,18379,18380,18381,18382,18383,18384,18385,9463,18386,9465,18387,18388,9468,18389,9470,18390,18391,9473,18392,18393,9476,18394,9478,18395,9480,18396,18397,18398,9484,9485,18399,18400,9488,18401,9490,18402,9492,9493,18403,18404,18405,9497,18406,9499,18407,9501,18408,18409,18410,18411,18412,9507,18413,18414,18415,18416,18417,9513,18418,18419,18420,18421,18422,9519,18423,9521,18424,18425,18426,18427,18428,9527,9528,18429,18430,18431,9532,18432,9534,18433,9536,18434,9538,18435,18436,9541,18437,18438,18439,9545,18440,18441,18442,9549,18443,18444,18445,18446,9554
624000002,62400000200,'2_merged_67026',18447,18448,18449,18450,18451,18452,18453,9562,18454,18455,18456,18457,18458,18459,18460,18461,18462,18463,9573,9574,18464,18465,18466,18467,18468,18469,9581,18470,18471,18472,18473,18474,18475,18476,18477,9590,18478,18479,18480,18481,18482,18483,18484,18485,9599,9600,18486,18487,18488,18489,18490,18491,18492,18493,9609,18494,18495,18496,18497
624000002,62400000200,'3_merged_67025',18498,18499,18500,9617,18501,18502,18503,18504,18505,9623,18506,18507,18508,18509,18510,9629,9630,18511,18512,18513,18514,18515,18516,18517,18518,18519,9640,18520,18521,18522,18523,18524,18525,18526,18527,18528,18529,9651,18530,18531,18532,18533,18534
624000002,62400000201,'1_merged_67024',9657,18535,18536,18537,18538,18539,9663,9664,18540,18541,9667,18542,9669,18543,18544,18545,18546,18547,9675,18548,18549,18550,18551,18552,18553,18554,9683,18555,18556,18557,18558,18559,9689,18560,9691,18561,18562,18563,18564,9696,18565,9698,18566,9700,18567,18568,9703,18569,9705,18570,9707,9708,18571,18572,9711,9712,18573,18574,9715,18575,9717,18576,18577,9720,18578,18579,18580,9724,18581,9726,18582,9728,18583,18584,18585,18586,18587,18588,9735,18589,18590,18591,18592,9740,18593,18594,18595,18596,18597,9746,18598,9748,18599,18600,18601,18602,18603,18604,18605,18606,18607,9758,9759,18608,18609,9762,18610,9764,18611,18612,18613,9768,18614,18615,9771,18616,18617,18618,9775,18619,18620,18621,9779
624000002,62400000201,'2_merged_67026',18622,18623,18624,18625,18626,18627,18628,18629,9788,18630,18631,18632,18633,18634,18635,18636,18637,9797,9798,18638,18639,18640,18641,18642,18643,18644,18645,9807,18646,18647,18648,18649,18650,18651,9814,18652,18653,18654,18655,18656,18657,18658,18659,18660,18661,9825,9826,18662,18663,18664,18665,18666,18667,18668,9834,18669,18670,18671,18672,18673
624000002,62400000201,'3_merged_67025',18674,18675,18676,9843,18677,18678,18679,18680,18681,18682,9850,18683,18684,18685,9854,9855,9856,18686,18687,18688,18689,18690,18691,18692,18693,9865,18694,18695,18696,18697,18698,18699,18700,18701,18702,18703,9876,18704,18705,18706,18707,18708
624000003,62400000300,'1_merged_67024',18709,18710,18711,18712,18713,18714,9888,18715,9890,9891,18716,18717,9894,18718,9896,18719,18720,18721,18722,18723,18724,18725,18726,9905,18727,9907,18728,18729,18730,18731,9912,9913,9914,18732,18733,18734,9918,9919,9920,18735,18736,18737,9924,9925,18738,9927,18739,9929,9930,18740,18741,9933,18742,18743,18744,9937,18745,18746,9940,9941,18747,18748,18749,18750,9946,9947,18751,18752,18753,18754,9952,18755,18756,18757,18758,18759,9958,18760,18761,18762,18763,18764,18765,18766,18767,9967,18768,18769,18770,9971,18771,18772,18773,18774,18775,9977,18776,18777,18778,18779,9982,18780,18781,18782,18783,18784,18785,9989,18786,18787,18788,18789,9994,18790,18791,18792
624000003,62400000300,'2_merged_67026',18793,18794,18795,18796,18797,18798,10004,18799,18800,18801,18802,18803,18804,18805,18806,18807,18808,18809,18810,18811,18812,18813,18814,18815,18816,18817,10024,18818,18819,18820,18821,18822,18823,18824,18825,18826,18827,18828,10036,18829,18830,18831,18832,18833,18834,18835,18836,18837,18838,18839,18840,18841,18842,18843,18844,10053,18845,18846,18847,18848,18849,18850,18851,18852
624000003,62400000300,'3_merged_67025',18853,18854,10064,18855,18856,18857,18858,18859,18860,18861,18862,18863,18864,18865,18866,18867,18868,18869,18870,10081,18871,18872,18873,18874,18875,18876,18877,10089,18878,18879,18880,18881,18882,18883,18884,18885,18886,18887,18888,18889,10102,18890,18891,18892,18893
624000003,62400000301,'1_merged_67024',18894,18895,18896,18897,18898,18899,10113,10114,18900,18901,18902,10118,18903,10120,18904,10122,18905,18906,10125,18907,18908,18909,10129,10130,10131,18910,18911,10134,10135,18912,18913,10138,10139,10140,18914,18915,18916,10144,10145,18917,18918,10148,10149,10150,10151,18919,10153,18920,10155,10156,18921,10158,18922,10160,18923,18924,10163,18925,18926,10166,18927,18928,18929,18930,18931,18932,18933,18934,10175,18935,18936,10178,18937,18938,10181,18939,10183,18940,10185,18941,18942,10188,18943,18944,18945,18946,18947,18948,18949,18950,18951,18952,10199,18953,18954,18955,10203,18956,18957,18958,10207,18959,18960,18961,18962,18963,18964,10214,18965,18966,18967,10218,18968,10220,18969,18970,18971,18972,10225,10226,18973,18974,18975
624000003,62400000301,'2_merged_67026',18976,18977,18978,18979,18980,18981,10236,18982,18983,18984,18985,18986,18987,18988,18989,18990,18991,18992,18993,10249,18994,18995,18996,18997,18998,18999,19000,19001,10258,19002,19003,19004,19005,19006,19007,19008,19009,19010,10268,19011,19012,19013,19014,19015,19016,19017,10276,19018,19019,19020,19021,19022,19023,19024,10284,19025,19026,19027,19028,19029,19030,19031,19032,10293
624000003,62400000301,'3_merged_67025',19033,19034,10296,19035,19036,19037,19038,19039,19040,19041,19042,19043,10306,19044,19045,19046,19047,19048,19049,10313,19050,19051,19052,19053,19054,19055,19056,10321,19057,19058,19059,19060,19061,19062,19063,19064,19065,19066,19067,19068,19069,19070,10336,19071,19072,19073,19074
624000004,62400000400,'1_merged_67024',10341,10342,19075,10344,19076,10346,19077,10348,10349,19078,19079,19080,19081,19082,19083,19084,19085,19086,10359,19087,19088,19089,19090,19091,19092,19093,19094,10368,19095,19096,19097,19098,19099,19100,19101,19102,19103,19104,19105,19106,19107,19108,19109,19110,10385,19111,19112,19113,10389,19114,10391,19115,19116,19117,19118,19119,19120,19121,10399,19122,19123,10402,19124,19125,10405,19126,19127,19128,19129,19130,19131,19132,19133,19134,19135,10416,19136,19137,19138,19139,19140,19141,19142,10424,19143,19144,19145,19146,19147,10430,19148,19149,19150,19151,19152,19153,19154,19155,19156,10440,19157,19158,19159,19160,19161,19162,19163,19164,10449,10450,19165,19166,10453,19167,10455,10456,19168,19169,19170,19171,10461,19172,19173,19174
624000004,62400000400,'2_merged_67026',19175,19176,19177,19178,19179,19180,19181,19182,10473,19183,19184,19185,19186,19187,19188,19189,19190,10482,19191,19192,19193,19194,19195,19196,10489,19197,19198,19199,19200,19201,19202,10496,19203,19204,19205,19206,19207,10502,19208,19209,19210,19211,19212,10508,19213,19214,19215,19216,19217,19218,19219,19220,19221,10518,19222,19223,19224,19225,19226,19227,19228,19229
624000004,62400000400,'3_merged_67025',19230,19231,19232,10530,19233,19234,19235,19236,19237,19238,19239,19240,19241,19242,19243,19244,19245,10544,19246,19247,19248,19249,19250,19251,19252,19253,10553,19254,19255,19256,19257,19258,10559,19259,19260,19261,19262,19263,19264,19265,19266,10568,19267,19268,19269,19270,19271,19272,19273,19274,19275,19276,19277,19278,19279,19280,10583,10584
624000004,62400000401,'1_merged_67024',19281,19282,10587,19283,19284,19285,10591,19286,19287,19288,19289,10596,10597,19290,19291,19292,19293,19294,10603,10604,19295,19296,19297,19298,19299,19300,19301,19302,19303,10614,19304,19305,19306,19307,19308,19309,19310,19311,19312,19313,19314,19315,19316,19317,19318,19319,19320,19321,10633,10634,10635,19322,10637,19323,10639,19324,19325,19326,19327,19328,19329,19330,10647,19331,10649,10650,19332,19333,10653,19334,19335,19336,19337,19338,10659,10660,19339,19340,19341,19342,19343,10666,19344,19345,19346,19347,19348,19349,19350,19351,19352,19353,19354,19355,19356,10680,19357,19358,19359,19360,19361,19362,19363,19364,19365,19366,19367,19368,10693,19369,19370,19371,19372,10698,10699,19373,19374,10702,19375,19376,10705,10706,19377,19378,19379,19380,19381,19382,19383
624000004,62400000401,'2_merged_67026',19384,19385,19386,19387,19388,19389,19390,19391,19392,10723,19393,19394,19395,19396,19397,19398,19399,10731,19400,19401,19402,19403,19404,10737,19405,19406,19407,19408,19409,19410,10744,19411,19412,19413,19414,19415,19416,10751,19417,19418,19419,19420,19421,10757,19422,19423,19424,19425,19426,19427,19428,19429,19430,10767,19431,19432,19433,19434,19435,19436,19437,19438
624000004,62400000401,'3_merged_67025',19439,19440,19441,10779,19442,19443,19444,19445,19446,19447,19448,19449,19450,19451,19452,19453,19454,19455,19456,19457,19458,19459,19460,19461,19462,19463,10802,19464,19465,19466,19467,19468,10808,19469,19470,19471,19472,19473,19474,19475,19476,19477,10818,19478,19479,19480,19481,19482,19483,19484,19485,19486,19487,19488,19489,19490,19491,10833,10834
