'1',1901,55240,0,'Drake',1,7210,0,'Drake',1,3000,0,'Drake',1,6500,0,'Drake',1,2190,0,'Drake',1,5910,0,'Drake',1,2100,0,'Drake',1,2100,0,'Drake',1,6000,0,'Drake',1,2000,0,'Drake',1,2100,0,'Drake',1,6890,0,'Drake',1,3710,0,'Drake',1,7800,0,'Drake',1,8090,0,'Drake',1,4000,0,'Drake',1,7800,0,'Drake',1,8100,0,'Drake',1,4000,0,'Drake',1,7860,0,'Drake',1,1700,0,'Drake',1,5900,0,'Drake',1,2000,0,'Drake',1,2100,0,'Drake',1,5800,0,'Drake',1,1800,0,'Drake',1,1950,0,'Drake',1,2000,0,'Drake',1,6100,0,'Drake',1,2700,0,'Drake',1,7400,0,'Drake',1,3400,0,'Drake',1,8100,0,'Drake',1,8900,0,'Drake',1,9000,0,'Drake',1,9000,0,'Drake',1,4900,0,'Drake',1,8800,0,'Drake',1,8800,0,'Drake',1
'15071-special',1901,65650,0,'Drake',1
'15073-special',1901,84550,0,'Drake',1
'15075-special',1901,103550,0,'Drake',1
'15077-special',1901,122950,0,'Drake',1
'15079-special',1901,142550,0,'Drake',1
'15081-special',1901,162150,0,'Drake',1
'15083-special',1901,181450,0,'Drake',1
'15085-special',1901,201550,0,'Drake',1
'15089-special',1901,234150,0,'Drake',1
'15094-special',1901,75150,0,'Drake',1
'15096-special',1901,93950,0,'Drake',1
'15098-special',1901,113150,0,'Drake',1
'15100-special',1901,132750,0,'Drake',1
'15102-special',1901,152350,0,'Drake',1
'15104-special',1901,171950,0,'Drake',1
'15106-special',1901,190850,0,'Drake',1
'15110-special',1901,223450,0,'Drake',1
'15131-special',1901,212550,0,'Drake',1
'2',1901,54850,0,'Drake',1,7900,0,'Drake',1,8100,0,'Drake',1,4200,0,'Drake',1,8200,0,'Drake',1,8400,0,'Drake',1,8400,0,'Drake',1,4400,0,'Drake',1,8400,0,'Drake',1,8600,0,'Drake',1,8600,0,'Drake',1,4600,0,'Drake',1,8600,0,'Drake',1,8600,0,'Drake',1,8700,0,'Drake',1,4600,0,'Drake',1,9200,0,'Drake',1,9500,0,'Drake',1,9500,0,'Drake',1,9000,0,'Drake',1,9100,0,'Drake',1,9100,0,'Drake',1,5100,0,'Drake',1,9100,0,'Drake',1,9000,0,'Drake',1,9000,0,'Drake',1
'3',1901,65650,0,'Drake',1,9500,0,'Drake',1,9400,0,'Drake',1,9400,0,'Drake',1,9600,0,'Drake',1,9600,0,'Drake',1,9800,0,'Drake',1,9800,0,'Drake',1,9800,0,'Drake',1,9800,0,'Drake',1,9800,0,'Drake',1,9800,0,'Drake',1,9500,0,'Drake',1,9400,0,'Drake',1,10700,0,'Drake',1,11000,0,'Drake',1,10900,0,'Drake',1,10700,0,'Drake',1
