'1merged67226',1901,54700,0,'Autumnwood',1,5400,0,'Drake',1,1200,0,'Autumnwood',1,1000,0,'Drake',1,900,0,'Autumnwood',1,1000,0,'Drake',1,800,0,'Autumnwood',1,900,0,'Drake',1,4840,0,'Autumnwood',1,900,0,'Drake',1,900,0,'Autumnwood',1,1000,0,'Drake',1,1000,0,'Autumnwood',1,1000,0,'Drake',1,5100,0,'Autumnwood',1,1100,0,'Drake',1,1100,0,'Autumnwood',1,1700,0,'Drake',1,300,0,'Downtown',1,5600,0,'Autumnwood',1,2000,0,'Drake',1,1800,0,'Autumnwood',1,5900,0,'Drake',1,2000,0,'Autumnwood',1,2100,0,'Drake',1,6000,0,'Autumnwood',1,2000,0,'Drake',1,1900,0,'Autumnwood',1,5900,0,'Drake',1,2000,0,'Autumnwood',1,2000,0,'Drake',1,6100,0,'Autumnwood',1,2000,0,'Drake',1,1900,0,'Autumnwood',1,1100,0,'Drake',1,5100,0,'Autumnwood',1,1000,0,'Drake',1,980,0,'Autumnwood',1,900,0,'Drake',1,1000,0,'Autumnwood',1,900,0,'Drake',1,900,0,'Autumnwood',1,5000,0,'Drake',1,1000,0,'Autumnwood',1,900,0,'Drake',1,980,0,'Autumnwood',1,1000,0,'Drake',1,900,0,'Autumnwood',1,4900,0,'Drake',1,1000,0,'Autumnwood',1,900,0,'Drake',1,1000,0,'Autumnwood',1,1100,0,'Drake',1,1200,0,'Autumnwood',1,5220,0,'Drake',1,1500,0,'Autumnwood',1,1620,0,'Drake',1,1700,0,'Autumnwood',1,6000,0,'Drake',1,2360,0,'Autumnwood',1,6700,0,'Drake',1,2700,0,'Autumnwood',1,6600,0,'Drake',1,2600,0,'Autumnwood',1,2500,0,'Drake',1,6600,0,'Autumnwood',1,2500,0,'Drake',1,6500,0,'Autumnwood',1,2600,0,'Drake',1,6600,0,'Autumnwood',1,2500,0,'Drake',1,2500,0,'Autumnwood',1,6510,0,'Drake',1,2500,0,'Autumnwood',1,6500,0,'Drake',1,2500,0,'Autumnwood',1
'2merged67228',1901,54610,0,'Autumnwood',1,5900,0,'Drake',1,2000,0,'Autumnwood',1,2100,0,'Drake',1,6000,0,'Autumnwood',1,2100,0,'Drake',1,2100,0,'Autumnwood',1,6100,0,'Drake',1,2100,0,'Autumnwood',1,2200,0,'Drake',1,6190,0,'Autumnwood',1,2200,0,'Drake',1,2200,0,'Autumnwood',1,6200,0,'Drake',1,2200,0,'Autumnwood',1,6200,0,'Drake',1,2300,0,'Autumnwood',1,2240,0,'Drake',1,6200,0,'Autumnwood',1,2300,0,'Drake',1,2300,0,'Autumnwood',1,6300,0,'Drake',1,2300,0,'Autumnwood',1,6300,0,'Drake',1,2300,0,'Autumnwood',1,2300,0,'Drake',1,6300,0,'Autumnwood',1,2400,0,'Drake',1,6300,0,'Autumnwood',1,2300,0,'Drake',1,2500,0,'Autumnwood',1,6760,0,'Drake',1,2700,0,'Autumnwood',1,6800,0,'Drake',1,600,0,'Downtown',1,2300,0,'Autumnwood',1,6700,0,'Drake',1,2600,0,'Autumnwood',1,6700,0,'Drake',1,2500,0,'Autumnwood',1,2600,0,'Drake',1,6600,0,'Autumnwood',1,2500,0,'Drake',1,6500,0,'Autumnwood',1,2600,0,'Drake',1,6600,0,'Autumnwood',1,2500,0,'Drake',1,2500,0,'Autumnwood',1,6510,0,'Drake',1,2500,0,'Autumnwood',1,6500,0,'Drake',1,2500,0,'Autumnwood',1
'3merged67227',1901,70110,0,'Autumnwood',1,2700,0,'Drake',1,2700,0,'Autumnwood',1,6700,0,'Drake',1,2700,0,'Autumnwood',1,6590,0,'Drake',1,2800,0,'Autumnwood',1,6800,0,'Drake',1,2800,0,'Autumnwood',1,6800,0,'Drake',1,2840,0,'Autumnwood',1,6800,0,'Drake',1,2900,0,'Autumnwood',1,6900,0,'Drake',1,2900,0,'Autumnwood',1,2900,0,'Drake',1,6900,0,'Autumnwood',1,2900,0,'Drake',1,6900,0,'Autumnwood',1,2900,0,'Drake',1,6900,0,'Autumnwood',1,2900,0,'Drake',1,6860,0,'Autumnwood',1,2700,0,'Drake',1,6800,0,'Autumnwood',1,2700,0,'Drake',1,7400,0,'Autumnwood',1,3500,0,'Drake',1,7600,0,'Autumnwood',1,7500,0,'Drake',1,3500,0,'Autumnwood',1,7400,0,'Drake',1,3400,0,'Autumnwood',1,7300,0,'Drake',1,8810,0,'Autumnwood',1
'1merged67226',2801,152950,,'',1,1200,,'',1,1200,,'',1,5200,,'',1,1290,,'',1,1300,,'',1,1000,,'',1,1300,,'',1,5110,,'',1,1200,,'',1,1200,,'',1,1200,,'',1,5900,,'',1,2000,,'',1
'1merged67226',3001,152330,,'',1,8380,,'',1,1800,,'',1,2600,,'',1,7200,,'',1
'1merged67226',3301,60530,,'',1,2200,,'',1,2000,,'',1,5780,,'',1,1940,,'',1,1800,,'',1,6000,,'',1,2000,,'',1,2000,,'',1,6100,,'',1,2060,,'',1,2000,,'',1,5900,,'',1,1900,,'',1,2000,,'',1,5900,,'',1,2000,,'',1,1900,,'',1,1900,,'',1,6040,,'',1,2100,,'',1,6000,,'',1,2100,,'',1,2000,,'',1,6100,,'',1,2090,,'',1,2200,,'',1,6280,,'',1,2000,,'',1,2200,,'',1,6100,,'',1,1900,,'',1,1900,,'',1,5820,,'',1,1710,,'',1,1700,,'',1,1760,,'',1,5600,,'',1,1620,,'',1,1800,,'',1,5900,,'',1,3000,,'',1,7100,,'',1,3000,,'',1,7100,,'',1,3000,,'',1,7000,,'',1,2810,,'',1,7000,,'',1,2860,,'',1,6800,,'',1,2700,,'',1,2600,,'',1,6600,,'',1
'2merged67228',3301,61340,,'',1,2100,,'',1,2100,,'',1,6200,,'',1,2300,,'',1,6200,,'',1,2300,,'',1,2300,,'',1,6200,,'',1,2200,,'',1,2300,,'',1,6300,,'',1,2200,,'',1,6200,,'',1,1900,,'',1,1890,,'',1,1900,,'',1,5900,,'',1,1900,,'',1,1900,,'',1,5900,,'',1,1900,,'',1,1900,,'',1,5900,,'',1,1900,,'',1,1900,,'',1,5900,,'',1,1900,,'',1,1900,,'',1,5900,,'',1,1900,,'',1,1900,,'',1,5900,,'',1,1900,,'',1,1900,,'',1,5900,,'',1,1800,,'',1,1900,,'',1,1900,,'',1,5710,,'',1,1800,,'',1,1800,,'',1,5800,,'',1,2000,,'',1,2000,,'',1,6700,,'',1,2900,,'',1,6900,,'',1,2900,,'',1,6800,,'',1,2900,,'',1,6760,,'',1,2600,,'',1,2700,,'',1,6600,,'',1
'3merged67227',3301,72300,,'',1,2840,,'',1,6800,,'',1,2900,,'',1,6900,,'',1,2900,,'',1,7090,,'',1,3000,,'',1,7000,,'',1,3000,,'',1,7000,,'',1,3080,,'',1,7100,,'',1,3100,,'',1,7100,,'',1,3100,,'',1,7100,,'',1,3100,,'',1,7020,,'',1,3100,,'',1,7000,,'',1,3000,,'',1,7100,,'',1,2910,,'',1,6900,,'',1,2900,,'',1,6900,,'',1,2800,,'',1,6760,,'',1,2800,,'',1,6700,,'',1,2700,,'',1,6800,,'',1,2600,,'',1,6700,,'',1
'1merged67226',3801,61300,,'',1,2200,,'',1,2200,,'',1,6340,,'',1,2400,,'',1,6400,,'',1,2300,,'',1,2400,,'',1,6400,,'',1,2400,,'',1,6400,,'',1,2300,,'',1,2400,,'',1,6400,,'',1,2400,,'',1,6500,,'',1,2400,,'',1,2400,,'',1,6500,,'',1,2500,,'',1,6590,,'',1,2500,,'',1,6590,,'',1,2580,,'',1,2800,,'',1,6800,,'',1,2720,,'',1,6800,,'',1,2610,,'',1,6700,,'',1,2610,,'',1,6600,,'',1,4360,,'',1,8310,,'',1,8100,,'',1,4100,,'',1,8000,,'',1,7900,,'',1,3910,,'',1,7800,,'',1
'2merged67228',3801,63310,,'',1,7000,,'',1,3000,,'',1,6900,,'',1,2990,,'',1,7000,,'',1,3000,,'',1,7100,,'',1,3100,,'',1,7100,,'',1,3100,,'',1,7200,,'',1,3200,,'',1,7200,,'',1,3200,,'',1,7300,,'',1,3300,,'',1,7200,,'',1,3300,,'',1,7300,,'',1,7200,,'',1,3200,,'',1,7300,,'',1,3100,,'',1,7110,,'',1,4200,,'',1,8200,,'',1,8100,,'',1,4100,,'',1,8000,,'',1,7900,,'',1,3910,,'',1,7800,,'',1
'3merged67227',3801,70710,,'',1,4300,,'',1,8490,,'',1,8400,,'',1,8600,,'',1,4500,,'',1,8600,,'',1,8600,,'',1,8600,,'',1,4600,,'',1,8600,,'',1,8600,,'',1,8600,,'',1,4600,,'',1,8600,,'',1,8600,,'',1,8310,,'',1,4300,,'',1,8100,,'',1,8100,,'',1,4100,,'',1,8000,,'',1,7900,,'',1,3910,,'',1
