22400,'1_merged_67006',553,,32031,19,4,,1,68,,21633,45,4,,1,29,,32012,45,4,,1,69,,32032,45,4,,1,29,,32020,45,4,,1,70,,32013,45,4,,1,30,,32033,45,4,,1,69,,32021,45,4,,1,29,,21626,45,4,,1,70,,32034,45,4,,1,29,,32022,45,4,,1,69,,32014,45,4,,1,28,,32035,45,4,,1,69,,32023,45,4,,1,29,,32015,45,4,,1,68,,32036,45,4,,1,29,,32024,45,4,,1,69,,32016,45,4,,1,30,,32037,45,4,,1,73,,32025,45,4,,1,31,,32017,45,4,,1,71,,32038,45,4,,1,32,,32026,45,4,,1,71,,32018,45,4,,1,31,,32039,45,4,,1,71,,32027,45,4,,1,30,,32019,45,4,,1,69,,32040,45,4,,1,27,,21642,45,4,,1,81,,32008,45,4,,1,82,,32028,45,4,,1,40,,32009,45,4,,1,81,,32029,45,4,,1,80,,32010,45,4,,1,41,,32030,45,4,,1,80,,32011,45,4,,1
22400,'2_merged_67008',702,,32041,45,4,,1,40,,32053,45,4,,1,81,,32042,45,4,,1,80,,32054,45,4,,1,42,,32043,45,4,,1,81,,32055,45,4,,1,82,,32044,45,4,,1,43,,32056,45,4,,1,83,,32045,45,4,,1,83,,32057,45,4,,1,83,,32046,45,4,,1,43,,32058,45,4,,1,83,,32047,45,4,,1,83,,32059,45,4,,1,43,,32048,45,4,,1,83,,32060,45,4,,1,82,,32049,45,4,,1,42,,32061,45,4,,1,83,,21665,45,4,,1,81,,32062,45,4,,1,82,,32050,45,4,,1,40,,32063,45,4,,1,81,,32051,45,4,,1,80,,21680,45,4,,1,41,,32052,45,4,,1,80,,21681,45,4,,1
22400,'3_merged_67007',741,,32064,19,4,,1,76,,32065,19,4,,1,36,,32066,19,4,,1,76,,32067,19,4,,1,76,,32068,19,4,,1,38,,32069,19,4,,1,79,,32070,19,4,,1,80,,32071,19,4,,1,40,,32072,19,4,,1,80,,32073,19,4,,1,80,,32074,19,4,,1,40,,32075,19,4,,1,80,,32076,19,4,,1,80,,32077,19,4,,1,40,,32078,19,4,,1,80,,32079,19,4,,1,80,,32080,19,4,,1,39,,32081,19,4,,1,79,,32082,19,4,,1,38,,32083,19,4,,1,78,,32084,19,4,,1,77,,32085,19,4,,1,36,,32086,19,4,,1,76,,32087,19,4,,1,76,,32088,19,4,,1,36,,32089,19,4,,1,76,,32090,19,4,,1
22401,'1_merged_67006',528,,32095,1,,,1,28,,32115,1,,,1,68,,21723,1,,,1,29,,32096,1,,,1,69,,32116,1,,,1,29,,32104,1,,,1,70,,21715,1,,,1,30,,32117,1,,,1,70,,32105,1,,,1,29,,32097,1,,,1,69,,32118,1,,,1,29,,32106,1,,,1,69,,32098,1,,,1,28,,32119,1,,,1,69,,32107,1,,,1,29,,32099,1,,,1,68,,32120,1,,,1,30,,32108,1,,,1,70,,32100,1,,,1,30,,32121,1,,,1,71,,32109,1,,,1,31,,32101,1,,,1,71,,32122,1,,,1,32,,32110,1,,,1,71,,32102,1,,,1,31,,32123,1,,,1,71,,21731,1,,,1,83,,32091,1,,,1,43,,32111,1,,,1,81,,32092,1,,,1,82,,32112,1,,,1,40,,32093,1,,,1,81,,32113,1,,,1,80,,32094,1,,,1,41,,32114,1,,,1
22401,'2_merged_67008',624,,32136,1,,,1,81,,32124,1,,,1,40,,32137,1,,,1,81,,32125,1,,,1,80,,32138,1,,,1,42,,32126,1,,,1,81,,32139,1,,,1,82,,32127,1,,,1,43,,32140,1,,,1,83,,32128,1,,,1,83,,32141,1,,,1,83,,32129,1,,,1,43,,32142,1,,,1,83,,32130,1,,,1,83,,32143,1,,,1,43,,32131,1,,,1,83,,32144,1,,,1,82,,21753,1,,,1,82,,32145,1,,,1,43,,32132,1,,,1,81,,32146,1,,,1,82,,32133,1,,,1,40,,32147,1,,,1,81,,32134,1,,,1,80,,21770,1,,,1,41,,32135,1,,,1
22401,'3_merged_67007',708,,32148,1,0,5 6,1,36,,32149,1,0,5 6,1,76,,21773,1,0,5 6,1,36,,32150,1,0,5 6,1,76,,32151,1,0,5 6,1,76,,32152,1,0,5 6,1,38,,32153,1,0,5 6,1,79,,32154,1,0,5 6,1,80,,32155,1,0,5 6,1,40,,32156,1,0,5 6,1,80,,32157,1,0,5 6,1,80,,32158,1,0,5 6,1,40,,32159,1,0,5 6,1,80,,32160,1,0,5 6,1,80,,21785,1,0,5 6,1,40,,32161,1,0,5 6,1,80,,32162,1,0,5 6,1,80,,32163,1,0,5 6,1,39,,32164,1,0,5 6,1,79,,32165,1,0,5 6,1,78,,32166,1,0,5 6,1,38,,32167,1,0,5 6,1,77,,32168,1,0,5 6,1,36,,32169,1,0,5 6,1,76,,32170,1,0,5 6,1,76,,32171,1,0,5 6,1,36,,21797,1,0,5 6,1
83300,'1_merged_67006',559,,33737,28,4,,1,87,,33738,28,4,,1,90,,33739,28,4,,1,91,,23604,28,4,,1,91,,33740,28,4,,1,622,,33741,28,4,,1,92,,33742,28,4,,1,91,,33743,28,4,,1,91,,23609,28,4,,1,88,,33744,28,4,,1
83301,'1_merged_67006',602,,33745,1,,,1,47,,33746,1,,,1,90,,23613,1,,,1,91,,33747,1,,,1,621,,33748,1,,,1,92,,33749,1,,,1,92,,33750,1,,,1,91,,33751,1,,,1,91,,33752,1,,,1
88900,'1_merged_67006',639,,33869,26,4,,1,79,,33872,26,4,,1,41,,33870,26,4,,1,81,,33873,26,4,,1,80,,33871,26,4,,1,586,,33865,26,4,,1,41,,33874,26,4,,1,82,,33866,26,4,,1,81,,33875,26,4,,1,41,,33867,26,4,,1,81,,33876,26,4,,1,77,,33868,26,4,,1
88901,'1_merged_67006',526,,33880,1,,,1,78,,33883,1,,,1,39,,33881,1,,,1,79,,33884,1,,,1,81,,33882,1,,,1,41,,33885,1,,,1,666,,33877,1,,,1,41,,33886,1,,,1,82,,33878,1,,,1,81,,33887,1,,,1,41,,33879,1,,,1
