2800,'1',523,,39369,1,,,1,16,,39370,1,,,1,16,,39371,1,,,1,54,,39383,1,,,1,14,,39361,1,,,1,14,,39395,1,,,1,12,,39384,1,,,1,52,,39377,1,,,1,13,,39378,1,,,1,13,,39389,1,,,1,14,,39390,1,,,1,14,,39396,1,,,1,56,,39372,1,,,1,27,,39362,1,,,1,67,,39385,1,,,1,26,,39379,1,,,1,27,,39391,1,,,1,67,,39373,1,,,1,26,,39363,1,,,1,67,,39386,1,,,1,27,,39380,1,,,1,66,,39392,1,,,1,27,,39374,1,,,1,66,,39364,1,,,1,27,,39387,1,,,1,27,,39381,1,,,1,66,,39397,1,,,1,15,,39393,1,,,1,14,,39375,1,,,1,53,,39410,1,,,1,15,,39365,1,,,1,15,,39403,1,,,1,16,,39388,1,,,1,55,,39359,1,,,1,15,,39382,1,,,1,15,,39402,1,,,1,16,,39398,1,,,1,56,,39394,1,,,1,16,,39376,1,,,1,16,,39411,1,,,1,15,,39366,1,,,1,72,,39399,1,,,1,72,,39404,1,,,1,32,,39407,1,,,1,72,,39367,1,,,1,31,,39400,1,,,1,70,,39405,1,,,1,30,,39408,1,,,1,70,,39368,1,,,1,30,,39401,1,,,1,70,,39406,1,,,1,30,,39409,1,,,1
2800,'2',537,,39439,1,,,1,69,,39430,1,,,1,29,,39422,1,,,1,69,,39413,1,,,1,30,,39440,1,,,1,70,,39431,1,,,1,30,,39423,1,,,1,69,,39414,1,,,1,31,,39441,1,,,1,71,,39432,1,,,1,31,,39424,1,,,1,70,,39415,1,,,1,32,,39442,1,,,1,72,,39433,1,,,1,32,,39425,1,,,1,72,,39416,1,,,1,32,,39443,1,,,1,72,,39434,1,,,1,32,,39426,1,,,1,72,,39417,1,,,1,32,,39444,1,,,1,72,,39435,1,,,1,32,,39427,1,,,1,72,,39418,1,,,1,72,,39445,1,,,1,32,,39436,1,,,1,71,,39428,1,,,1,30,,39419,1,,,1,70,,39446,1,,,1,30,,39437,1,,,1,70,,39429,1,,,1,30,,39420,1,,,1,100,,39438,1,,,1,100,,39421,1,,,1
2800,'3',647,,39465,1,,,1,80,,39458,1,,,1,79,,39450,1,,,1,40,,39466,1,,,1,79,,39459,1,,,1,80,,39451,1,,,1,41,,39467,1,,,1,81,,39460,1,,,1,81,,39452,1,,,1,43,,39468,1,,,1,82,,39461,1,,,1,82,,39453,1,,,1,43,,39469,1,,,1,82,,39462,1,,,1,82,,39454,1,,,1,83,,39470,1,,,1,42,,39463,1,,,1,83,,39455,1,,,1,82,,39471,1,,,1,43,,39464,1,,,1,81,,39456,1,,,1,99,,39447,1,,,1,100,,39457,1,,,1,100,,39448,1,,,1
2800,'6',647,,39488,1,,,1,80,,39481,1,,,1,79,,39473,1,,,1,40,,39489,1,,,1,79,,39482,1,,,1,80,,39474,1,,,1,41,,39490,1,,,1,81,,39483,1,,,1,81,,39475,1,,,1,43,,39491,1,,,1,82,,39484,1,,,1,82,,39476,1,,,1,43,,39492,1,,,1,82,,39485,1,,,1,82,,39477,1,,,1,83,,39493,1,,,1,42,,39486,1,,,1,83,,39478,1,,,1,82,,39494,1,,,1,43,,39487,1,,,1,81,,39479,1,,,1,99,,39495,1,,,1,100,,39480,1,,,1,100,,39496,1,,,1
2801,'1',550,,39499,24,4,,1,62,,39500,66,4,,1,21,,39509,66,4,,1,12,,39524,24,4,,1,11,,39516,66,4,,1,53,,39517,66,4,,1,13,,39530,66,4,,1,14,,39531,66,4,,1,13,,39537,66,4,,1,55,,39510,66,4,,1,14,,39523,66,4,,1,14,,39501,66,4,,1,14,,39536,66,4,,1,54,,39525,66,4,,1,25,,39518,66,4,,1,26,,39532,66,4,,1,67,,39511,66,4,,1,26,,39502,66,4,,1,67,,39526,66,4,,1,27,,39519,66,4,,1,67,,39533,66,4,,1,27,,39512,66,4,,1,26,,39503,66,4,,1,67,,39527,66,4,,1,27,,39520,66,4,,1,67,,39534,66,4,,1,27,,39513,66,4,,1,68,,39504,66,4,,1,17,,39538,66,4,,1,16,,39528,66,4,,1,55,,39497,66,4,,1,15,,39521,66,4,,1,15,,39544,66,4,,1,16,,39539,66,4,,1,56,,39535,66,4,,1,16,,39514,66,4,,1,15,,39550,66,4,,1,14,,39505,66,4,,1,54,,39545,66,4,,1,15,,39529,66,4,,1,14,,39498,66,4,,1,13,,39522,66,4,,1,65,,39540,66,4,,1,25,,39515,66,4,,1,65,,39506,66,4,,1,30,,39541,66,4,,1,29,,39546,66,4,,1,71,,39548,66,4,,1,70,,39507,66,4,,1,30,,39542,66,4,,1,70,,39547,66,4,,1,30,,39549,66,4,,1,70,,39508,66,4,,1,30,,39543,66,4,,1
2801,'2',602,,39568,24,4,,1,28,,39560,66,4,,1,29,,39551,66,4,,1,70,,39578,66,4,,1,30,,39569,66,4,,1,70,,39561,66,4,,1,29,,39552,66,4,,1,70,,39579,66,4,,1,31,,39570,66,4,,1,71,,39562,66,4,,1,72,,39553,66,4,,1,31,,39580,66,4,,1,72,,39571,66,4,,1,32,,39563,66,4,,1,72,,39554,66,4,,1,33,,39581,66,4,,1,72,,39572,66,4,,1,32,,39564,66,4,,1,72,,39555,66,4,,1,32,,39582,66,4,,1,72,,39573,66,4,,1,32,,39565,66,4,,1,72,,39556,66,4,,1,32,,39583,66,4,,1,71,,39574,66,4,,1,71,,39566,66,4,,1,30,,39557,66,4,,1,29,,39584,66,4,,1,70,,39575,66,4,,1,30,,39567,66,4,,1,70,,39558,66,4,,1,30,,39585,66,4,,1,70,,39576,66,4,,1,99,,39559,66,4,,1,101,,39577,66,4,,1
2801,'3',717,,39596,66,4,,1,41,,39587,66,4,,1,84,,39604,66,4,,1,79,,39597,66,4,,1,80,,39588,66,4,,1,40,,39605,66,4,,1,82,,39598,66,4,,1,81,,39589,66,4,,1,43,,39606,66,4,,1,82,,39599,66,4,,1,82,,39590,66,4,,1,43,,39607,66,4,,1,82,,39600,66,4,,1,82,,39591,66,4,,1,83,,39608,66,4,,1,42,,39601,66,4,,1,81,,39592,66,4,,1,82,,39609,66,4,,1,41,,39602,66,4,,1,81,,39593,66,4,,1,80,,39610,66,4,,1,40,,39603,66,4,,1,81,,39594,66,4,,1,99,,39586,66,4,,1,101,,39595,66,4,,1
2801,'6',717,,39620,66,4,,1,41,,39611,66,4,,1,84,,39628,66,4,,1,79,,39621,66,4,,1,80,,39612,66,4,,1,40,,39629,66,4,,1,82,,39622,66,4,,1,81,,39613,66,4,,1,43,,39630,66,4,,1,82,,39623,66,4,,1,82,,39614,66,4,,1,43,,39631,66,4,,1,82,,39624,66,4,,1,82,,39615,66,4,,1,83,,39632,66,4,,1,42,,39625,66,4,,1,81,,39616,66,4,,1,82,,39633,66,4,,1,41,,39626,66,4,,1,81,,39617,66,4,,1,80,,39634,66,4,,1,40,,39627,66,4,,1,81,,39618,66,4,,1,99,,39635,66,4,,1,101,,39619,66,4,,1
69400,'1',557,,43886,32,4,,1,69,,43890,32,4,,1,29,,43887,32,4,,1,70,,43891,32,4,,1,31,,43888,32,4,,1,70,,43892,32,4,,1,32,,43889,32,4,,1,672,,43893,32,4,,1,71,,43897,32,4,,1,31,,43894,32,4,,1,71,,43898,32,4,,1,30,,43895,32,4,,1,70,,43899,32,4,,1,30,,43896,32,4,,1
69401,'1',532,,43903,1,,,1,69,,43900,1,,,1,29,,43904,1,,,1,29,,43901,1,,,1,69,,43905,1,,,1,31,,43902,1,,,1,70,,43906,1,,,1,602,,43907,1,,,1,71,,43911,1,,,1,31,,43908,1,,,1,71,,43912,1,,,1,31,,43909,1,,,1,71,,43913,1,,,1,30,,43910,1,,,1,71,,43914,1,,,1
