'1',1901,55900,0,'Drake',1,7300,0,'Drake',1,7000,0,'Drake',1,2500,0,'Drake',1,2100,0,'Drake',1,6000,0,'Drake',1,2100,0,'Drake',1,2100,0,'Drake',1,6000,0,'Drake',1,2000,0,'Drake',1,2100,0,'Drake',1,6800,0,'Drake',1,3800,0,'Drake',1,7800,0,'Drake',1,8000,0,'Drake',1,4000,0,'Drake',1,7800,0,'Drake',1,8100,0,'Drake',1,4000,0,'Drake',1,8000,0,'Drake',1,1700,0,'Drake',1,5900,0,'Drake',1,2000,0,'Drake',1,2100,0,'Drake',1,5800,0,'Drake',1,1800,0,'Drake',1,1900,0,'Drake',1,6000,0,'Drake',1,2100,0,'Drake',1,2700,0,'Drake',1,7400,0,'Drake',1,7400,0,'Drake',1,4100,0,'Drake',1,8900,0,'Drake',1,9000,0,'Drake',1,9000,0,'Drake',1,8900,0,'Drake',1,4800,0,'Drake',1,8800,0,'Drake',1
'15071-special',1901,70400,0,'Drake',1
'15073-special',1901,85300,0,'Drake',1
'15075-special',1901,104300,0,'Drake',1
'15077-special',1901,123700,0,'Drake',1
'15079-special',1901,143300,0,'Drake',1
'15081-special',1901,162900,0,'Drake',1
'15083-special',1901,182200,0,'Drake',1
'15085-special',1901,202300,0,'Drake',1
'15089-special',1901,234900,0,'Drake',1
'15094-special',1901,75900,0,'Drake',1
'15096-special',1901,94700,0,'Drake',1
'15098-special',1901,113900,0,'Drake',1
'15100-special',1901,133500,0,'Drake',1
'15102-special',1901,153100,0,'Drake',1
'15104-special',1901,172700,0,'Drake',1
'15106-special',1901,191600,0,'Drake',1
'15110-special',1901,224200,0,'Drake',1
'15131-special',1901,213300,0,'Drake',1
'2',1901,55600,0,'Drake',1,7900,0,'Drake',1,8100,0,'Drake',1,4200,0,'Drake',1,8200,0,'Drake',1,8400,0,'Drake',1,8400,0,'Drake',1,4400,0,'Drake',1,8400,0,'Drake',1,8600,0,'Drake',1,8600,0,'Drake',1,4600,0,'Drake',1,8600,0,'Drake',1,8600,0,'Drake',1,8700,0,'Drake',1,4600,0,'Drake',1,9200,0,'Drake',1,9500,0,'Drake',1,9500,0,'Drake',1,9000,0,'Drake',1,9100,0,'Drake',1,9100,0,'Drake',1,9100,0,'Drake',1,5100,0,'Drake',1,9000,0,'Drake',1,9000,0,'Drake',1
'3',1901,70400,0,'Drake',1,5500,0,'Drake',1,9400,0,'Drake',1,9400,0,'Drake',1,9600,0,'Drake',1,9600,0,'Drake',1,9800,0,'Drake',1,9800,0,'Drake',1,9800,0,'Drake',1,9800,0,'Drake',1,9800,0,'Drake',1,9800,0,'Drake',1,9500,0,'Drake',1,9400,0,'Drake',1,10700,0,'Drake',1,11000,0,'Drake',1,10900,0,'Drake',1,10700,0,'Drake',1
'1',5000,63750,,'',1,8400,,'',1,8500,,'',1,4500,,'',1,57800,,'',1,8700,,'',1,8400,,'',1,4400,,'',1,8700,,'',1,8400,,'',1,3600,,'',1
