'1',400001200,53100,4,'',1,2100,4,'',1,6100,4,'',1,2100,4,'',1,1700,4,'',1,5200,4,'',1,1100,4,'',1,1000,4,'',1,1100,4,'',1,1000,4,'',1,1000,4,'',1,5000,4,'',1,1100,4,'',1,1200,4,'',1,1400,4,'',1,1700,4,'',1,5800,4,'',1,1800,4,'',1,1700,4,'',1,5700,4,'',1,1700,4,'',1,1700,4,'',1,5700,4,'',1,1700,4,'',1,1700,4,'',1,1700,4,'',1,5700,4,'',1,1700,4,'',1,1700,4,'',1,1700,4,'',1,5700,4,'',1,1700,4,'',1,1800,4,'',1,5700,4,'',1,1700,4,'',1,1900,4,'',1,5800,4,'',1,2100,4,'',1,2000,4,'',1,6100,4,'',1,2000,4,'',1,2000,4,'',1,6000,4,'',1,2000,4,'',1,2000,4,'',1,5900,4,'',1,1900,4,'',1,2000,4,'',1,5900,4,'',1,2100,4,'',1,2000,4,'',1,6100,4,'',1,2200,4,'',1,2300,4,'',1,7000,4,'',1,3000,4,'',1,7000,4,'',1,3100,4,'',1,7100,4,'',1,10100,4,'',1,10100,4,'',1
'1',400001201,51600,,'',1,2000,,'',1,2100,,'',1,6200,,'',1,1900,,'',1,1900,,'',1,5900,,'',1,1800,,'',1,1800,,'',1,5800,,'',1,1800,,'',1,1800,,'',1,5800,,'',1,1800,,'',1,1700,,'',1,1800,,'',1,5700,,'',1,1700,,'',1,1700,,'',1,5700,,'',1,1700,,'',1,1700,,'',1,1700,,'',1,5700,,'',1,1700,,'',1,1700,,'',1,5700,,'',1,1700,,'',1,1700,,'',1,1700,,'',1,5700,,'',1,1800,,'',1,1800,,'',1,5800,,'',1,1100,,'',1,1100,,'',1,1100,,'',1,1100,,'',1,5100,,'',1,1100,,'',1,1100,,'',1,1000,,'',1,1100,,'',1,1000,,'',1,5100,,'',1,1100,,'',1,1200,,'',1,1400,,'',1,1600,,'',1,5800,,'',1,2200,,'',1,6400,,'',1,2400,,'',1,2200,,'',1,6200,,'',1,2100,,'',1,2100,,'',1,7000,,'',1,3000,,'',1,7100,,'',1,3100,,'',1,10200,,'',1
'2',400001200,61400,4,'',1,2600,4,'',1,6600,4,'',1,2600,4,'',1,2600,4,'',1,6700,4,'',1,2600,4,'',1,6800,4,'',1,2700,4,'',1,6700,4,'',1,2900,4,'',1,6800,4,'',1,3000,4,'',1,6800,4,'',1,2900,4,'',1,6900,4,'',1,3000,4,'',1,6900,4,'',1,3000,4,'',1,6900,4,'',1,3000,4,'',1,6900,4,'',1,3000,4,'',1,6900,4,'',1,3000,4,'',1,6900,4,'',1,3000,4,'',1,6900,4,'',1,2800,4,'',1,2800,4,'',1,6800,4,'',1,2500,4,'',1,6800,4,'',1,2600,4,'',1,6700,4,'',1,2700,4,'',1,6600,4,'',1,2600,4,'',1,2500,4,'',1
'2',400001201,55200,,'',1,6600,,'',1,2600,,'',1,6600,,'',1,2600,,'',1,6600,,'',1,2700,,'',1,2600,,'',1,6800,,'',1,2700,,'',1,6800,,'',1,2900,,'',1,6800,,'',1,2900,,'',1,6900,,'',1,3000,,'',1,6900,,'',1,3000,,'',1,6900,,'',1,3000,,'',1,6900,,'',1,3000,,'',1,6900,,'',1,3000,,'',1,6900,,'',1,3000,,'',1,6900,,'',1,2800,,'',1,6900,,'',1,2800,,'',1,6800,,'',1,2800,,'',1,2700,,'',1,6700,,'',1,2700,,'',1,6700,,'',1,2600,,'',1,6500,,'',1,2600,,'',1
'3',400001200,70600,4,'',1,2600,4,'',1,2600,4,'',1,6700,4,'',1,2600,4,'',1,6800,4,'',1,2700,4,'',1,6700,4,'',1,2900,4,'',1,6800,4,'',1,3000,4,'',1,6800,4,'',1,2900,4,'',1,6900,4,'',1,3000,4,'',1,6900,4,'',1,3000,4,'',1,6900,4,'',1,3000,4,'',1,6900,4,'',1,3000,4,'',1,6900,4,'',1,3000,4,'',1,6900,4,'',1,3000,4,'',1,6900,4,'',1,2800,4,'',1,2800,4,'',1,6800,4,'',1,2500,4,'',1,6800,4,'',1,2600,4,'',1,6700,4,'',1,2700,4,'',1
'3',400001201,64400,,'',1,6600,,'',1,2600,,'',1,6600,,'',1,2700,,'',1,2600,,'',1,6800,,'',1,2700,,'',1,6800,,'',1,2900,,'',1,6800,,'',1,2900,,'',1,6900,,'',1,3000,,'',1,6900,,'',1,3000,,'',1,6900,,'',1,3000,,'',1,6900,,'',1,3000,,'',1,6900,,'',1,3000,,'',1,6900,,'',1,3000,,'',1,6900,,'',1,2800,,'',1,6900,,'',1,2800,,'',1,6800,,'',1,2800,,'',1,2700,,'',1,6700,,'',1,2700,,'',1,6700,,'',1
'1',400001300,54200,4,'',1,6200,4,'',1,2100,4,'',1,2000,4,'',1,1300,4,'',1,5100,4,'',1,1000,4,'',1,1100,4,'',1,1000,4,'',1,1000,4,'',1,5000,4,'',1,1000,4,'',1,1100,4,'',1,1200,4,'',1,1800,4,'',1,5800,4,'',1,1800,4,'',1,1700,4,'',1,5700,4,'',1,1700,4,'',1,1700,4,'',1,1700,4,'',1,5700,4,'',1,1700,4,'',1,1700,4,'',1,5700,4,'',1,1700,4,'',1,1700,4,'',1,1700,4,'',1,5700,4,'',1,1700,4,'',1,1700,4,'',1,1700,4,'',1,5700,4,'',1,1800,4,'',1,1900,4,'',1,5900,4,'',1,2100,4,'',1,2100,4,'',1,6000,4,'',1,2000,4,'',1,2000,4,'',1,6000,4,'',1,2000,4,'',1,1800,4,'',1,6000,4,'',1,2000,4,'',1,2000,4,'',1,5900,4,'',1,2100,4,'',1,2000,4,'',1,6200,4,'',1,2300,4,'',1,6700,4,'',1,3000,4,'',1,7100,4,'',1,3000,4,'',1,7100,4,'',1,4600,4,'',1,10000,4,'',1
'1',400001301,50600,,'',1,2000,,'',1,2100,,'',1,6100,,'',1,2100,,'',1,2000,,'',1,5800,,'',1,1800,,'',1,1900,,'',1,5800,,'',1,1800,,'',1,1700,,'',1,1800,,'',1,5800,,'',1,1800,,'',1,1700,,'',1,5800,,'',1,1700,,'',1,1700,,'',1,1700,,'',1,5700,,'',1,1700,,'',1,1700,,'',1,5700,,'',1,1700,,'',1,1700,,'',1,1700,,'',1,5700,,'',1,1700,,'',1,1700,,'',1,5700,,'',1,1700,,'',1,1800,,'',1,1800,,'',1,5500,,'',1,1100,,'',1,1100,,'',1,1100,,'',1,1100,,'',1,5100,,'',1,1100,,'',1,1000,,'',1,1100,,'',1,1000,,'',1,5100,,'',1,1100,,'',1,1100,,'',1,1300,,'',1,1500,,'',1,5600,,'',1,2000,,'',1,2200,,'',1,6400,,'',1,2400,,'',1,2200,,'',1,6200,,'',1,2200,,'',1,6600,,'',1,3000,,'',1,7100,,'',1,3100,,'',1,8500,,'',1,10000,,'',1
'2',400001300,62700,4,'',1,2600,4,'',1,6600,4,'',1,2600,4,'',1,6600,4,'',1,2600,4,'',1,6700,4,'',1,2800,4,'',1,6800,4,'',1,2800,4,'',1,2900,4,'',1,6800,4,'',1,3000,4,'',1,6900,4,'',1,3000,4,'',1,6900,4,'',1,3000,4,'',1,6900,4,'',1,3000,4,'',1,6900,4,'',1,3000,4,'',1,6900,4,'',1,3000,4,'',1,6900,4,'',1,3000,4,'',1,6800,4,'',1,2900,4,'',1,6700,4,'',1,2800,4,'',1,6900,4,'',1,2700,4,'',1,6800,4,'',1,2700,4,'',1,2700,4,'',1,6500,4,'',1,2700,4,'',1,6600,4,'',1,2400,4,'',1,6600,4,'',1
'2',400001301,60700,,'',1,2400,,'',1,2600,,'',1,6600,,'',1,2600,,'',1,6600,,'',1,2700,,'',1,6700,,'',1,2700,,'',1,6800,,'',1,2800,,'',1,6900,,'',1,2800,,'',1,3000,,'',1,6900,,'',1,3000,,'',1,6900,,'',1,3000,,'',1,6900,,'',1,3000,,'',1,6900,,'',1,3000,,'',1,6900,,'',1,3000,,'',1,6900,,'',1,3000,,'',1,6800,,'',1,2900,,'',1,6800,,'',1,2800,,'',1,6800,,'',1,2700,,'',1,6800,,'',1,2700,,'',1,6700,,'',1,2600,,'',1,2600,,'',1,6600,,'',1,2400,,'',1
'3',400001300,65300,4,'',1,6600,4,'',1,2600,4,'',1,6600,4,'',1,2600,4,'',1,6700,4,'',1,2800,4,'',1,6800,4,'',1,2800,4,'',1,2900,4,'',1,6800,4,'',1,3000,4,'',1,6900,4,'',1,3000,4,'',1,6900,4,'',1,3000,4,'',1,6900,4,'',1,3000,4,'',1,6900,4,'',1,3000,4,'',1,6900,4,'',1,3000,4,'',1,6900,4,'',1,3000,4,'',1,6800,4,'',1,2900,4,'',1,6700,4,'',1,2800,4,'',1,6900,4,'',1,2700,4,'',1,6800,4,'',1,2700,4,'',1,2700,4,'',1,6500,4,'',1,2700,4,'',1
'3',400001301,63100,,'',1,2600,,'',1,6600,,'',1,2600,,'',1,6600,,'',1,2700,,'',1,6700,,'',1,2700,,'',1,6800,,'',1,2800,,'',1,6900,,'',1,2800,,'',1,3000,,'',1,6900,,'',1,3000,,'',1,6900,,'',1,3000,,'',1,6900,,'',1,3000,,'',1,6900,,'',1,3000,,'',1,6900,,'',1,3000,,'',1,6900,,'',1,3000,,'',1,6800,,'',1,2900,,'',1,6800,,'',1,2800,,'',1,6800,,'',1,2700,,'',1,6800,,'',1,2700,,'',1,6700,,'',1,2600,,'',1
