'14944-special',1800,100100,4,'',1
'14945-special',1801,100500,,'',1
'14946-special',1800,121400,4,'',1
'14947-special',1801,121800,,'',1
'14948-special',1800,142800,4,'',1
'14949-special',1801,143300,,'',1
'14950-special',1800,164100,4,'',1
'14951-special',1801,164500,,'',1
'14952-special',1800,185200,4,'',1
'14953-special',1801,185600,,'',1
'14956-special',1800,224400,4,'',1
'14957-special',1801,224800,0,'Tuxedo',1
'14962-special',1800,74800,4,'',1
'14963-special',1801,75200,0,'Tuxedo',1
'14974-special',1800,202900,4,'',1
'14975-special',1801,203400,0,'Tuxedo',1
'14978-special',1800,241300,4,'',1
'14983-special',1800,70400,4,'',1
'14984-special',1801,70800,0,'Tuxedo',1
'14997-special',1800,220100,4,'',1
'14998-special',1801,220500,0,'Tuxedo',1
'15004-special',1800,83200,4,'',1
'15005-special',1801,83700,0,'Tuxedo',1
'15016-special',1800,211500,4,'',1
'15017-special',1801,212000,0,'Tuxedo',1
'15026-special',1800,91700,4,'',1
'15027-special',1801,92200,,'',1
'15028-special',1800,112900,4,'',1
'15029-special',1801,113300,,'',1
'15030-special',1800,134300,4,'',1
'15031-special',1801,134800,,'',1
'15032-special',1800,155700,4,'',1
'15033-special',1801,160200,,'',1
'15034-special',1800,180700,4,'',1
'15035-special',1801,181100,,'',1
'15038-special',1800,104600,4,'',1
'15039-special',1801,105000,,'',1
'15040-special',1800,125900,4,'',1
'15041-special',1801,130300,,'',1
'15042-special',1800,151300,4,'',1
'15043-special',1801,151700,,'',1
'15044-special',1800,172400,4,'',1
'15045-special',1801,172800,,'',1
'15046-special',1800,194100,4,'',1
'15047-special',1801,194500,,'',1
'15050-special',1800,232700,4,'',1
'15051-special',1801,233100,0,'Tuxedo',1
'1merged62061',1800,55700,4,'',1,6300,4,'',1,1200,4,'',1,1100,4,'',1,1500,4,'',1,5100,4,'',1,1000,4,'',1,1000,4,'',1,1100,4,'',1,1000,4,'',1,900,4,'',1,4900,4,'',1,800,4,'',1,600,4,'',1,1600,4,'',1,700,4,'',1,1300,4,'',1,4700,4,'',1,800,4,'',1,1500,4,'',1,800,4,'',1,1800,4,'',1,6200,4,'',1,2300,4,'',1,6200,4,'',1,2300,4,'',1,2400,4,'',1,6300,4,'',1,2400,4,'',1,2300,4,'',1,6400,4,'',1,2400,4,'',1,6400,4,'',1,2200,4,'',1,2400,4,'',1,6200,4,'',1,2000,4,'',1,1000,4,'',1,5200,4,'',1,1000,4,'',1,1000,4,'',1,1000,4,'',1,1000,4,'',1,1000,4,'',1,5000,4,'',1,1100,4,'',1,1000,4,'',1,900,4,'',1,900,4,'',1,900,4,'',1,900,4,'',1,5000,4,'',1,1100,4,'',1,1000,4,'',1,2500,4,'',1,6500,4,'',1,1200,4,'',1,2900,4,'',1,7000,4,'',1,7300,4,'',1,4300,4,'',1,8600,4,'',1,8400,4,'',1,8500,4,'',1,4500,4,'',1,8100,4,'',1
'1merged62061',1801,54400,0,'Tuxedo',1,5600,0,'Tuxedo',1,1400,0,'Tuxedo',1,1000,0,'Tuxedo',1,1200,0,'Tuxedo',1,1000,0,'Tuxedo',1,900,0,'Tuxedo',1,5000,0,'Tuxedo',1,900,0,'Tuxedo',1,900,0,'Tuxedo',1,900,0,'Tuxedo',1,900,0,'Corydon & Cambridge',1,800,0,'Tuxedo',1,900,0,'Tuxedo',1,4900,0,'Corydon & Cambridge',1,800,0,'Tuxedo',1,1000,0,'Tuxedo',1,2100,0,'Tuxedo',1,6400,0,'Tuxedo',1,2400,0,'Tuxedo',1,2400,0,'Tuxedo',1,6200,0,'Tuxedo',1,2300,0,'Tuxedo',1,6200,0,'Tuxedo',1,2300,0,'Tuxedo',1,2300,0,'Tuxedo',1,6400,0,'Tuxedo',1,2300,0,'Tuxedo',1,6400,0,'Tuxedo',1,2400,0,'Tuxedo',1,2400,0,'Tuxedo',1,6300,0,'Tuxedo',1,2200,0,'Tuxedo',1,1000,0,'Tuxedo',1,5700,0,'Tuxedo',1,2000,0,'Tuxedo',1,2000,0,'Tuxedo',1,1000,0,'Tuxedo',1,5100,0,'Tuxedo',1,1000,0,'Tuxedo',1,1100,0,'Tuxedo',1,1000,0,'Tuxedo',1,1000,0,'Tuxedo',1,1000,0,'Tuxedo',1,5000,0,'Tuxedo',1,1200,0,'Tuxedo',1,1100,0,'Tuxedo',1,1100,0,'Tuxedo',1,1300,0,'Tuxedo',1,5200,0,'Tuxedo',1,1400,0,'Tuxedo',1,1600,0,'Tuxedo',1,7100,0,'Tuxedo',1,3000,0,'Tuxedo',1,7000,0,'Tuxedo',1,3000,0,'Tuxedo',1,7200,0,'Tuxedo',1,4300,0,'Tuxedo',1,8600,0,'Tuxedo',1,8400,0,'Tuxedo',1,8400,0,'Tuxedo',1,4600,0,'Tuxedo',1
'2merged62062',1800,55900,4,'',1,7800,4,'',1,7300,4,'',1,3500,4,'',1,7300,4,'',1,3200,4,'',1,6600,4,'',1,2600,4,'',1,6600,4,'',1,2500,4,'',1,2600,4,'',1,6800,4,'',1,2800,4,'',1,6800,4,'',1,2600,4,'',1,6700,4,'',1,2800,4,'',1,6800,4,'',1,2800,4,'',1,6500,4,'',1,2900,4,'',1,7000,4,'',1,3000,4,'',1,7100,4,'',1,3400,4,'',1,7400,4,'',1,3500,4,'',1,7600,4,'',1,7800,4,'',1,4300,4,'',1,8300,4,'',1,8400,4,'',1,4300,4,'',1,8200,4,'',1,8200,4,'',1,8200,4,'',1,3900,4,'',1
'2merged62062',1801,60200,0,'Tuxedo',1,3800,0,'Tuxedo',1,7400,0,'Tuxedo',1,3400,0,'Tuxedo',1,7300,0,'Tuxedo',1,3300,,'',1,6600,,'',1,2600,,'',1,6600,,'',1,2600,,'',1,6500,,'',1,2800,,'',1,2800,,'',1,6800,,'',1,2600,,'',1,6700,,'',1,2800,,'',1,6800,,'',1,2800,,'',1,6600,,'',1,3000,,'',1,6900,,'',1,3000,,'',1,7100,,'',1,3500,,'',1,7300,,'',1,3400,,'',1,7600,,'',1,8000,0,'Tuxedo',1,4100,0,'Tuxedo',1,8300,0,'Tuxedo',1,8400,0,'Tuxedo',1,4300,0,'Tuxedo',1,8300,0,'Tuxedo',1,8300,0,'Tuxedo',1,9100,0,'Tuxedo',1
'3merged62063',1800,70400,4,'',1,4400,4,'',1,8400,4,'',1,8500,4,'',1,8400,4,'',1,4500,4,'',1,8300,4,'',1,8500,4,'',1,4500,4,'',1,8400,4,'',1,8500,4,'',1,8500,4,'',1,4400,4,'',1,8400,4,'',1,8300,4,'',1,8300,4,'',1,4500,4,'',1,8900,4,'',1,8800,4,'',1,8600,4,'',1,8600,4,'',1,4300,4,'',1,8300,4,'',1,8600,4,'',1
'3merged62063',1801,70800,0,'Tuxedo',1,4400,0,'Tuxedo',1,8500,0,'Tuxedo',1,8500,,'',1,8300,,'',1,4500,,'',1,8300,,'',1,8500,,'',1,8500,,'',1,4500,,'',1,8500,,'',1,8400,,'',1,8500,,'',1,4300,,'',1,8300,,'',1,8300,,'',1,4500,,'',1,8900,,'',1,8900,0,'Tuxedo',1,8600,0,'Tuxedo',1,8500,0,'Tuxedo',1,4300,0,'Tuxedo',1,8300,0,'Tuxedo',1
