'15072-special',1900,75410,0,'Logan',1
'15074-special',1900,94210,0,'Logan',1
'15076-special',1900,113310,0,'Logan',1
'15078-special',1900,132910,0,'Logan',1
'15080-special',1900,152510,0,'Logan',1
'15082-special',1900,172010,0,'Logan',1
'15084-special',1900,192510,0,'Logan',1
'15088-special',1900,225110,0,'Logan',1
'15093-special',1900,70010,0,'Logan',1
'15095-special',1900,84710,0,'Logan',1
'15097-special',1900,103710,0,'Logan',1
'15099-special',1900,123110,0,'Logan',1
'15101-special',1900,142710,0,'Logan',1
'15103-special',1900,162310,0,'Logan',1
'15105-special',1900,181510,0,'Logan',1
'15109-special',1900,214310,0,'Logan',1
'15130-special',1900,203510,0,'Logan',1
'15134-special',1900,235730,0,'Logan',1
'1merged62061',1900,52030,0,'Logan',1,2600,0,'Logan',1,6600,0,'Logan',1,2380,0,'Logan',1,1900,0,'Logan',1,5840,0,'Logan',1,2000,0,'Logan',1,1800,0,'Logan',1,5800,0,'Logan',1,2200,0,'Logan',1,2100,0,'Logan',1,6160,0,'Logan',1,2200,0,'Logan',1,7500,0,'Logan',1,3900,0,'Logan',1,7900,0,'Logan',1,7900,0,'Logan',1,4000,0,'Logan',1,7900,0,'Logan',1,7800,0,'Logan',1,4000,0,'Logan',1,7540,0,'Logan',1,1970,0,'Logan',1,1900,0,'Logan',1,5980,0,'Logan',1,2220,0,'Logan',1,6430,0,'Logan',1,2800,0,'Logan',1,7560,0,'Logan',1,3520,0,'Logan',1,7800,0,'Logan',1,8700,0,'Logan',1,9100,0,'Logan',1,5000,0,'Logan',1,8900,0,'Logan',1,8900,0,'Logan',1,8900,0,'Logan',1,8900,0,'Logan',1,4600,0,'Logan',1
'2merged62062',1900,52110,0,'Logan',1,3800,0,'Logan',1,8000,0,'Logan',1,8100,0,'Logan',1,8200,0,'Logan',1,4300,0,'Logan',1,8400,0,'Logan',1,8400,0,'Logan',1,4400,0,'Logan',1,8400,0,'Logan',1,8600,0,'Logan',1,8600,0,'Logan',1,4600,0,'Logan',1,8600,0,'Logan',1,8600,0,'Logan',1,8600,0,'Logan',1,8700,0,'Logan',1,4700,0,'Logan',1,8800,0,'Logan',1,9300,0,'Logan',1,9300,0,'Logan',1,9100,0,'Logan',1,9100,0,'Logan',1,5100,0,'Logan',1,8920,0,'Logan',1,8900,0,'Logan',1,9000,0,'Logan',1
'3merged62063',1900,70010,0,'Logan',1,5400,0,'Logan',1,9300,0,'Logan',1,9500,0,'Logan',1,9500,0,'Logan',1,9600,0,'Logan',1,9800,0,'Logan',1,9800,0,'Logan',1,9800,0,'Logan',1,9800,0,'Logan',1,9800,0,'Logan',1,9700,0,'Logan',1,9500,0,'Logan',1,11000,0,'Logan',1,11000,0,'Logan',1,10800,0,'Logan',1,10800,0,'Logan',1,10620,0,'Logan',1
'1merged62061',2600,54200,,'',1,8400,,'',1,8400,,'',1,4400,,'',1,8400,,'',1,8400,,'',1,8400,,'',1,4400,,'',1,8500,,'',1,8500,,'',1,8500,,'',1,4500,,'',1,8500,,'',1,8500,,'',1,8500,,'',1,4500,,'',1,8500,,'',1,8300,0,'Portage & Tylehurst',1
'2merged62062',2600,75400,,'',1,8400,,'',1,8400,,'',1,8400,,'',1,4400,,'',1,8500,,'',1,8500,,'',1,8500,,'',1,4500,,'',1,8500,,'',1,8500,,'',1,8500,,'',1,4500,,'',1,8500,,'',1,8300,0,'Portage & Tylehurst',1
