2200,'1_merged_67006',554,,30194,31,,,1,68,,30198,31,,,1,28,,30195,31,,,1,70,,19502,31,,,1,29,,30196,31,,,1,71,,19503,31,,,1,30,,30197,31,,,1,71,,30199,31,,,1,30,,30211,31,,,1,71,,30200,31,,,1,31,,30212,31,,,1,71,,19506,31,,,1,31,,19519,31,,,1,72,,30201,31,,,1,31,,30213,31,,,1,72,,30202,31,,,1,71,,30214,31,,,1,32,,30203,31,,,1,72,,30215,31,,,1,32,,30204,31,,,1,72,,30216,31,,,1,32,,30205,31,,,1,72,,30217,31,,,1,32,,30206,31,,,1,72,,30218,31,,,1,31,,30207,31,,,1,69,,30219,31,,,1,29,,30208,31,,,1,68,,30220,31,,,1,28,,30209,31,,,1,68,,19528,31,,,1,28,,30210,31,,,1,67,,19529,31,,,1,95,,19530,31,,,1,55,,30221,31,,,1
2200,'2_merged_67008',613,,30222,31,,,1,28,,30239,31,,,1,67,,30223,31,,,1,28,,30240,31,,,1,67,,30224,31,,,1,28,,30241,31,,,1,27,,30225,31,,,1,69,,30242,31,,,1,27,,30226,31,,,1,69,,30243,31,,,1,29,,19537,31,,,1,70,,30244,31,,,1,30,,30227,31,,,1,70,,30245,31,,,1,30,,30228,31,,,1,70,,30246,31,,,1,30,,30229,31,,,1,70,,19559,31,,,1,30,,30230,31,,,1,70,,30247,31,,,1,30,,30231,31,,,1,70,,30248,31,,,1,30,,30232,31,,,1,70,,30249,31,,,1,30,,30233,31,,,1,70,,30250,31,,,1,30,,30234,31,,,1,69,,30251,31,,,1,28,,30235,31,,,1,69,,30252,31,,,1,28,,30236,31,,,1,68,,30253,31,,,1,28,,30237,31,,,1,95,,19549,31,,,1,95,,30238,31,,,1
2200,'3_merged_67007',646,,30254,31,,,1,95,,30255,31,,,1,95,,30256,31,,,1,96,,30257,31,,,1,97,,30258,31,,,1,98,,30259,31,,,1,30,,30269,31,,,1,70,,19573,31,,,1,30,,30270,31,,,1,70,,30260,31,,,1,30,,19586,31,,,1,70,,30261,31,,,1,30,,30271,31,,,1,70,,30262,31,,,1,30,,30272,31,,,1,70,,30263,31,,,1,30,,30273,31,,,1,70,,30264,31,,,1,30,,30274,31,,,1,70,,30265,31,,,1,99,,19580,31,,,1,97,,30266,31,,,1,96,,30267,31,,,1,95,,30268,31,,,1
7000,'1_merged_67006',547,,31477,37,,,1,68,,31489,37,,,1,29,,31488,37,,,1,69,,31478,37,,,1,30,,31490,37,,,1,70,,31493,37,,,1,29,,31479,37,,,1,69,,20986,37,,,1,28,,31494,37,,,1,70,,31480,37,,,1,29,,31491,37,,,1,69,,31495,37,,,1,29,,31481,37,,,1,69,,31492,37,,,1,29,,31496,37,,,1,69,,31482,37,,,1,30,,20989,37,,,1,70,,31497,37,,,1,30,,31483,37,,,1,71,,20990,37,,,1,32,,31498,37,,,1,71,,31484,37,,,1,31,,20991,37,,,1,71,,31499,37,,,1,31,,20979,37,,,1,70,,31504,37,,,1,29,,31500,37,,,1,70,,31485,37,,,1,30,,31505,37,,,1,68,,31501,37,,,1,27,,31486,37,,,1,67,,31506,37,,,1,28,,31502,37,,,1,28,,31487,37,,,1,68,,31507,37,,,1,80,,21002,37,,,1,41,,31508,37,,,1,81,,31503,37,,,1
7000,'2_merged_67008',556,,31515,37,,,1,80,,31528,37,,,1,67,,31539,37,,,1,26,,31516,37,,,1,27,,31529,37,,,1,67,,21041,37,,,1,26,,31517,37,,,1,67,,31530,37,,,1,28,,31540,37,,,1,67,,31518,37,,,1,28,,31531,37,,,1,68,,31541,37,,,1,28,,31519,37,,,1,69,,31532,37,,,1,28,,31542,37,,,1,68,,31520,37,,,1,29,,31533,37,,,1,29,,31543,37,,,1,69,,31521,37,,,1,29,,31534,37,,,1,69,,31544,37,,,1,29,,31522,37,,,1,68,,31535,37,,,1,29,,31509,37,,,1,69,,31523,37,,,1,28,,31536,37,,,1,69,,31510,37,,,1,27,,31524,37,,,1,68,,31537,37,,,1,28,,31511,37,,,1,68,,21025,37,,,1,27,,31538,37,,,1,69,,31512,37,,,1,40,,31525,37,,,1,81,,31513,37,,,1,80,,31526,37,,,1,41,,31514,37,,,1,81,,31527,37,,,1
7000,'3_merged_67007',706,,31545,37,,,1,40,,31557,37,,,1,80,,31546,37,,,1,80,,31558,37,,,1,41,,31547,37,,,1,81,,31559,37,,,1,81,,31548,37,,,1,42,,31560,37,,,1,83,,31549,37,,,1,82,,31561,37,,,1,43,,31550,37,,,1,83,,31562,37,,,1,83,,31551,37,,,1,83,,31563,37,,,1,43,,31552,37,,,1,83,,31564,37,,,1,83,,31553,37,,,1,42,,31565,37,,,1,82,,31554,37,,,1,81,,31566,37,,,1,81,,31555,37,,,1,41,,31567,37,,,1,81,,21058,37,,,1,80,,31568,37,,,1,41,,31556,37,,,1,81,,31569,37,,,1
7400,'1_merged_67006',535,,31687,2,,,1,24,,21214,2,,,1,65,,21200,37,,,1,24,,31670,37,,,1,65,,31676,37,,,1,25,,21182,37,,,1,66,,31691,37,,,1,26,,31688,37,,,1,26,,21215,37,,,1,65,,31682,37,,,1,26,,31671,37,,,1,65,,31677,37,,,1,25,,31666,37,,,1,66,,21211,37,,,1,26,,31689,37,,,1,26,,31694,37,,,1,65,,31683,37,,,1,26,,21189,37,,,1,65,,31678,37,,,1,26,,31667,37,,,1,65,,31692,37,,,1,26,,31690,37,,,1,26,,31695,37,,,1,67,,31684,37,,,1,14,,31662,2,,,1,14,,31672,37,,,1,54,,21175,2,,,1,14,,31679,37,,,1,14,,31697,2,,,1,14,,31668,37,,,1,69,,31693,37,,,1,27,,21179,37,,,1,66,,31696,37,,,1,27,,31685,37,,,1,24,,31673,37,,,1,65,,31680,37,,,1,25,,31669,37,,,1,64,,31663,37,,,1,25,,21180,37,,,1,65,,21221,37,,,1,25,,31686,37,,,1,25,,31674,37,,,1,72,,31698,37,,,1,32,,31664,37,,,1,72,,31665,37,,,1
7400,'2_merged_67008',543,,31705,18,,,1,72,,31699,37,,,1,33,,31712,37,,,1,72,,31725,37,,,1,32,,31719,37,,,1,72,,31706,37,,,1,32,,31700,37,,,1,73,,31713,37,,,1,73,,31726,37,,,1,33,,21244,37,,,1,73,,31707,37,,,1,33,,31701,37,,,1,74,,31714,37,,,1,35,,31727,37,,,1,75,,31720,37,,,1,75,,31708,37,,,1,34,,31702,37,,,1,75,,31715,37,,,1,35,,31728,37,,,1,75,,31721,37,,,1,35,,31709,37,,,1,74,,31703,37,,,1,75,,31716,37,,,1,33,,21254,37,,,1,75,,31722,37,,,1,34,,31710,37,,,1,71,,31704,37,,,1,32,,31717,37,,,1,72,,31729,37,,,1,33,,31723,37,,,1,72,,31711,37,,,1,32,,21228,37,,,1,72,,31718,37,,,1
7400,'3_merged_67007',745,,31735,37,,,1,80,,21276,37,,,1,81,,31731,37,,,1,41,,31742,37,,,1,82,,31736,37,,,1,82,,31748,37,,,1,43,,31732,37,,,1,83,,31743,37,,,1,83,,31737,37,,,1,84,,31749,37,,,1,44,,21259,37,,,1,84,,31744,37,,,1,84,,31738,37,,,1,84,,31750,37,,,1,43,,21260,37,,,1,83,,31745,37,,,1,83,,31739,37,,,1,42,,31751,37,,,1,81,,31733,37,,,1,80,,31746,37,,,1,40,,31740,37,,,1,80,,31752,37,,,1,80,,31734,37,,,1
68000,'1_merged_67006',554,,33628,28,,,1,69,,33620,28,,,1,30,,33629,28,,,1,73,,33621,28,,,1,74,,33630,28,,,1,33,,23470,28,,,1,73,,23481,28,,,1,32,,33622,28,,,1,71,,33631,28,,,1,30,,33623,28,,,1,71,,33632,28,,,1,30,,33624,28,,,1,71,,33633,28,,,1,30,,33625,28,,,1,71,,33634,28,,,1,30,,33626,28,,,1,71,,33635,28,,,1,34,,33627,28,,,1,74,,33636,28,,,1,34,,23477,28,,,1,76,,33637,28,,,1,75,,33646,28,,,1,35,,33638,28,,,1,75,,33647,28,,,1,30,,33639,28,,,1,68,,33648,28,,,1,30,,33640,28,,,1,69,,33649,28,,,1,28,,33641,28,,,1,69,,33650,28,,,1,28,,33642,28,,,1,69,,33651,28,,,1,28,,33643,28,,,1,69,,33652,28,,,1,28,,33644,28,,,1,69,,33653,28,,,1,28,,33645,28,,,1
400001600,'1_merged_67006',550,,35847,52,,,1,62,,35857,52,,,1,22,,35842,52,,,1,24,,26224,52,,,1,53,,26244,31,,,1,13,,35861,52,,,1,15,,35866,52,,,1,13,,35848,52,,,1,54,,35865,52,,,1,14,,35858,52,,,1,26,,26209,52,,,1,66,,35854,52,,,1,22,,26237,52,,,1,25,,35849,52,,,1,65,,35859,52,,,1,25,,35843,52,,,1,65,,35855,52,,,1,25,,26238,52,,,1,64,,35850,52,,,1,24,,26233,52,,,1,25,,35844,52,,,1,64,,26227,52,,,1,24,,35862,52,,,1,64,,35851,52,,,1,24,,26234,52,,,1,14,,35867,52,,,1,15,,26212,52,,,1,54,,35869,52,,,1,14,,35856,52,,,1,14,,35872,52,,,1,14,,35863,52,,,1,53,,35875,52,,,1,15,,35852,52,,,1,16,,26249,52,,,1,15,,35860,52,,,1,56,,35868,52,,,1,15,,35845,52,,,1,14,,35880,52,,,1,13,,26229,52,,,1,52,,35873,52,,,1,12,,35864,52,,,1,12,,35876,52,,,1,13,,35853,52,,,1,12,,35871,52,,,1,53,,35877,52,,,1,26,,26214,52,,,1,28,,35874,52,,,1,68,,35881,52,,,1,29,,35878,52,,,1,67,,35846,52,,,1,26,,26254,52,,,1,67,,35882,52,,,1,27,,26260,52,,,1,66,,26216,52,,,1,26,,26255,52,,,1,67,,26265,52,,,1,27,,35879,52,,,1
400001600,'2_merged_67008',624,,35884,52,,,1,25,,35902,52,,,1,67,,35893,52,,,1,27,,35909,52,,,1,66,,26269,52,,,1,25,,35903,52,,,1,68,,35894,52,,,1,27,,35910,52,,,1,28,,35885,52,,,1,66,,35904,52,,,1,23,,35918,52,,,1,63,,35895,52,,,1,23,,35911,52,,,1,23,,35886,52,,,1,64,,35905,52,,,1,24,,35919,52,,,1,64,,35896,52,,,1,23,,35912,52,,,1,23,,35887,52,,,1,64,,35906,52,,,1,24,,35920,52,,,1,64,,35897,52,,,1,23,,35913,52,,,1,23,,35888,52,,,1,64,,35907,52,,,1,24,,35921,52,,,1,64,,35898,52,,,1,23,,35914,52,,,1,23,,35889,52,,,1,64,,35908,52,,,1,24,,35922,52,,,1,66,,35899,52,,,1,26,,35915,52,,,1,27,,35890,52,,,1,68,,35923,52,,,1,29,,35900,52,,,1,67,,35916,52,,,1,26,,35891,52,,,1,68,,35924,52,,,1,27,,26286,52,,,1,66,,35917,52,,,1,26,,35892,52,,,1,67,,35925,52,,,1,27,,35901,52,,,1
400001600,'3_merged_67007',733,,35926,52,,,1,67,,35943,52,,,1,27,,35935,52,,,1,27,,26340,52,,,1,67,,26313,52,,,1,28,,35944,52,,,1,67,,26323,52,,,1,28,,35952,52,,,1,68,,35927,52,,,1,28,,35945,52,,,1,70,,35936,52,,,1,30,,35953,52,,,1,69,,35928,52,,,1,30,,35946,52,,,1,70,,35937,52,,,1,30,,35954,52,,,1,69,,35929,52,,,1,29,,35947,52,,,1,70,,35938,52,,,1,30,,35955,52,,,1,69,,35930,52,,,1,29,,35948,52,,,1,70,,35939,52,,,1,30,,35956,52,,,1,68,,35931,52,,,1,26,,35949,52,,,1,27,,35940,52,,,1,68,,35957,52,,,1,29,,35932,52,,,1,67,,35950,52,,,1,26,,35941,52,,,1,68,,35958,52,,,1,27,,35933,52,,,1,66,,35951,52,,,1,26,,35942,52,,,1,67,,35959,52,,,1,27,,35934,52,,,1
