'1',1100,215300,4,'',1,8400,4,'',1,8200,4,'',1,8300,4,'',1,3700,4,'',1,8000,4,'',1,4000,4,'',1
'1',1101,215600,0,'Glenway',1,8400,0,'N Kildonan',1,8200,0,'Glenway',1,8300,0,'N Kildonan',1,3700,0,'Glenway',1
'14300-special',1100,70100,4,'',1
'14301-special',1101,70400,0,'Glenway',1
'14302-special',1100,91200,4,'',1
'14303-special',1101,91600,0,'Glenway',1
'14304-special',1100,113100,4,'',1
'14305-special',1101,113400,0,'Glenway',1
'14306-special',1100,135400,4,'',1
'14307-special',1101,135700,0,'Glenway',1
'14308-special',1100,161900,4,'',1
'14309-special',1101,162200,0,'Glenway',1
'14310-special',1100,184300,4,'',1
'14311-special',1101,184600,0,'Glenway',1
'14312-special',1100,205900,4,'',1
'14313-special',1101,210200,0,'Glenway',1
'14314-special',1100,230900,4,'',1
'14315-special',1101,231200,0,'Glenway',1
'14379-special',1101,62200,0,'Glenway',1
'14380-special',1100,82800,4,'',1
'14381-special',1101,83100,0,'Glenway',1
'14382-special',1100,104400,4,'',1
'14383-special',1101,104700,0,'Glenway',1
'14384-special',1100,130600,4,'',1
'14385-special',1101,130900,0,'Glenway',1
'14386-special',1100,153000,4,'',1
'14387-special',1101,153300,0,'Glenway',1
'14388-special',1100,175600,4,'',1
'14389-special',1101,175900,0,'Glenway',1
'14390-special',1100,201400,4,'',1
'14391-special',1101,201700,0,'Glenway',1
'14392-special',1100,222700,4,'',1
'14393-special',1101,223000,0,'Glenway',1
'14394-special',1100,243400,4,'',1
'14417-special',1100,74300,4,'',1
'14418-special',1101,74600,0,'Glenway',1
'14419-special',1100,95800,4,'',1
'14420-special',1101,100100,0,'Glenway',1
'14421-special',1100,121800,4,'',1
'14422-special',1101,122100,0,'Glenway',1
'14423-special',1100,144200,4,'',1
'14424-special',1101,144500,0,'Glenway',1
'14425-special',1100,170800,4,'',1
'14426-special',1101,171100,0,'Glenway',1
'14427-special',1100,192900,4,'',1
'14428-special',1101,193200,0,'Glenway',1
'14429-special',1100,214400,4,'',1
'14430-special',1101,214700,0,'Glenway',1
'14431-special',1100,235200,4,'',1
'2',1100,215400,4,'',1,8200,4,'',1,8300,4,'',1,8300,4,'',1,3700,4,'',1,8000,4,'',1,4000,4,'',1
'2',1101,215700,0,'Glenway',1,8300,0,'N Kildonan',1,8200,0,'Glenway',1,8300,0,'N Kildonan',1,3700,0,'Glenway',1
'3',1100,70100,4,'',1,4200,4,'',1,8500,4,'',1,8400,4,'',1,4600,4,'',1,8600,4,'',1,8700,4,'',1,8700,4,'',1,8800,4,'',1,4800,4,'',1,8800,4,'',1,8800,4,'',1,8900,4,'',1,8900,4,'',1,4800,4,'',1,8700,4,'',1,8600,4,'',1,8500,4,'',1,4500,4,'',1,8500,4,'',1,8300,4,'',1,8200,4,'',1,4300,4,'',1,8200,4,'',1
'3',1101,62200,0,'Glenway',1,8200,0,'Glenway',1,4200,0,'Glenway',1,8500,0,'Glenway',1,8500,0,'Glenway',1,8500,0,'Glenway',1,4600,0,'Glenway',1,8700,0,'Glenway',1,8700,0,'Glenway',1,8800,0,'Glenway',1,4800,0,'Glenway',1,8800,0,'Glenway',1,8800,0,'Glenway',1,8900,0,'Glenway',1,8900,0,'Glenway',1,4800,0,'Glenway',1,8700,0,'Glenway',1,8600,0,'Glenway',1,8500,0,'Glenway',1,8500,0,'Glenway',1,4500,0,'Glenway',1,8300,0,'Glenway',1,8200,0,'Glenway',1
'1',2100,54300,4,'',1,6000,4,'',1,2700,4,'',1,7200,4,'',1,2300,4,'',1,2900,4,'',1,6600,4,'',1,3000,4,'',1,7200,4,'',1,3300,4,'',1,7400,4,'',1,7300,4,'',1,3400,4,'',1,7500,4,'',1,3500,4,'',1,7300,4,'',1,3500,4,'',1,7500,4,'',1,7400,4,'',1,3600,4,'',1,37000,4,'',1,3500,4,'',1,6900,4,'',1,3000,4,'',1,6700,4,'',1
'1',2101,82300,,'',1,3000,,'',1,7200,,'',1,7600,,'',1,3100,,'',1,7400,,'',1,3400,,'',1,7400,,'',1,3500,,'',1,7300,,'',1,3500,,'',1,7500,,'',1,7400,,'',1,3500,,'',1,6700,,'',1,2100,,'',1,2000,,'',1,5600,,'',1,3500,,'',1,7000,,'',1,3400,,'',1,6900,,'',1,3500,,'',1,8700,,'',1,8400,,'',1
'2',2100,55500,4,'',1,8400,4,'',1,8000,4,'',1,3400,4,'',1,8900,4,'',1,7700,4,'',1,3200,4,'',1,7100,4,'',1,3200,4,'',1,7300,4,'',1,7300,4,'',1,3200,4,'',1,7000,4,'',1,3000,4,'',1,7100,4,'',1,3000,4,'',1,7100,4,'',1,3000,4,'',1,7100,4,'',1,3000,4,'',1,7100,4,'',1,3000,4,'',1,6700,4,'',1,2800,4,'',1,6900,4,'',1,3000,4,'',1,2900,4,'',1,7100,4,'',1,7500,4,'',1
'2',2101,52800,,'',1,7700,,'',1,4200,,'',1,7900,,'',1,7600,,'',1,3000,,'',1,7000,,'',1,3100,,'',1,7100,,'',1,3200,,'',1,6800,,'',1,3000,,'',1,7100,,'',1,3000,,'',1,7000,,'',1,3100,,'',1,7100,,'',1,3000,,'',1,7000,,'',1,3000,,'',1,7100,,'',1,3000,,'',1,7100,,'',1,3300,,'',1,7100,,'',1,3000,,'',1,7200,,'',1,3300,,'',1,8500,,'',1,8300,,'',1
'1',2200,160500,4,'',1,2100,4,'',1,2000,4,'',1,5700,4,'',1,1900,4,'',1,1500,4,'',1,1900,4,'',1,6200,4,'',1,2300,4,'',1
'1',2201,52200,,'',1,2400,,'',1,6100,,'',1,1800,,'',1,1600,,'',1,1600,,'',1,5500,,'',1,1700,,'',1,1700,,'',1,5800,,'',1
