2201,'1_merged_67006',534,,30279,2,,,1,67,,30277,2,,,1,28,,19597,2,,,1,28,,30275,2,,,1,70,,19598,2,,,1,29,,30278,2,,,1,71,,19599,2,,,1,30,,30293,2,,,1,71,,30280,2,,,1,30,,30294,2,,,1,71,,30281,2,,,1,71,,30295,2,,,1,31,,30282,2,,,1,71,,30296,2,,,1,32,,30283,2,,,1,71,,30297,2,,,1,32,,30284,2,,,1,71,,30298,2,,,1,32,,30285,2,,,1,72,,30299,2,,,1,16,,30307,2,,,1,16,,30286,2,,,1,56,,30310,2,,,1,16,,30300,2,,,1,16,,19631,2,,,1,16,,30287,2,,,1,56,,19592,2,,,1,16,,30301,2,,,1,16,,30309,2,,,1,16,,30288,2,,,1,56,,30308,2,,,1,16,,30302,2,,,1,16,,30276,2,,,1,15,,30289,2,,,1,69,,30303,2,,,1,29,,30290,2,,,1,68,,19624,2,,,1,28,,30291,2,,,1,68,,30304,2,,,1,28,,30292,2,,,1,67,,30305,2,,,1,95,,19627,2,,,1,95,,30306,2,,,1
2201,'2_merged_67008',553,,30328,2,,,1,67,,30311,2,,,1,28,,30329,2,,,1,67,,30312,2,,,1,28,,30330,2,,,1,67,,30313,2,,,1,28,,30331,2,,,1,67,,30314,2,,,1,29,,30332,2,,,1,67,,19638,2,,,1,30,,30333,2,,,1,28,,30315,2,,,1,70,,30334,2,,,1,30,,30316,2,,,1,70,,30335,2,,,1,30,,30317,2,,,1,70,,30336,2,,,1,30,,30318,2,,,1,70,,19662,2,,,1,30,,30319,2,,,1,70,,30337,2,,,1,30,,30320,2,,,1,70,,30338,2,,,1,30,,30321,2,,,1,70,,30339,2,,,1,30,,30322,2,,,1,70,,30340,2,,,1,30,,30323,2,,,1,69,,30341,2,,,1,28,,30324,2,,,1,69,,30342,2,,,1,28,,30325,2,,,1,68,,30343,2,,,1,28,,19650,2,,,1,95,,30326,2,,,1,95,,30327,2,,,1
2201,'3_merged_67007',653,,30344,2,,,1,95,,30345,2,,,1,95,,30346,2,,,1,96,,30347,2,,,1,97,,30348,2,,,1,98,,30349,2,,,1,70,,30359,2,,,1,30,,19676,2,,,1,70,,19688,2,,,1,30,,30350,2,,,1,70,,30360,2,,,1,30,,30351,2,,,1,70,,30361,2,,,1,30,,30352,2,,,1,70,,30362,2,,,1,30,,30353,2,,,1,70,,30363,2,,,1,30,,30354,2,,,1,70,,30364,2,,,1,30,,30355,2,,,1,99,,19683,2,,,1,97,,30356,2,,,1,96,,30357,2,,,1,95,,30358,2,,,1
7001,'1_merged_67006',524,,21085,2,,,1,31,,31570,2,,,1,69,,31581,2,,,1,28,,31585,2,,,1,69,,31571,2,,,1,30,,21087,2,,,1,70,,31586,2,,,1,29,,31572,2,,,1,69,,31582,2,,,1,29,,31587,2,,,1,69,,31573,2,,,1,30,,21089,2,,,1,69,,31588,2,,,1,29,,31574,2,,,1,69,,21090,2,,,1,30,,31589,2,,,1,70,,31575,2,,,1,28,,31583,2,,,1,70,,31590,2,,,1,30,,31576,2,,,1,71,,31584,2,,,1,31,,31591,2,,,1,71,,31577,2,,,1,31,,21093,2,,,1,71,,31592,2,,,1,31,,21081,2,,,1,71,,31596,2,,,1,29,,31593,2,,,1,69,,31578,2,,,1,30,,31597,2,,,1,68,,31594,2,,,1,27,,31579,2,,,1,67,,31598,2,,,1,28,,31595,2,,,1,68,,31580,2,,,1,28,,31599,2,,,1,81,,21105,2,,,1,41,,31600,2,,,1
7001,'2_merged_67008',524,,31619,2,,,1,80,,31607,2,,,1,40,,31620,2,,,1,67,,31631,2,,,1,26,,31608,2,,,1,67,,31621,2,,,1,27,,21143,2,,,1,27,,31609,2,,,1,66,,31622,2,,,1,28,,31632,2,,,1,67,,31610,2,,,1,28,,31623,2,,,1,68,,31633,2,,,1,28,,31611,2,,,1,69,,31624,2,,,1,29,,31634,2,,,1,69,,31612,2,,,1,28,,31625,2,,,1,69,,31635,2,,,1,29,,31613,2,,,1,69,,31626,2,,,1,29,,31636,2,,,1,68,,31614,2,,,1,29,,31627,2,,,1,69,,31601,2,,,1,28,,31615,2,,,1,28,,31628,2,,,1,69,,31602,2,,,1,28,,21126,2,,,1,68,,31629,2,,,1,28,,31603,2,,,1,69,,31616,2,,,1,27,,31630,2,,,1,67,,31604,2,,,1,41,,31617,2,,,1,80,,31605,2,,,1,81,,31618,2,,,1,41,,31606,2,,,1
7001,'3_merged_67007',634,,31649,2,,,1,80,,31637,2,,,1,40,,31650,2,,,1,80,,31638,2,,,1,80,,31651,2,,,1,41,,31639,2,,,1,81,,31652,2,,,1,81,,31640,2,,,1,42,,31653,2,,,1,83,,31641,2,,,1,83,,31654,2,,,1,83,,31642,2,,,1,43,,31655,2,,,1,83,,31643,2,,,1,83,,31656,2,,,1,83,,31644,2,,,1,43,,31657,2,,,1,83,,31645,2,,,1,82,,31658,2,,,1,41,,31646,2,,,1,82,,31659,2,,,1,81,,21159,2,,,1,41,,31660,2,,,1,80,,31647,2,,,1,81,,31661,2,,,1,41,,31648,2,,,1
7401,'1_merged_67006',529,,31771,2,,,1,22,,21290,35,,,1,64,,31785,35,,,1,23,,31781,35,,,1,64,,31788,35,,,1,26,,21309,35,,,1,26,,31766,35,,,1,66,,31772,35,,,1,26,,31760,35,,,1,67,,31786,35,,,1,26,,31782,35,,,1,65,,21323,35,,,1,25,,31777,35,,,1,25,,21298,35,,,1,65,,31773,35,,,1,26,,31761,35,,,1,65,,21320,35,,,1,26,,31783,35,,,1,66,,31789,35,,,1,26,,31778,35,,,1,26,,31767,35,,,1,66,,31774,35,,,1,27,,31762,35,,,1,67,,31787,35,,,1,26,,31784,35,,,1,68,,31790,35,,,1,28,,31779,35,,,1,67,,31768,35,,,1,28,,31775,35,,,1,27,,31763,35,,,1,65,,31755,35,,,1,26,,31758,35,,,1,66,,31793,35,,,1,25,,31780,35,,,1,64,,31769,35,,,1,24,,31753,35,,,1,24,,31764,35,,,1,65,,31756,35,,,1,32,,21288,35,,,1,72,,31776,35,,,1,33,,31770,35,,,1
7401,'2_merged_67008',540,,31820,2,,,1,72,,31814,35,,,1,32,,31800,35,,,1,72,,31794,35,,,1,33,,31807,35,,,1,73,,31821,35,,,1,31,,21352,35,,,1,72,,31801,35,,,1,32,,31795,35,,,1,73,,31808,35,,,1,74,,31822,35,,,1,34,,31815,35,,,1,73,,31802,35,,,1,34,,31796,35,,,1,75,,31809,35,,,1,35,,31823,35,,,1,75,,31816,35,,,1,75,,31803,35,,,1,34,,31797,35,,,1,75,,31810,35,,,1,35,,31824,35,,,1,75,,31817,35,,,1,35,,31804,35,,,1,73,,31798,35,,,1,74,,31811,35,,,1,32,,21363,35,,,1,74,,31818,35,,,1,33,,31805,35,,,1,71,,21334,35,,,1,32,,31812,35,,,1,72,,31825,35,,,1,33,,31819,35,,,1
7401,'3_merged_67007',725,,31826,35,,,1,81,,31836,35,,,1,41,,31830,35,,,1,80,,31842,35,,,1,81,,31827,35,,,1,42,,31837,35,,,1,82,,31831,35,,,1,83,,31843,35,,,1,44,,21367,35,,,1,84,,31838,35,,,1,83,,31832,35,,,1,84,,31844,35,,,1,44,,21368,35,,,1,84,,31839,35,,,1,84,,31833,35,,,1,83,,31845,35,,,1,42,,21369,35,,,1,82,,31840,35,,,1,82,,31834,35,,,1,41,,31846,35,,,1,80,,31828,35,,,1,80,,31841,35,,,1,40,,31835,35,,,1
22401,'1_merged_67006',514,,32103,2,,,1,28,,32095,19,,,1,68,,32115,19,,,1,29,,21723,19,,,1,70,,32096,19,,,1,30,,32116,19,,,1,70,,32104,19,,,1,30,,21715,19,,,1,70,,32117,19,,,1,28,,32105,19,,,1,69,,32097,19,,,1,29,,32118,19,,,1,69,,32106,19,,,1,29,,32098,19,,,1,68,,32119,19,,,1,29,,32107,19,,,1,29,,32099,19,,,1,69,,32120,19,,,1,30,,32108,19,,,1,70,,32100,19,,,1,31,,32121,19,,,1,72,,32109,19,,,1,71,,32101,19,,,1,31,,32122,19,,,1,72,,32110,19,,,1,31,,32102,19,,,1,71,,32123,19,,,1,30,,21731,19,,,1,81,,32091,19,,,1,82,,32111,19,,,1,41,,32092,19,,,1,81,,32112,19,,,1,80,,32093,19,,,1,41,,32113,19,,,1,80,,32094,19,,,1,81,,32114,19,,,1
22401,'2_merged_67008',638,,32136,19,,,1,81,,32124,19,,,1,40,,32137,19,,,1,81,,32125,19,,,1,80,,32138,19,,,1,82,,32126,19,,,1,42,,32139,19,,,1,83,,32127,19,,,1,83,,32140,19,,,1,43,,32128,19,,,1,83,,32141,19,,,1,83,,32129,19,,,1,83,,32142,19,,,1,43,,32130,19,,,1,83,,32143,19,,,1,83,,32131,19,,,1,43,,32144,19,,,1,82,,21753,19,,,1,82,,32145,19,,,1,82,,32132,19,,,1,41,,32146,19,,,1,81,,32133,19,,,1,80,,32147,19,,,1,41,,32134,19,,,1,80,,21770,19,,,1,81,,32135,19,,,1
68001,'1_merged_67006',533,,33654,2,,,1,68,,23516,2,,,1,29,,33655,2,,,1,72,,33664,2,,,1,32,,33656,2,,,1,73,,23518,2,,,1,33,,23508,2,,,1,73,,33665,2,,,1,32,,33657,2,,,1,71,,33666,2,,,1,30,,33658,2,,,1,71,,33667,2,,,1,30,,33659,2,,,1,71,,33668,2,,,1,30,,33660,2,,,1,71,,33669,2,,,1,32,,33661,2,,,1,71,,33670,2,,,1,32,,33662,2,,,1,74,,33671,2,,,1,75,,33663,2,,,1,35,,33672,2,,,1,75,,33680,2,,,1,35,,33673,2,,,1,73,,33681,2,,,1,30,,33674,2,,,1,71,,33682,2,,,1,29,,33675,2,,,1,69,,33683,2,,,1,28,,33676,2,,,1,69,,33684,2,,,1,28,,33677,2,,,1,69,,33685,2,,,1,28,,33678,2,,,1,69,,33686,2,,,1,28,,33679,2,,,1,69,,33687,2,,,1
400001601,'1_merged_67006',454,,26349,2,,,1,62,,35971,2,,,1,21,,35979,2,,,1,21,,35964,2,,,1,50,,35985,2,,,1,11,,35976,2,,,1,12,,35988,2,,,1,12,,35960,2,,,1,12,,36006,2,,,1,51,,26367,2,,,1,13,,35989,2,,,1,13,,26379,2,,,1,14,,35987,2,,,1,54,,35965,2,,,1,14,,35986,2,,,1,14,,26374,2,,,1,26,,26351,2,,,1,66,,35972,2,,,1,25,,35980,2,,,1,64,,35966,2,,,1,24,,26375,2,,,1,25,,26352,2,,,1,65,,35973,2,,,1,24,,35981,2,,,1,64,,35967,2,,,1,24,,35977,2,,,1,65,,26353,2,,,1,24,,26370,2,,,1,24,,35982,2,,,1,64,,35968,2,,,1,14,,35992,2,,,1,14,,35978,2,,,1,13,,35990,2,,,1,54,,35961,2,,,1,13,,26393,2,,,1,14,,35974,2,,,1,14,,35994,2,,,1,54,,35983,2,,,1,14,,35999,2,,,1,15,,35969,2,,,1,16,,35993,2,,,1,54,,36000,2,,,1,16,,35991,2,,,1,14,,26355,2,,,1,14,,36003,2,,,1,13,,35975,2,,,1,53,,35995,2,,,1,16,,35984,2,,,1,20,,35970,2,,,1,64,,36001,2,,,1,28,,35962,2,,,1,67,,35996,2,,,1,27,,36004,2,,,1,69,,26404,2,,,1,27,,26357,2,,,1,26,,35997,2,,,1,67,,36005,2,,,1,27,,36002,2,,,1,66,,35963,2,,,1,26,,35998,2,,,1
400001601,'2_merged_67008',539,,36016,2,,,1,67,,36031,2,,,1,26,,26410,2,,,1,25,,36025,2,,,1,67,,36017,2,,,1,27,,36032,2,,,1,66,,36007,2,,,1,25,,36026,2,,,1,62,,36041,2,,,1,23,,36018,2,,,1,22,,36033,2,,,1,61,,36008,2,,,1,23,,36027,2,,,1,22,,36042,2,,,1,63,,36019,2,,,1,23,,36034,2,,,1,63,,36009,2,,,1,24,,36028,2,,,1,24,,36043,2,,,1,64,,36020,2,,,1,23,,36035,2,,,1,63,,36010,2,,,1,24,,36029,2,,,1,24,,36044,2,,,1,64,,36021,2,,,1,23,,36036,2,,,1,63,,36011,2,,,1,24,,36030,2,,,1,24,,36045,2,,,1,64,,36022,2,,,1,30,,36037,2,,,1,71,,36012,2,,,1,31,,36046,2,,,1,66,,36023,2,,,1,28,,36038,2,,,1,68,,36013,2,,,1,27,,36047,2,,,1,69,,26428,2,,,1,27,,36039,2,,,1,26,,36014,2,,,1,67,,36048,2,,,1,27,,36024,2,,,1,66,,36040,2,,,1,26,,36015,2,,,1
400001601,'3_merged_67007',648,,36057,2,,,1,67,,26482,2,,,1,27,,26454,2,,,1,67,,36066,2,,,1,26,,36058,2,,,1,67,,36075,2,,,1,27,,36049,2,,,1,28,,36067,2,,,1,67,,26465,2,,,1,28,,36076,2,,,1,68,,36050,2,,,1,30,,36068,2,,,1,70,,36059,2,,,1,30,,36077,2,,,1,69,,36051,2,,,1,29,,36069,2,,,1,70,,36060,2,,,1,30,,36078,2,,,1,69,,36052,2,,,1,29,,36070,2,,,1,70,,36061,2,,,1,30,,36079,2,,,1,69,,36053,2,,,1,29,,36071,2,,,1,70,,36062,2,,,1,29,,36080,2,,,1,67,,36054,2,,,1,28,,36072,2,,,1,68,,36063,2,,,1,27,,36081,2,,,1,69,,36055,2,,,1,27,,36073,2,,,1,26,,36064,2,,,1,67,,36082,2,,,1,27,,36056,2,,,1,66,,36074,2,,,1,26,,36065,2,,,1
