'1',3200,64440,0,'Leila',1,7300,0,'Leila',1,3500,0,'Leila',1,85780,0,'Leila',1,2900,0,'Leila',1,6800,0,'Leila',1,3000,0,'Leila',1,6300,0,'Leila',1
'1',3800,54150,,'',1,6190,,'',1,1900,,'',1,2200,,'',1,6300,,'',1,2300,,'',1,2300,,'',1,6500,,'',1,2490,,'',1,6400,,'',1,2400,,'',1,2400,,'',1,6400,,'',1,2400,,'',1,6400,,'',1,2490,,'',1,2400,,'',1,6400,,'',1,2400,,'',1,6600,,'',1,2500,,'',1,6500,,'',1,2400,,'',1,2500,,'',1,6700,,'',1,2800,,'',1,6800,,'',1,2900,,'',1,6800,,'',1,2800,,'',1,6510,,'',1,2400,,'',1,2410,,'',1,6400,,'',1,2200,,'',1,6410,,'',1,4200,,'',1,8100,,'',1,8000,,'',1,3900,,'',1,8000,,'',1,7900,,'',1,3700,,'',1,7800,,'',1
'2merged62066',3800,65630,,'',1,7200,,'',1,3100,,'',1,7000,,'',1,2900,,'',1,7100,,'',1,7100,,'',1,3000,,'',1,7200,,'',1,3200,,'',1,7190,,'',1,3200,,'',1,7200,,'',1,3300,,'',1,7200,,'',1,3200,,'',1,7300,,'',1,3300,,'',1,7200,,'',1,3300,,'',1,7300,,'',1,7110,,'',1,3300,,'',1,8210,,'',1,8310,,'',1,4100,,'',1,8200,,'',1,8000,,'',1,3900,,'',1,8000,,'',1,7900,,'',1,3700,,'',1,7800,,'',1
'3merged62065',3800,71830,,'',1,8400,,'',1,4400,,'',1,8600,,'',1,8500,,'',1,8600,,'',1,4600,,'',1,8600,,'',1,8600,,'',1,8600,,'',1,4600,,'',1,8600,,'',1,8600,,'',1,8600,,'',1,4600,,'',1,8410,,'',1,8400,,'',1,8110,,'',1,4200,,'',1,8100,,'',1,8000,,'',1,3900,,'',1,8000,,'',1,7900,,'',1,3700,,'',1
'1',7100,54430,0,'Templeton',1,6120,0,'WalMart',1,2150,0,'Templeton',1,940,0,'WalMart',1,1960,0,'Templeton',1,4730,0,'WalMart',1,1870,0,'Templeton',1,830,0,'WalMart',1,2170,0,'Templeton',1,730,0,'WalMart',1,6170,0,'Templeton',1,820,0,'WalMart',1,1980,0,'Templeton',1,830,0,'WalMart',1,6270,0,'Templeton',1,1120,0,'WalMart',1,2180,0,'Templeton',1,5130,0,'WalMart',1,2170,0,'Templeton',1,1220,0,'WalMart',1,6180,0,'Templeton',1,1220,0,'WalMart',1,2080,0,'Templeton',1,1220,0,'WalMart',1,6180,0,'Templeton',1,1220,0,'WalMart',1,2180,0,'Templeton',1,1220,0,'WalMart',1,6180,0,'Templeton',1,1220,0,'WalMart',1,2110,0,'Templeton',1,5290,0,'WalMart',1,2180,0,'Templeton',1,1220,0,'WalMart',1,2080,0,'Templeton',1,4920,0,'WalMart',1,1880,0,'Templeton',1,910,0,'WalMart',1,1890,0,'Templeton',1,5010,0,'WalMart',1,1990,0,'Templeton',1,810,0,'WalMart',1,1890,0,'Templeton',1,910,0,'WalMart',1,5690,0,'Templeton',1,810,0,'WalMart',1,1690,0,'Templeton',1,810,0,'WalMart',1,5790,0,'Templeton',1,1120,0,'WalMart',1,2080,0,'Templeton',1,1320,0,'WalMart',1,6080,0,'Templeton',1,1230,0,'WalMart',1,2170,0,'Templeton',1,1130,0,'WalMart',1,6170,0,'Templeton',1,1230,0,'WalMart',1,2070,0,'Templeton',1,5250,0,'WalMart',1,3480,0,'Templeton',1,6520,0,'WalMart',1,3680,0,'Templeton',1,6520,0,'WalMart',1,3750,0,'Templeton',1,6830,0,'Templeton',1,10200,0,'Templeton',1,10100,0,'Templeton',1
'2merged62066',7100,54950,0,'WalMart',1,6650,0,'Templeton',1,1650,0,'WalMart',1,2650,0,'Templeton',1,5540,0,'WalMart',1,2660,0,'Templeton',1,1640,0,'WalMart',1,6760,0,'Templeton',1,1540,0,'WalMart',1,6760,0,'Templeton',1,1630,0,'WalMart',1,2670,0,'Templeton',1,5730,0,'WalMart',1,2670,0,'Templeton',1,1820,0,'WalMart',1,6580,0,'Templeton',1,1920,0,'WalMart',1,6780,0,'Templeton',1,1820,0,'WalMart',1,2680,0,'Templeton',1,5920,0,'WalMart',1,2680,0,'Templeton',1,1920,0,'WalMart',1,6680,0,'Templeton',1,1920,0,'WalMart',1,6680,0,'Templeton',1,1920,0,'WalMart',1,2780,0,'Templeton',1,5920,0,'WalMart',1,2780,0,'Templeton',1,5820,0,'WalMart',1,2580,0,'Templeton',1,2020,0,'WalMart',1,6580,0,'Templeton',1,1830,0,'WalMart',1,2570,0,'Templeton',1,5830,0,'WalMart',1,2470,0,'Templeton',1,1740,0,'WalMart',1,6560,0,'Templeton',1,1640,0,'WalMart',1,6560,0,'Templeton',1,1550,0,'WalMart',1,2650,0,'Templeton',1,5650,0,'WalMart',1,2850,0,'Templeton',1,7250,0,'WalMart',1,10580,0,'Templeton',1,10300,0,'Templeton',1,10200,0,'Templeton',1
'3merged62065',7100,70100,0,'Templeton',1,10700,0,'Templeton',1,10800,0,'Templeton',1,11000,0,'Templeton',1,10900,0,'Templeton',1,2040,0,'WalMart',1,6690,0,'Templeton',1,1710,0,'WalMart',1,6760,0,'Templeton',1,1830,0,'WalMart',1,2670,0,'Templeton',1,5830,0,'WalMart',1,2770,0,'Templeton',1,1820,0,'WalMart',1,6680,0,'Templeton',1,1920,0,'WalMart',1,6680,0,'Templeton',1,1920,0,'WalMart',1,2580,0,'Templeton',1,5830,0,'WalMart',1,2670,0,'Templeton',1,1840,0,'WalMart',1,6660,0,'Templeton',1,1850,0,'WalMart',1,8350,0,'Templeton',1,10600,0,'Templeton',1,10600,0,'Templeton',1,10600,0,'Templeton',1,10600,0,'Templeton',1,10230,0,'Templeton',1
'1',33000,60930,,'',1,2300,,'',1,2300,,'',1,6300,,'',1,2300,,'',1,6300,,'',1,2300,,'',1,2300,,'',1,6300,,'',1,2300,,'',1,8600,,'',1,8600,,'',1,4600,,'',1,8600,,'',1,8600,,'',1,8600,,'',1,4600,,'',1,6300,,'',1,2300,,'',1,6300,,'',1,2300,,'',1,2300,,'',1,6300,,'',1,2300,,'',1,6300,,'',1,2300,,'',1,2300,,'',1,6300,,'',1,2300,,'',1,8600,,'',1,8600,,'',1,4600,,'',1,8600,,'',1
'1',33001,62410,,'',1,2300,,'',1,6300,,'',1,2300,,'',1,2300,,'',1,6300,,'',1,2300,,'',1,6300,,'',1,2300,,'',1,8600,,'',1,8600,,'',1,4600,,'',1,8600,,'',1,8600,,'',1,8600,,'',1,4600,,'',1,6300,,'',1,2300,,'',1,2300,,'',1,6300,,'',1,2300,,'',1,6300,,'',1,2300,,'',1,2300,,'',1,6300,,'',1,2300,,'',1,6300,,'',1,2300,,'',1,8600,,'',1,4600,,'',1,8600,,'',1,8600,,'',1
'2merged62066',33000,63230,,'',1,8600,,'',1,8600,,'',1,4600,,'',1,8600,,'',1,8600,,'',1,8600,,'',1,4600,,'',1,8600,,'',1,8600,,'',1,8600,,'',1,4600,,'',1,8600,,'',1,8600,,'',1,8600,,'',1,8600,,'',1,4600,,'',1,8600,,'',1,8600,,'',1,8600,,'',1,4600,,'',1
'2merged62066',33001,62410,,'',1,8600,,'',1,4600,,'',1,8600,,'',1,8600,,'',1,8600,,'',1,8600,,'',1,4600,,'',1,8600,,'',1,8600,,'',1,8600,,'',1,4600,,'',1,8600,,'',1,8600,,'',1,8600,,'',1,4600,,'',1,8600,,'',1,8600,,'',1,8600,,'',1,4600,,'',1,8600,,'',1
'3merged62065',33000,63230,,'',1,8600,,'',1,8600,,'',1,4600,,'',1,8600,,'',1,8600,,'',1,8600,,'',1,4600,,'',1,8600,,'',1,8600,,'',1,8600,,'',1,4600,,'',1,8600,,'',1,8600,,'',1,8600,,'',1,8600,,'',1,4600,,'',1,8600,,'',1,8600,,'',1,8600,,'',1,4600,,'',1
'3merged62065',33001,62410,,'',1,8600,,'',1,4600,,'',1,8600,,'',1,8600,,'',1,8600,,'',1,8600,,'',1,4600,,'',1,8600,,'',1,8600,,'',1,8600,,'',1,4600,,'',1,8600,,'',1,8600,,'',1,8600,,'',1,4600,,'',1,8600,,'',1,8600,,'',1,8600,,'',1,4600,,'',1,8600,,'',1
