67101,'1',632,,43178,32,,,1,72,,43190,32,,,1,35,,43179,32,,,1,75,,43191,32,,,1,34,,43180,32,,,1,75,,43192,32,,,1,33,,43181,32,,,1,74,,43193,32,,,1,72,,43182,32,,,1,33,,43194,32,,,1,72,,43183,32,,,1,33,,43195,32,,,1,72,,43184,32,,,1,33,,43196,32,,,1,73,,43185,32,,,1,35,,43197,32,,,1,75,,43186,32,,,1,76,,43198,32,,,1,35,,43187,32,,,1,76,,43199,32,,,1,35,,43188,32,,,1,74,,43200,32,,,1,32,,43189,32,,,1,70,,43201,32,,,1,101,,43202,32,,,1,100,,43203,32,,,1,100,,43204,32,,,1
67101,'2',747,,43205,32,,,1,102,,43206,32,,,1,102,,43207,32,,,1,104,,43208,32,,,1,104,,43209,32,,,1,144,,43210,32,,,1,104,,43211,32,,,1,104,,43212,32,,,1,104,,43213,32,,,1,104,,43214,32,,,1,104,,43215,32,,,1,103,,43216,32,,,1
67101,'3',849,,43217,32,,,1,102,,43218,32,,,1,104,,43219,32,,,1,104,,43220,32,,,1,144,,43221,32,,,1,104,,43222,32,,,1,104,,43223,32,,,1,104,,43224,32,,,1,104,,43225,32,,,1,104,,43226,32,,,1,103,,43227,32,,,1
67101,'6',849,,43228,32,,,1,102,,43229,32,,,1,104,,43230,32,,,1,104,,43231,32,,,1,144,,43232,32,,,1,104,,43233,32,,,1,104,,43234,32,,,1,104,,43235,32,,,1,104,,43236,32,,,1,104,,43237,32,,,1,103,,43238,32,,,1
67600,'1',529,,43362,10,,,1,27,,43376,10,,,1,66,,43369,10,,,1,29,,43384,10,,,1,69,,43363,10,,,1,29,,43377,10,,,1,69,,43370,10,,,1,28,,43385,10,,,1,69,,43364,10,,,1,29,,43378,10,,,1,68,,43371,10,,,1,28,,43386,10,,,1,68,,43365,10,,,1,28,,43379,10,,,1,68,,43372,10,,,1,28,,43387,10,,,1,68,,43366,10,,,1,29,,43380,10,,,1,27,,43373,10,,,1,70,,43388,10,,,1,28,,43367,10,,,1
67600,'2',635,,43392,10,,,1,99,,43399,10,,,1,95,,43393,10,,,1,98,,43400,10,,,1,98,,43394,10,,,1,99,,43401,10,,,1,98,,43395,10,,,1,99,,43402,10,,,1,99,,43396,10,,,1,99,,43403,10,,,1,99,,43397,10,,,1,99,,43404,10,,,1,99,,43398,10,,,1
67600,'3',733,,43405,10,,,1,96,,43411,10,,,1,98,,43406,10,,,1,98,,43412,10,,,1,99,,43407,10,,,1,98,,43413,10,,,1,99,,43408,10,,,1,99,,43414,10,,,1,99,,43409,10,,,1,99,,43415,10,,,1,99,,43410,10,,,1,99,,43416,10,,,1
67600,'6',733,,43417,10,,,1,96,,43423,10,,,1,98,,43418,10,,,1,98,,43424,10,,,1,99,,43419,10,,,1,98,,43425,10,,,1,99,,43420,10,,,1,99,,43426,10,,,1,99,,43421,10,,,1,99,,43427,10,,,1,99,,43422,10,,,1,99,,43428,10,,,1
67601,'1',1520,,43449,71,,,1,31,,43442,71,,,1,55,,43460,23,,,1,15,,43457,71,,,1,16,,43459,23,,,1,15,,43435,71,,,1,56,,43429,23,,,1,15,,43450,71,,,1,30,,43443,71,,,1,71,,43458,71,,,1,28,,43436,71,,,1,69,,43451,71,,,1
67601,'2',1910,,43473,71,,,1
67601,'3',1910,,43479,71,,,1
67601,'6',1910,,43491,71,,,1
