4301,'1_merged_67024',543,,1216,27,,,1,66,,11745,59,,,1,24,,11762,59,,,1,15,,11742,27,,,1,53,,11752,59,,,1,13,,11773,27,,,1,14,,1217,59,,,1,13,,11774,27,,,1,14,,1191,59,,,1,53,,11743,27,,,1,14,,1209,59,,,1,13,,1187,27,,,1,14,,11753,59,,,1,53,,11744,27,,,1,12,,1218,59,,,1,12,,11775,27,,,1,13,,11746,59,,,1,65,,11763,59,,,1,26,,11754,59,,,1,25,,1219,59,,,1,65,,11747,59,,,1,25,,11764,59,,,1,65,,11755,59,,,1,25,,1220,59,,,1,65,,11748,59,,,1,25,,11765,59,,,1,25,,11756,59,,,1,66,,11768,59,,,1,26,,11749,59,,,1,67,,11766,59,,,1,26,,11757,59,,,1,70,,11769,59,,,1,28,,11750,59,,,1,68,,11767,59,,,1,28,,11758,59,,,1,29,,11770,59,,,1,64,,11751,59,,,1,26,,1215,59,,,1,66,,11759,59,,,1,32,,1224,59,,,1,73,,11771,59,,,1,33,,11760,59,,,1,72,,1225,59,,,1,33,,11772,59,,,1
4301,'2_merged_67026',611,,11793,27,,,1,32,,11785,59,,,1,72,,11776,59,,,1,32,,11794,59,,,1,72,,11786,59,,,1,33,,11777,59,,,1,72,,11795,59,,,1,32,,1243,59,,,1,73,,11778,59,,,1,73,,11796,59,,,1,33,,11787,59,,,1,73,,11779,59,,,1,34,,11797,59,,,1,74,,11788,59,,,1,33,,11780,59,,,1,74,,11798,59,,,1,34,,11789,59,,,1,73,,11781,59,,,1,74,,1257,59,,,1,34,,11790,59,,,1,73,,11782,59,,,1,34,,11799,59,,,1,74,,11791,59,,,1,32,,11783,59,,,1,73,,11800,59,,,1,33,,11792,59,,,1,74,,11784,59,,,1,73,,11801,59,,,1,32,,1250,59,,,1
4301,'3_merged_67025',710,,11802,59,,,1,49,,11810,59,,,1,89,,11803,59,,,1,88,,11811,59,,,1,89,,1263,59,,,1,89,,11812,59,,,1,90,,11804,59,,,1,51,,11813,59,,,1,91,,11805,59,,,1,90,,11814,59,,,1,91,,11806,59,,,1,90,,1275,59,,,1,91,,11807,59,,,1,50,,11815,59,,,1,90,,11808,59,,,1,88,,11816,59,,,1,89,,11809,59,,,1,88,,11817,59,,,1
7401,'1_merged_67024',545,,12129,18,,,1,66,,12138,18,,,1,25,,12158,18,,,1,12,,12144,18,,,1,53,,12133,18,,,1,13,,12163,18,,,1,14,,1762,18,,,1,13,,12155,18,,,1,14,,12143,18,,,1,54,,12141,18,,,1,13,,12146,18,,,1,13,,12157,18,0,5 6,1,14,,12164,18,,,1,54,,12162,18,0,5 6,1,13,,12139,18,,,1,27,,12159,18,,,1,66,,12134,18,,,1,26,,12151,18,,,1,66,,12167,18,,,1,26,,12147,18,,,1,27,,12130,18,,,1,66,,12140,18,,,1,26,,12160,18,,,1,66,,12135,18,,,1,27,,12152,18,,,1,65,,12168,18,,,1,28,,12148,18,,,1,26,,12131,18,,,1,68,,1751,18,,,1,15,,12171,18,,,1,14,,12169,18,,,1,54,,12178,18,,,1,14,,12136,18,,,1,15,,12174,18,,,1,14,,12153,18,,,1,55,,12177,18,,,1,15,,1792,18,,,1,14,,12173,18,0,5 6,1,14,,12149,18,,,1,55,,12176,18,0,5 6,1,14,,12132,18,,,1,27,,12180,18,,,1,67,,12170,18,,,1,26,,12137,18,,,1,66,,12154,18,,,1,25,,12179,18,,,1,25,,12150,18,,,1,64,,1742,18,0,5 6,1,24,,12181,18,0,5 6,1,65,,12182,18,0,5 6,1
7401,'2_merged_67026',546,,12188,18,,,1,83,,12193,18,,,1,83,,12198,18,,,1,42,,12184,18,,,1,80,,12189,18,,,1,70,,12203,18,,,1,30,,12194,18,,,1,69,,1816,18,,,1,29,,12207,18,,,1,70,,12185,18,,,1,28,,12190,18,,,1,70,,12204,18,,,1,30,,1811,18,,,1,71,,12199,18,,,1,31,,12208,18,,,1,70,,1800,18,,,1,30,,12191,18,,,1,71,,12205,18,,,1,30,,12195,18,,,1,71,,12200,18,,,1,31,,12209,18,,,1,70,,12186,18,,,1,30,,1807,18,,,1,71,,1824,18,,,1,30,,12196,18,,,1,70,,12201,18,,,1,30,,12210,18,,,1,70,,12187,18,,,1,29,,12192,18,,,1,70,,12206,18,0,5 6,1,27,,12197,18,0,5 6,1,69,,12202,18,0,5 6,1
7401,'3_merged_67025',702,,1830,18,,,1,43,,1840,18,,,1,82,,1835,18,,,1,81,,1845,18,,,1,44,,1831,18,,,1,84,,1841,18,,,1,84,,1836,18,,,1,84,,1846,18,,,1,46,,1832,18,,,1,86,,1842,18,,,1,85,,1837,18,,,1,86,,1847,18,,,1,46,,1833,18,,,1,86,,1843,18,,,1,85,,1838,18,,,1,86,,1848,18,,,1,46,,1834,18,,,1,85,,1844,18,,,1,83,,1839,18,,,1
88101,'1_merged_67024',547,,13913,15,,,1,84,,13914,15,,,1,84,,13915,15,,,1,86,,13916,15,,,1,46,,13917,15,,,1,682,,4078,15,,,1,87,,13909,15,,,1,87,,13910,15,,,1,47,,13911,15,,,1,86,,13912,15,,,1
400001601,'1_merged_67024',547,,16177,50,,,1,64,,16179,50,,,1,23,,6852,50,,,1,12,,6865,24,,,1,12,,16172,50,,,1,51,,6863,50,,,1,8,,16216,24,,,1,8,,16181,50,,,1,7,,6894,24,,,1,6,,6867,50,,,1,7,,16191,24,,,1,6,,16178,50,,,1,7,,16171,24,,,1,46,,16196,50,,,1,7,,16201,24,,,1,6,,16180,50,,,1,7,,16217,24,,,1,6,,16195,50,,,1,7,,16197,24,,,1,6,,16186,50,,,1,13,,6866,50,,,1,53,,6837,50,,,1,13,,6864,50,,,1,13,,16182,50,,,1,65,,16198,50,,,1,25,,16192,50,,,1,25,,16187,50,,,1,65,,16173,50,,,1,24,,16183,50,,,1,65,,16199,50,,,1,25,,16193,50,,,1,25,,16188,50,,,1,65,,16174,50,,,1,24,,16184,50,,,1,65,,16200,50,,,1,25,,16194,50,,,1,26,,16189,50,,,1,66,,16175,50,,,1,15,,16206,50,,,1,15,,16185,50,,,1,54,,16204,50,,,1,14,,6874,50,,,1,14,,16205,50,,,1,14,,6862,50,,,1,54,,16220,50,,,1,14,,16190,50,,,1,14,,16202,50,,,1,14,,16176,50,,,1,54,,16211,50,,,1,14,,6851,50,,,1,14,,16218,50,,,1,13,,16208,50,,,1,13,,16207,50,,,1,55,,16214,50,,,1,16,,16219,50,,,1,19,,6877,50,,,1,70,,16212,50,,,1,28,,16209,50,,,1,68,,16215,50,,,1,30,,16203,50,,,1,69,,16213,50,,,1,29,,16210,50,,,1,68,,6891,50,,,1
400001601,'2_merged_67026',623,,16229,50,,,1,28,,16244,50,,,1,67,,16221,50,,,1,27,,16237,50,,,1,68,,16230,50,,,1,28,,16245,50,,,1,69,,16222,50,,,1,28,,16238,50,,,1,68,,16231,50,,,1,26,,16246,50,,,1,24,,16252,50,,,1,63,,16223,50,,,1,23,,16239,50,,,1,63,,16232,50,,,1,24,,16247,50,,,1,24,,16253,50,,,1,63,,6901,50,,,1,23,,16240,50,,,1,64,,6911,50,,,1,23,,16248,50,,,1,24,,16254,50,,,1,63,,16224,50,,,1,23,,16241,50,,,1,64,,16233,50,,,1,23,,6929,50,,,1,24,,16255,50,,,1,63,,16225,50,,,1,23,,6921,50,,,1,24,,16234,50,,,1,63,,16249,50,,,1,22,,16256,50,,,1,63,,16226,50,,,1,23,,16242,50,,,1,20,,16235,50,,,1,62,,16250,50,,,1,23,,16257,50,,,1,22,,16227,50,,,1,62,,16243,50,,,1,22,,16236,50,,,1,75,,16251,50,,,1,35,,16228,50,,,1
400001601,'3_merged_67025',733,,16264,50,,,1,67,,16279,50,,,1,28,,16258,50,,,1,27,,16271,50,,,1,68,,16265,50,,,1,29,,6964,50,,,1,68,,16259,50,,,1,29,,16272,50,,,1,69,,16266,50,,,1,29,,16280,50,,,1,70,,16260,50,,,1,29,,16273,50,,,1,69,,16267,50,,,1,30,,16281,50,,,1,69,,16261,50,,,1,29,,16274,50,,,1,69,,16268,50,,,1,30,,16282,50,,,1,69,,16262,50,,,1,29,,16275,50,,,1,69,,16269,50,,,1,30,,16283,50,,,1,69,,6944,50,,,1,29,,16276,50,,,1,68,,16270,50,,,1,28,,16284,50,,,1,26,,6945,50,,,1,68,,16277,50,,,1,27,,6954,50,,,1,66,,16285,50,,,1,34,,16263,50,,,1,75,,16278,50,,,1
400001701,'1_merged_67024',551,,7131,31,,,1,66,,16412,53,,,1,24,,16421,53,,,1,15,,16431,31,,,1,54,,7116,53,,,1,10,,7115,53,,,1,9,,16403,53,,,1,9,,16418,53,,,1,9,,16396,53,,,1,9,,16395,53,,,1,49,,16413,53,,,1,9,,16425,53,,,1,9,,7144,53,,,1,9,,16422,53,,,1,10,,16434,53,,,1,9,,16432,53,,,1,49,,16405,53,,,1,8,,16397,53,,,1,9,,16433,53,,,1,9,,7133,53,,,1,12,,16438,53,,,1,15,,16414,53,,,1,66,,16423,53,,,1,27,,16406,53,,,1,67,,16419,53,,,1,27,,16415,53,,,1,66,,16424,53,,,1,27,,16407,53,,,1,67,,16420,53,,,1,27,,16416,53,,,1,27,,16426,53,,,1,68,,16408,53,,,1,28,,7136,53,,,1,69,,16417,53,,,1,16,,16437,53,,,1,16,,16427,53,,,1,55,,16439,53,,,1,15,,16409,53,,,1,15,,16435,53,,,1,15,,7137,53,,,1,56,,7156,53,,,1,15,,16401,53,,,1,16,,7157,53,,,1,17,,16428,53,,,1,53,,16436,53,,,1,14,,16410,53,,,1,27,,7138,53,,,1,67,,16402,53,,,1,27,,16429,53,,,1,66,,16411,53,,,1,25,,16398,53,,,1,24,,16399,53,,,1,65,,16430,53,,,1,25,,7124,53,,,1,65,,7108,53,,,1,24,,16400,53,,,1
400001701,'2_merged_67026',618,,16446,53,,,1,26,,16460,53,,,1,66,,7161,53,,,1,26,,16454,53,,,1,66,,16447,53,,,1,26,,16461,53,,,1,27,,16440,53,,,1,65,,16455,53,,,1,21,,16469,53,,,1,61,,16448,53,,,1,22,,16462,53,,,1,23,,16441,53,,,1,62,,16456,53,,,1,22,,16470,53,,,1,22,,16449,53,,,1,63,,16463,53,,,1,23,,16442,53,,,1,63,,16457,53,,,1,22,,16471,53,,,1,23,,16450,53,,,1,63,,16464,53,,,1,23,,16443,53,,,1,23,,16458,53,,,1,62,,16472,53,,,1,23,,7173,53,,,1,63,,16465,53,,,1,23,,16444,53,,,1,23,,7182,53,,,1,62,,16473,53,,,1,23,,16451,53,,,1,23,,16466,53,,,1,62,,16445,53,,,1,22,,7183,53,,,1,65,,7200,53,,,1,26,,16452,53,,,1,67,,16467,53,,,1,28,,7184,53,,,1,27,,16474,53,,,1,67,,16453,53,,,1,33,,16468,53,,,1,73,,16459,53,,,1
400001701,'3_merged_67025',715,,16480,53,,,1,26,,16495,53,,,1,65,,16475,53,,,1,26,,16488,53,,,1,27,,16481,53,,,1,67,,16496,53,,,1,26,,16476,53,,,1,66,,7219,53,,,1,28,,16482,53,,,1,68,,16497,53,,,1,28,,7204,53,,,1,68,,16489,53,,,1,29,,16483,53,,,1,68,,16498,53,,,1,29,,7205,53,,,1,69,,16490,53,,,1,28,,16484,53,,,1,68,,16499,53,,,1,29,,7206,53,,,1,29,,16491,53,,,1,68,,16485,53,,,1,28,,16500,53,,,1,69,,16477,53,,,1,29,,16492,53,,,1,67,,16486,53,,,1,27,,7232,53,,,1,67,,16478,53,,,1,26,,16493,53,,,1,67,,16487,53,,,1,26,,16501,53,,,1,71,,16479,53,,,1,33,,16494,53,,,1,75,,16502,53,,,1
