3801,'1',514,,886,,,1,20,,857,,,1,18,,865,,,1,58,,844,,,1,17,,871,,,1,18,,875,,,1,58,,859,,,1,19,,858,,,1,19,,866,,,1,60,,845,,,1,28,,867,,,1,29,,860,,,1,68,,872,,,1,28,,876,,,1,68,,868,,,1,29,,861,,,1,68,,873,,,1,28,,877,,,1,68,,869,,,1,28,,862,,,1,68,,874,,,1,28,,878,,,1,68,,870,,,1,29,,863,,,1,22,,885,,,1,60,,881,,,1,20,,879,,,1,19,,883,,,1,60,,848,,,1,19,,864,,,1,20,,843,,,1,59,,882,,,1,20,,880,,,1,20,,884,,,1,60,,849,,,1,22,,853,,,1,68,,850,,,1,27,,855,,,1,27,,854,,,1,67,,846,,,1,27,,851,,,1,67,,856,,,1,92,,847,,,1
3801,'2',559,,906,,,1,75,,887,,,1,73,,897,,,1,33,,907,,,1,67,,915,,,1,26,,888,,,1,24,,898,,,1,66,,908,,,1,27,,916,,,1,66,,889,,,1,26,,899,,,1,66,,909,,,1,27,,917,,,1,67,,890,,,1,27,,900,,,1,27,,910,,,1,67,,918,,,1,28,,891,,,1,67,,901,,,1,27,,911,,,1,67,,919,,,1,28,,892,,,1,67,,902,,,1,27,,912,,,1,67,,920,,,1,28,,893,,,1,28,,903,,,1,67,,913,,,1,28,,921,,,1,67,,894,,,1,27,,904,,,1,67,,914,,,1,26,,922,,,1,66,,895,,,1,27,,905,,,1
3801,'3',624,,923,,,1,33,,941,,,1,74,,932,,,1,74,,924,,,1,34,,942,,,1,74,,933,,,1,35,,925,,,1,74,,943,,,1,36,,934,,,1,75,,926,,,1,75,,944,,,1,37,,935,,,1,76,,927,,,1,36,,945,,,1,77,,936,,,1,76,,928,,,1,36,,946,,,1,77,,937,,,1,36,,929,,,1,76,,947,,,1,76,,938,,,1,35,,930,,,1,76,,948,,,1,35,,939,,,1,75,,931,,,1,75,,949,,,1,35,,940,,,1
400001001,'1',515,,5273,,,1,14,,5288,,,1,14,,5292,,,1,12,,5294,,,1,51,,5261,,,1,10,,5281,,,1,11,,5291,,,1,10,,5266,,,1,11,,5300,,,1,11,,5274,,,1,52,,5301,,,1,12,,5289,,,1,11,,5293,,,1,12,,5295,,,1,12,,5262,,,1,52,,5282,,,1,22,,5267,,,1,24,,5275,,,1,63,,5290,,,1,23,,5296,,,1,62,,5283,,,1,23,,5268,,,1,22,,5276,,,1,62,,5302,,,1,22,,5297,,,1,23,,5284,,,1,62,,5269,,,1,23,,5277,,,1,62,,5303,,,1,23,,5298,,,1,23,,5285,,,1,62,,5270,,,1,23,,5278,,,1,23,,5304,,,1,63,,5299,,,1,12,,5309,,,1,11,,5286,,,1,13,,5315,,,1,53,,5271,,,1,13,,5311,,,1,13,,5279,,,1,12,,5317,,,1,12,,5305,,,1,53,,5264,,,1,14,,5320,,,1,12,,5310,,,1,12,,5287,,,1,65,,5272,,,1,24,,5280,,,1,62,,5306,,,1,22,,5321,,,1,23,,5265,,,1,73,,5312,,,1,34,,5307,,,1,73,,5318,,,1,74,,5313,,,1,33,,5308,,,1,73,,5319,,,1,33,,5314,,,1
400001001,'2',601,,5332,,,1,25,,5349,,,1,26,,5323,,,1,67,,5341,,,1,27,,5333,,,1,67,,5350,,,1,26,,5324,,,1,63,,5358,,,1,23,,5342,,,1,22,,5334,,,1,63,,5351,,,1,22,,5325,,,1,23,,5359,,,1,64,,5343,,,1,23,,5335,,,1,63,,5352,,,1,23,,5326,,,1,23,,5360,,,1,64,,5344,,,1,24,,5336,,,1,63,,5353,,,1,23,,5327,,,1,23,,5361,,,1,64,,5345,,,1,24,,5337,,,1,23,,5354,,,1,63,,5328,,,1,23,,5362,,,1,64,,5346,,,1,23,,5338,,,1,24,,5355,,,1,62,,5329,,,1,23,,5363,,,1,63,,5347,,,1,23,,5339,,,1,22,,5356,,,1,62,,5330,,,1,19,,5364,,,1,22,,5348,,,1,62,,5340,,,1,21,,5357,,,1,74,,5331,,,1
400001001,'3',654,,5382,,,1,76,,5365,,,1,75,,5374,,,1,38,,5383,,,1,77,,5366,,,1,37,,5375,,,1,78,,5384,,,1,79,,5367,,,1,38,,5376,,,1,79,,5385,,,1,79,,5368,,,1,39,,5377,,,1,79,,5386,,,1,79,,5369,,,1,39,,5378,,,1,79,,5387,,,1,79,,5370,,,1,39,,5379,,,1,79,,5388,,,1,78,,5371,,,1,37,,5380,,,1,77,,5389,,,1,35,,5372,,,1,75,,5381,,,1,76,,5390,,,1
400001701,'1',533,,7125,,,1,24,,7139,,,1,66,,7116,,,1,9,,7115,,,1,8,,7113,,,1,8,,7132,,,1,9,,7105,,,1,49,,7104,,,1,8,,7126,,,1,9,,7143,,,1,9,,7144,,,1,9,,7140,,,1,10,,7153,,,1,49,,7151,,,1,9,,7117,,,1,9,,7106,,,1,9,,7152,,,1,9,,7133,,,1,13,,7159,,,1,56,,7127,,,1,27,,7141,,,1,27,,7118,,,1,67,,7134,,,1,27,,7128,,,1,66,,7142,,,1,27,,7119,,,1,67,,7135,,,1,27,,7129,,,1,67,,7145,,,1,28,,7120,,,1,68,,7136,,,1,28,,7130,,,1,16,,7158,,,1,54,,7146,,,1,14,,7160,,,1,14,,7121,,,1,15,,7154,,,1,15,,7137,,,1,56,,7156,,,1,15,,7111,,,1,16,,7157,,,1,57,,7147,,,1,14,,7155,,,1,16,,7122,,,1,15,,7114,0,20 3 21,1,55,,7138,,,1,30,,7112,,,1,68,,7148,,,1,26,,7123,,,1,25,,7107,,,1,64,,7109,,,1,25,,7149,,,1,65,,7124,,,1,25,,7108,,,1,24,,7110,,,1
400001701,'2',536,,7168,,,1,65,,7186,,,1,26,,7161,,,1,26,,7177,,,1,65,,7169,,,1,26,,7187,,,1,67,,7162,,,1,25,,7178,,,1,21,,7195,,,1,61,,7170,,,1,22,,7188,,,1,62,,7163,,,1,22,,7179,,,1,22,,7196,,,1,61,,7171,,,1,22,,7189,,,1,23,,7164,,,1,62,,7180,,,1,22,,7197,,,1,23,,7172,,,1,63,,7190,,,1,23,,7165,,,1,63,,7181,,,1,22,,7198,,,1,23,,7173,,,1,63,,7191,,,1,23,,7166,,,1,63,,7182,,,1,22,,7199,,,1,23,,7174,,,1,63,,7192,,,1,22,,7167,,,1,23,,7183,,,1,66,,7200,,,1,28,,7175,,,1,67,,7193,,,1,29,,7184,,,1,67,,7201,,,1,27,,7176,,,1,73,,7194,,,1,34,,7185,,,1
400001701,'3',632,,7210,,,1,26,,7226,,,1,64,,7202,,,1,26,,7218,,,1,67,,7211,,,1,27,,7227,,,1,66,,7203,,,1,26,,7219,,,1,67,,7212,,,1,28,,7228,,,1,27,,7204,,,1,67,,7220,,,1,29,,7213,,,1,67,,7229,,,1,29,,7205,,,1,69,,7221,,,1,28,,7214,,,1,68,,7230,,,1,29,,7206,,,1,69,,7222,,,1,28,,7215,,,1,68,,7231,,,1,29,,7207,,,1,69,,7223,,,1,27,,7216,,,1,68,,7232,,,1,28,,7208,,,1,28,,7224,,,1,67,,7217,,,1,27,,7233,,,1,71,,7209,,,1,33,,7225,,,1,76,,7234,,,1
600000901,'1',517,,9270,,,1,15,,9356,,,1,14,,9273,,,1,13,,9269,,,1,52,,9265,,,1,10,,9285,,,1,10,,9287,,,1,10,,9280,,,1,9,,9289,,,1,50,,9340,,,1,9,,9298,,,1,10,,9282,,,1,10,,9274,,,1,10,,9284,,,1,10,,9271,,,1,10,,9347,,,1,50,,9286,,,1,10,,9336,,,1,12,,9293,,,1,15,,9306,,,1,55,,9312,,,1,15,,9275,,,1,15,,9338,,,1,14,,9348,,,1,14,,9300,,,1,54,,9294,,,1,15,,9307,,,1,14,,9313,,,1,14,,9276,,,1,54,,9333,,,1,14,,9349,,,1,14,,9301,,,1,15,,9295,,,1,55,,9308,,,1,15,,9314,,,1,14,,9277,,,1,14,,9334,,,1,54,,9344,,,1,14,,9302,,,1,15,,9296,,,1,15,,9309,,,1,55,,9315,,,1,15,,9278,,,1,15,,9335,,,1,14,,9345,,,1,54,,9303,,,1,12,,9318,,,1,11,,9297,,,1,10,,9319,,,1,10,,9320,,,1,10,,9322,,,1,50,,9268,,,1,10,,9317,,,1,11,,9357,,,1,10,,9327,,,1,10,,9328,,,1,10,,9321,,,1,50,,9358,,,1,11,,9279,,,1,10,,9337,,,1,10,,9350,,,1,11,,9323,,,1,53,,9339,,,1,14,,9324,,,1,20,,9329,,,1,21,,9310,,,1,60,,9351,,,1,20,,9325,,,1,20,,9343,,,1,61,,9330,,,1,29,,9352,,,1,69,,9326,,,1,30,,9331,,,1,68,,9353,,,1,28,,9311,,,1,68,,9332,,,1,28,,9354,,,1
600000901,'2',527,,9360,,,1,31,,9383,,,1,70,,9372,,,1,31,,9361,,,1,71,,9384,,,1,70,,9373,,,1,31,,9362,,,1,71,,9385,,,1,31,,9374,,,1,24,,9394,,,1,63,,9363,,,1,23,,9386,,,1,65,,9375,,,1,24,,9395,,,1,25,,9364,,,1,65,,9387,,,1,25,,9376,,,1,65,,9396,,,1,25,,9365,,,1,65,,9388,,,1,25,,9377,,,1,25,,9397,,,1,65,,9366,,,1,25,,9389,,,1,65,,9378,,,1,25,,9398,,,1,25,,9367,,,1,65,,9390,,,1,25,,9379,,,1,64,,9399,,,1,25,,9368,,,1,64,,9391,,,1,24,,9380,,,1,23,,9400,,,1,65,,9369,,,1,30,,9392,,,1,71,,9381,,,1,32,,9370,,,1,70,,9393,,,1,31,,9382,,,1,71,,9371,,,1
600000901,'3',617,,9411,,,1,31,,9401,,,1,69,,9422,,,1,31,,9412,,,1,71,,9402,,,1,30,,9423,,,1,72,,9413,,,1,31,,9403,,,1,71,,9424,,,1,32,,9414,,,1,72,,9404,,,1,73,,9425,,,1,34,,9415,,,1,73,,9405,,,1,33,,9426,,,1,74,,9416,,,1,33,,9406,,,1,73,,9427,,,1,34,,9417,,,1,73,,9407,,,1,73,,9428,,,1,34,,9418,,,1,72,,9408,,,1,32,,9429,,,1,72,,9419,,,1,32,,9409,,,1,71,,9430,,,1,31,,9420,,,1,72,,9410,,,1,86,,9431,,,1
62400000301,'1',524,,10113,,,1,15,,10119,,,1,14,,10133,,,1,52,,10139,,,1,12,,10107,,,1,12,,10144,,,1,5,,10156,,,1,6,,10157,,,1,5,,10112,,,1,6,,10171,,,1,4,,10175,,,1,4,,10178,,,1,45,,10115,,,1,5,,10182,,,1,6,,10124,,,1,5,,10187,,,1,5,,10134,,,1,5,,10194,,,1,6,,10143,,,1,6,,10198,,,1,6,,10118,,,1,6,,10126,,,1,46,,10116,0,12,1,5,,10152,,,1,6,,10114,0,12,1,5,,10162,,,1,6,,10161,0,12,1,5,,10120,,,1,5,,10177,0,12,1,5,,10148,,,1,10,,10167,,,1,11,,10140,,,1,51,,10108,,,1,11,,10145,,,1,12,,10158,,,1,11,,10172,,,1,11,,10179,,,1,51,,10183,,,1,11,,10188,,,1,11,,10195,,,1,11,,10199,,,1,10,,10127,,,1,11,,10153,,,1,51,,10163,,,1,11,,10121,,,1,10,,10149,,,1,11,,10168,,,1,11,,10141,,,1,50,,10109,,,1,11,,10146,,,1,11,,10159,,,1,10,,10173,,,1,11,,10180,,,1,11,,10184,,,1,51,,10189,,,1,11,,10196,,,1,11,,10200,,,1,11,,10128,,,1,12,,10154,,,1,50,,10164,,,1,12,,10122,,,1,10,,10150,,,1,12,,10169,,,1,12,,10142,,,1,10,,10110,,,1,52,,10212,,,1,12,,10135,,,1,6,,10160,,,1,5,,10174,,,1,5,,10218,,,1,6,,10202,,,1,6,,10222,,,1,6,,10181,,,1,46,,10228,,,1,6,,10185,,,1,6,,10190,,,1,7,,10197,,,1,6,,10206,,,1,6,,10201,,,1,6,,10207,,,1,6,,10129,,,1,6,,10211,,,1,7,,10155,,,1,47,,10214,,,1,6,,10165,,,1,6,,10215,,,1,7,,10123,,,1,8,,10208,,,1,7,,10151,0,12,1,5,,10227,,,1,6,,10170,0,12,1,6,,10203,,,1,47,,10221,0,12,1,6,,10111,,,1,13,,10213,,,1,13,,10136,,,1,13,,10219,0,12,1,54,,10223,,,1,25,,10191,,,1,26,,10130,,,1,63,,10216,,,1,24,,10209,,,1,64,,10204,,,1,23,,10137,,,1,24,,10224,,,1,63,,10192,,,1,23,,10131,,,1,62,,10217,,,1,22,,10210,,,1,22,,10205,,,1,62,,10138,,,1,22,,10225,,,1,22,,10193,,,1,62,,10132,,,1
62400000301,'2',534,,10230,,,1,21,,10241,,,1,62,,10257,,,1,22,,10269,,,1,62,,10236,,,1,22,,10262,,,1,22,,10250,,,1,61,,10231,,,1,21,,10242,,,1,22,,10258,,,1,62,,10270,,,1,19,,10276,,,1,18,,10237,,,1,56,,10263,,,1,16,,10251,,,1,16,,10288,,,1,16,,10232,,,1,55,,10243,,,1,16,,10282,,,1,17,,10259,,,1,17,,10271,,,1,56,,10277,,,1,17,,10238,,,1,17,,10264,,,1,57,,10252,,,1,17,,10289,,,1,16,,10233,,,1,16,,10244,,,1,57,,10283,,,1,17,,10260,,,1,17,,10272,,,1,57,,10278,,,1,17,,10239,,,1,17,,10265,,,1,17,,10253,,,1,57,,10290,,,1,16,,10234,,,1,16,,10245,,,1,17,,10284,,,1,57,,10261,,,1,17,,10273,,,1,17,,10279,,,1,57,,10240,,,1,17,,10266,,,1,17,,10254,,,1,17,,10291,,,1,56,,10235,,,1,18,,10246,,,1,22,,10285,,,1,64,,10274,,,1,26,,10280,,,1,65,,10267,,,1,22,,10255,,,1,22,,10292,,,1,63,,10247,,,1,23,,10286,,,1,62,,10275,,,1,23,,10281,,,1,23,,10268,,,1,62,,10256,,,1,21,,10293,,,1,21,,10248,,,1,62,,10287,,,1
62400000301,'3',557,,10294,,,1,70,,10306,,,1,31,,10317,,,1,71,,10301,,,1,30,,10311,,,1,71,,10295,,,1,70,,10307,,,1,20,,10324,,,1,20,,10318,,,1,19,,10335,,,1,61,,10302,,,1,19,,10312,,,1,20,,10330,,,1,60,,10296,,,1,20,,10308,,,1,61,,10325,,,1,21,,10319,,,1,21,,10336,,,1,61,,10303,,,1,21,,10313,,,1,21,,10331,,,1,61,,10297,,,1,21,,10309,,,1,21,,10326,,,1,61,,10320,,,1,21,,10337,,,1,21,,10304,,,1,61,,10314,,,1,21,,10332,,,1,21,,10298,,,1,61,,10310,,,1,21,,10327,,,1,21,,10321,,,1,61,,10338,,,1,21,,10305,,,1,61,,10315,,,1,26,,10333,,,1,28,,10299,,,1,67,,10328,,,1,28,,10322,,,1,68,,10339,,,1,27,,10316,,,1,67,,10334,,,1,26,,10300,,,1,66,,10329,,,1,26,,10323,,,1,27,,10340,,,1
