3700,'1_merged_67006',544,,20105,1,,,1,66,,20121,1,,,1,27,,30720,1,,,1,69,,30729,1,,,1,29,,30721,1,,,1,70,,30730,1,,,1,30,,20108,1,,,1,70,,30731,1,,,1,29,,20109,1,,,1,68,,20125,1,,,1,28,,20110,1,,,1,28,,30732,1,,,1,68,,30722,1,,,1,28,,30733,1,,,1,68,,30723,1,,,1,28,,30734,1,,,1,68,,30724,1,,,1,28,,30735,1,,,1,68,,30725,1,,,1,29,,30736,1,,,1,68,,30726,1,,,1,30,,30737,1,,,1,70,,30727,1,,,1,30,,30738,1,,,1,70,,30728,1,,,1,30,,30739,1,,,1,70,,20118,1,,,1,28,,30740,1,,,1,68,,20119,1,,,1,28,,30741,1,,,1,67,,20120,1,,,1,26,,30742,1,,,1,80,,30718,1,,,1,93,,30719,1,,,1
3700,'2_merged_67008',609,,20137,1,,,1,91,,30743,1,,,1,51,,30744,1,,,1,93,,30745,1,,,1,93,,30746,1,,,1,95,,30747,1,,,1,96,,30748,1,,,1,96,,30749,1,,,1,96,,30750,1,,,1,96,,30751,1,,,1,96,,30752,1,,,1,96,,30753,1,,,1,96,,30754,1,,,1,96,,30755,1,,,1,55,,30756,1,,,1,94,,30757,1,,,1,93,,30758,1,,,1,93,,30759,1,,,1,92,,30760,1,,,1
3700,'3_merged_67007',700,,30761,1,,,1,51,,30762,1,,,1,93,,30763,1,,,1,93,,30764,1,,,1,95,,30765,1,,,1,96,,20161,1,,,1,96,,30766,1,,,1,96,,30767,1,,,1,96,,30768,1,,,1,96,,30769,1,,,1,96,,30770,1,,,1,96,,30771,1,,,1,96,,30772,1,,,1,55,,30773,1,,,1,94,,30774,1,,,1,93,,30775,1,,,1,93,,20172,1,,,1
3701,'1_merged_67006',554,,30790,37,4,,1,66,,30776,37,4,,1,29,,30791,37,4,,1,69,,30777,37,4,,1,29,,30792,37,4,,1,70,,30778,37,4,,1,30,,30793,37,4,,1,70,,20176,37,4,,1,28,,30794,37,4,,1,68,,30779,37,4,,1,28,,30795,37,4,,1,68,,20178,37,4,,1,28,,30796,37,4,,1,68,,30780,37,4,,1,28,,30797,37,4,,1,68,,20180,37,4,,1,28,,30798,37,4,,1,28,,30781,37,4,,1,68,,20200,37,4,,1,29,,30782,37,4,,1,69,,30799,37,4,,1,30,,30783,37,4,,1,70,,30800,37,4,,1,30,,30784,37,4,,1,70,,30801,37,4,,1,30,,30785,37,4,,1,69,,30802,37,4,,1,28,,20186,37,4,,1,68,,30803,37,4,,1,27,,30786,37,4,,1,67,,30804,37,4,,1,26,,30787,37,4,,1,67,,30805,37,4,,1,26,,30788,37,4,,1,93,,30789,37,4,,1
3701,'2_merged_67008',632,,30806,37,4,,1,91,,30807,37,4,,1,92,,30808,37,4,,1,93,,30809,37,4,,1,93,,30810,37,4,,1,56,,30811,37,4,,1,96,,20214,37,4,,1,96,,30812,37,4,,1,96,,30813,37,4,,1,96,,30814,37,4,,1,96,,30815,37,4,,1,96,,30816,37,4,,1,96,,30817,37,4,,1,95,,30818,37,4,,1,95,,30819,37,4,,1,93,,30820,37,4,,1,93,,30821,37,4,,1,52,,30822,37,4,,1,92,,30823,37,4,,1
3701,'3_merged_67007',723,,30824,37,4,,1,92,,30825,37,4,,1,93,,30826,37,4,,1,93,,30827,37,4,,1,56,,30828,37,4,,1,96,,30829,37,4,,1,96,,30830,37,4,,1,96,,30831,37,4,,1,96,,30832,37,4,,1,96,,30833,37,4,,1,96,,30834,37,4,,1,96,,20238,37,4,,1,95,,20239,37,4,,1,95,,30835,37,4,,1,93,,30836,37,4,,1,93,,30837,37,4,,1,52,,30838,37,4,,1
3900,'1_merged_67006',531,,31046,1,,,1,26,,31059,1,,,1,66,,31047,1,,,1,29,,31060,1,,,1,69,,31048,1,,,1,29,,31061,1,,,1,70,,20476,1,,,1,30,,31062,1,,,1,70,,31049,1,,,1,28,,31063,1,,,1,68,,20478,1,,,1,28,,31064,1,,,1,68,,31050,1,,,1,28,,31065,1,,,1,68,,20480,1,,,1,28,,31066,1,,,1,68,,31051,1,,,1,28,,20500,1,,,1,68,,20482,1,,,1,28,,31067,1,,,1,29,,20483,1,,,1,69,,31068,1,,,1,30,,31052,1,,,1,70,,31069,1,,,1,30,,31053,1,,,1,70,,31070,1,,,1,30,,20486,1,,,1,69,,31071,1,,,1,28,,31054,1,,,1,68,,31072,1,,,1,28,,31055,1,,,1,66,,31073,1,,,1,26,,31056,1,,,1,93,,31057,1,,,1,93,,31058,1,,,1
3900,'2_merged_67008',544,,31074,1,,,1,91,,31075,1,,,1,91,,31076,1,,,1,92,,31077,1,,,1,93,,31078,1,,,1,93,,31079,1,,,1,96,,31080,1,,,1,56,,20515,1,,,1,96,,31081,1,,,1,96,,31082,1,,,1,96,,31083,1,,,1,96,,31084,1,,,1,96,,31085,1,,,1,96,,31086,1,,,1,95,,31087,1,,,1,95,,31088,1,,,1,93,,31089,1,,,1,93,,31090,1,,,1,93,,31091,1,,,1
3900,'3_merged_67007',726,,31092,1,,,1,92,,31093,1,,,1,93,,31094,1,,,1,93,,31095,1,,,1,96,,31096,1,,,1,56,,31097,1,,,1,96,,31098,1,,,1,96,,31099,1,,,1,96,,31100,1,,,1,96,,31101,1,,,1,96,,20537,1,,,1,96,,20538,1,,,1,95,,31102,1,,,1,95,,31103,1,,,1,93,,31104,1,,,1,93,,31105,1,,,1,93,,31106,1,,,1
3901,'1_merged_67006',607,,31118,23,4,,1,27,,20546,23,4,,1,69,,20563,23,4,,1,29,,20547,23,4,,1,70,,31119,23,4,,1,30,,20548,23,4,,1,70,,31120,23,4,,1,29,,31109,23,4,,1,28,,31121,23,4,,1,68,,31110,23,4,,1,28,,20567,23,4,,1,68,,20551,23,4,,1,28,,31122,23,4,,1,68,,20552,23,4,,1,28,,31123,23,4,,1,68,,31111,23,4,,1,28,,31124,23,4,,1,68,,31112,23,4,,1,29,,31125,23,4,,1,68,,31113,23,4,,1,30,,31126,23,4,,1,70,,31114,23,4,,1,30,,31127,23,4,,1,70,,31115,23,4,,1,30,,31128,23,4,,1,70,,20558,23,4,,1,28,,31129,23,4,,1,68,,31116,23,4,,1,28,,31130,23,4,,1,27,,31117,23,4,,1,66,,31131,23,4,,1,27,,20561,23,4,,1,66,,31132,23,4,,1,40,,31107,23,4,,1,91,,31108,23,4,,1
3901,'2_merged_67008',606,,31133,23,4,,1,51,,20580,23,4,,1,91,,31134,23,4,,1,93,,31135,23,4,,1,93,,31136,23,4,,1,95,,31137,23,4,,1,96,,31138,23,4,,1,96,,31139,23,4,,1,96,,31140,23,4,,1,96,,31141,23,4,,1,96,,31142,23,4,,1,96,,31143,23,4,,1,96,,31144,23,4,,1,56,,31145,23,4,,1,95,,31146,23,4,,1,94,,31147,23,4,,1,93,,31148,23,4,,1,93,,31149,23,4,,1,92,,31150,23,4,,1
3901,'3_merged_67007',748,,31151,23,4,,1,93,,31152,23,4,,1,93,,31153,23,4,,1,95,,31154,23,4,,1,96,,20602,23,4,,1,96,,31155,23,4,,1,96,,31156,23,4,,1,96,,31157,23,4,,1,96,,31158,23,4,,1,96,,31159,23,4,,1,96,,31160,23,4,,1,56,,31161,23,4,,1,95,,31162,23,4,,1,94,,31163,23,4,,1,93,,31164,23,4,,1,93,,31165,23,4,,1,92,,20614,23,4,,1
33200,'1_merged_67006',545,,32278,28,,,1,76,,32291,28,,,1,36,,32279,28,,,1,78,,32292,28,,,1,78,,32281,28,,,1,38,,32293,28,,,1,77,,32282,28,,,1,77,,32294,28,,,1,37,,32283,28,,,1,77,,32295,28,,,1,37,,32284,28,,,1,77,,32296,28,,,1,77,,32285,28,,,1,37,,32297,28,,,1,77,,32286,28,,,1,77,,32298,28,,,1,37,,32287,28,,,1,21,,32280,28,,,1,59,,21937,28,,,1,38,,32288,28,,,1,78,,32299,28,,,1,77,,32289,28,,,1,37,,32300,28,,,1,76,,32290,28,,,1
33400,'1_merged_67006',529,,32326,8,,,1,23,,32339,8,,,1,62,,32327,8,,,1,23,,32340,8,,,1,63,,21968,8,,,1,24,,32341,8,,,1,24,,32328,8,,,1,64,,32342,8,,,1,24,,32329,8,,,1,64,,32343,8,,,1,24,,32330,8,,,1,24,,32344,8,,,1,63,,32331,8,,,1,24,,21987,8,,,1,23,,32332,8,,,1,64,,32345,8,,,1,23,,32333,8,,,1,64,,32346,8,,,1,23,,32334,8,,,1,24,,32347,8,,,1,63,,21976,8,,,1,24,,32348,8,,,1,63,,32335,8,,,1,24,,32349,8,,,1,25,,32336,1,,,1,65,,32350,1,,,1,25,,32337,1,,,1,65,,32351,1,,,1,25,,32338,1,,,1,65,,32323,1,,,1,25,,32352,1,,,1,25,,32324,1,,,1,64,,21996,1,,,1,25,,32325,1,,,1,63,,32353,1,,,1
33401,'1_merged_67006',1453,,32365,28,4,,1,65,,32380,28,4,,1,25,,32366,28,4,,1,65,,32381,28,4,,1,25,,32367,28,4,,1,25,,21998,28,4,,1,65,,32368,28,4,,1,25,,32354,28,4,,1,64,,32382,28,4,,1,25,,32355,28,4,,1,63,,22032,28,4,,1,24,,22001,28,4,,1
33600,'1_merged_67006',500,,32392,1,,,1,36,,32385,34,,,1,76,,32384,34,,,1,36,,32393,34,,,1,79,,32386,34,,,1,78,,32400,34,,,1,38,,32394,34,,,1,78,,22037,34,,,1,37,,32401,34,,,1,77,,32395,34,,,1,77,,32387,34,,,1,37,,32402,34,,,1,77,,32396,34,,,1,77,,32388,34,,,1,37,,32403,34,,,1,77,,32397,34,,,1,38,,32389,34,,,1,78,,32404,34,,,1,71,,32383,34,4,,1,7,,32398,34,,,1,40,,32390,34,,,1,78,,32405,34,,,1,77,,32399,34,,,1,39,,32391,34,0,9 10 11,1
33600,'2_merged_67008',651,,32406,34,,,1,93,,32412,34,,,1,94,,32407,34,,,1,94,,32413,34,,,1,95,,32408,34,,,1,95,,32414,34,,,1,95,,32409,34,,,1,96,,32415,34,,,1,96,,32410,34,,,1,95,,32416,34,,,1,96,,32411,34,,,1,55,,32417,34,,,1,96,,22063,34,,,1,95,,32418,34,0,9 10 11,1
33600,'3_merged_67007',739,,32425,1,,,1,100,,32419,1,,,1,101,,32426,1,,,1,101,,32420,1,,,1,101,,32427,1,,,1,102,,32421,1,,,1,101,,22080,1,,,1,102,,32422,1,,,1,101,,32428,1,,,1,102,,32423,1,,,1,101,,32429,1,,,1,102,,32424,1,0,9 10 11,1
33601,'3_merged_67007',734,,32471,18,4,,1,100,,32466,18,4,,1,101,,32472,18,4,,1,101,,32467,18,4,,1,102,,32473,18,4,,1,101,,32468,18,4,,1,101,,32474,18,4,,1,102,,32469,18,4,,1,101,,22131,18,4,,1,102,,22125,18,4,,1,101,,32475,18,4,,1,102,,32470,18,4,,1
