2201,'1_merged_67006',555,,30279,30,,,1,68,,30277,30,,,1,28,,19597,30,,,1,69,,30275,30,,,1,30,,19598,30,,,1,70,,30278,30,,,1,31,,19599,30,,,1,70,,30293,30,,,1,31,,30280,30,,,1,70,,30294,30,,,1,31,,30281,30,,,1,71,,30295,30,,,1,31,,30282,30,,,1,71,,30296,30,,,1,32,,30283,30,,,1,71,,30297,30,,,1,72,,30284,30,,,1,32,,30298,30,,,1,72,,30285,30,,,1,32,,30299,30,,,1,16,,30307,30,,,1,56,,30286,30,,,1,16,,30310,30,,,1,16,,30300,30,,,1,16,,19631,30,,,1,56,,30287,30,,,1,16,,19592,30,,,1,16,,30301,30,,,1,55,,30309,30,,,1,16,,30288,30,,,1,16,,30308,30,,,1,15,,30302,30,,,1,56,,30276,30,,,1,14,,30289,30,,,1,29,,30303,30,,,1,68,,30290,30,,,1,28,,19624,30,,,1,68,,30291,30,,,1,28,,30304,30,,,1,68,,30292,30,,,1,27,,30305,30,,,1,95,,19627,30,,,1,95,,30306,30,,,1
2201,'2_merged_67008',614,,30328,30,,,1,27,,30311,30,,,1,68,,30329,30,,,1,27,,30312,30,,,1,68,,30330,30,,,1,27,,30313,30,,,1,28,,30331,30,,,1,67,,30314,30,,,1,29,,30332,30,,,1,68,,19638,30,,,1,30,,30333,30,,,1,69,,30315,30,,,1,30,,30334,30,,,1,70,,30316,30,,,1,30,,30335,30,,,1,70,,30317,30,,,1,30,,30336,30,,,1,70,,30318,30,,,1,30,,19662,30,,,1,70,,30319,30,,,1,30,,30337,30,,,1,70,,30320,30,,,1,30,,30338,30,,,1,70,,30321,30,,,1,30,,30339,30,,,1,70,,30322,30,,,1,30,,30340,30,,,1,69,,30323,30,,,1,29,,30341,30,,,1,67,,30324,30,,,1,29,,30342,30,,,1,68,,30325,30,,,1,28,,30343,30,,,1,68,,19650,30,,,1,95,,30326,30,,,1,95,,30327,30,,,1
2201,'3_merged_67007',714,,30344,30,,,1,95,,30345,30,,,1,95,,30346,30,,,1,96,,30347,30,,,1,58,,30348,30,,,1,99,,30349,30,,,1,70,,30359,30,,,1,30,,19676,30,,,1,70,,19688,30,,,1,30,,30350,30,,,1,70,,30360,30,,,1,30,,30351,30,,,1,70,,30361,30,,,1,30,,30352,30,,,1,70,,30362,30,,,1,30,,30353,30,,,1,70,,30363,30,,,1,30,,30354,30,,,1,70,,30364,30,,,1,30,,30355,30,,,1,98,,19683,30,,,1,96,,30356,30,,,1,96,,30357,30,,,1,95,,30358,30,,,1
7001,'1_merged_67006',558,,21085,36,,,1,71,,31570,36,,,1,30,,31581,36,,,1,70,,31585,36,,,1,29,,31571,36,,,1,70,,21087,36,,,1,30,,31586,36,,,1,69,,31572,36,,,1,29,,31582,36,,,1,69,,31587,36,,,1,29,,31573,36,,,1,70,,21089,36,,,1,29,,31588,36,,,1,69,,31574,36,,,1,29,,21090,36,,,1,70,,31589,36,,,1,30,,31575,36,,,1,70,,31583,36,,,1,30,,31590,36,,,1,71,,31576,36,,,1,31,,31584,36,,,1,71,,31591,36,,,1,31,,31577,36,,,1,71,,21093,36,,,1,31,,31592,36,,,1,71,,21081,36,,,1,29,,31596,36,,,1,68,,31593,36,,,1,28,,31578,36,,,1,69,,31597,36,,,1,28,,31594,36,,,1,67,,31579,36,,,1,27,,31598,36,,,1,67,,31595,36,,,1,28,,31580,36,,,1,68,,31599,36,,,1,41,,21105,36,,,1,81,,31600,36,,,1
7001,'2_merged_67008',557,,31619,36,,,1,80,,31607,36,,,1,80,,31620,36,,,1,27,,31631,36,,,1,66,,31608,36,,,1,27,,31621,36,,,1,67,,21143,36,,,1,27,,31609,36,,,1,27,,31622,36,,,1,68,,31632,36,,,1,28,,31610,36,,,1,68,,31623,36,,,1,29,,31633,36,,,1,68,,31611,36,,,1,29,,31624,36,,,1,69,,31634,36,,,1,29,,31612,36,,,1,68,,31625,36,,,1,29,,31635,36,,,1,69,,31613,36,,,1,29,,31626,36,,,1,69,,31636,36,,,1,28,,31614,36,,,1,69,,31627,36,,,1,29,,31601,36,,,1,68,,31615,36,,,1,28,,31628,36,,,1,68,,31602,36,,,1,28,,21126,36,,,1,28,,31629,36,,,1,68,,31603,36,,,1,28,,31616,36,,,1,67,,31630,36,,,1,27,,31604,36,,,1,80,,31617,36,,,1,80,,31605,36,,,1,41,,31618,36,,,1,81,,31606,36,,,1
7001,'3_merged_67007',707,,31649,36,,,1,40,,31637,36,,,1,80,,31650,36,,,1,80,,31638,36,,,1,41,,31651,36,,,1,81,,31639,36,,,1,82,,31652,36,,,1,42,,31640,36,,,1,82,,31653,36,,,1,83,,31641,36,,,1,83,,31654,36,,,1,43,,31642,36,,,1,83,,31655,36,,,1,83,,31643,36,,,1,43,,31656,36,,,1,83,,31644,36,,,1,83,,31657,36,,,1,82,,31645,36,,,1,42,,31658,36,,,1,81,,31646,36,,,1,81,,31659,36,,,1,41,,21159,36,,,1,80,,31660,36,,,1,80,,31647,36,,,1,41,,31661,36,,,1,81,,31648,36,,,1
22000,'1_merged_67006',538,,31960,6,,,1,71,,21519,6,,,1,36,,31964,6,,,1,78,,21527,6,,,1,36,,21520,6,,,1,78,,31965,6,,,1,78,,21528,6,,,1,37,,21521,6,,,1,77,,31966,6,,,1,77,,21529,6,,,1,37,,21522,6,,,1,77,,31967,6,,,1,37,,21530,6,,,1,77,,21523,6,,,1,78,,31968,6,,,1,38,,21531,6,,,1,78,,21524,6,,,1,78,,21540,6,,,1,40,,31961,6,,,1,80,,31959,6,,,1,79,,21541,6,,,1,38,,31962,6,,,1
22001,'1_merged_67006',555,,21542,37,,,1,76,,31973,50,,,1,77,,31971,50,,,1,36,,21543,50,,,1,78,,31974,50,,,1,78,,21551,50,,,1,37,,21544,50,,,1,77,,31975,50,,,1,37,,21552,50,,,1,77,,21545,50,,,1,77,,31976,50,,,1,37,,21553,50,,,1,77,,21546,50,,,1,38,,31977,50,,,1,77,,21554,50,,,1,78,,21547,50,,,1,38,,31978,50,,,1,80,,21555,50,,,1,80,,31969,50,,,1,38,,21563,50,,,1,79,,31972,50,,,1,77,,31970,50,,,1
22300,'1_merged_67006',544,,21564,26,,,1,68,,31984,26,,,1,28,,31979,26,,,1,69,,31985,26,,,1,29,,31980,26,,,1,69,,31986,26,,,1,29,,21567,26,,,1,69,,31987,26,,,1,29,,21568,26,,,1,69,,31988,26,,,1,29,,21569,26,,,1,69,,21583,26,,,1,29,,21570,26,,,1,29,,21584,26,,,1,69,,31981,26,,,1,29,,21585,26,,,1,69,,31982,26,,,1,29,,21586,26,,,1,69,,21573,26,,,1,29,,21587,26,,,1,69,,21574,5,,,1,29,,21588,5,,,1,69,,21575,5,,,1,29,,31989,5,,,1,69,,21576,5,,,1,29,,31990,5,,,1,69,,31983,5,,,1,28,,31991,5,,,1
22301,'1_merged_67006',537,,31999,14,,,1,68,,31992,14,,,1,28,,32000,14,,,1,68,,31993,14,,,1,29,,32001,14,,,1,29,,31994,14,,,1,69,,32002,14,,,1,29,,21595,14,,,1,69,,32003,14,,,1,29,,21596,14,,,1,69,,32004,14,,,1,29,,21597,14,,,1,69,,21612,14,,,1,29,,21598,14,,,1,69,,21613,14,,,1,29,,31995,14,,,1,69,,21614,14,,,1,29,,31996,14,,,1,69,,21615,14,,,1,29,,21601,14,,,1,69,,21616,14,,,1,29,,21602,14,,,1,69,,32005,14,,,1,29,,21603,14,,,1,69,,32006,14,,,1,29,,31997,14,,,1,69,,32007,14,,,1,29,,31998,14,,,1
88500,'1_merged_67006',604,,33804,59,,,1,40,,33806,59,,,1,78,,33805,59,,,1,81,,23688,59,,,1,41,,33807,59,,,1,596,,23693,22,,,1,83,,33802,59,,,1,82,,33800,59,,,1,41,,33808,59,,,1,83,,33803,59,,,1,80,,33801,59,,,1,39,,33809,59,,,1
2222200,'1_merged_67006',531,,34040,26,,,1,10,,33924,26,,,1,10,,33937,26,,,1,49,,33952,30,,,1,8,,24002,42,,,1,7,,33991,48,,,1,6,,33928,42,,,1,6,,33919,48,,,1,6,,33940,42,,,1,7,,23843,48,,,1,6,,34029,42,,,1,6,,34051,48,,,1,6,,34048,42,,,1,47,,33998,48,,,1,6,,33955,42,,,1,5,,33951,48,,,1,7,,33967,42,,,1,7,,33959,48,,,1,6,,34046,42,,,1,5,,34023,48,,,1,5,,23901,48,,,1,7,,33921,48,,,1,48,,33926,42,,,1,7,,33984,48,,,1,7,,23851,42,,,1,6,,33990,48,,,1,6,,34037,42,,,1,7,,23935,48,,,1,6,,33994,42,,,1,7,,33993,48,,,1,6,,33968,42,,,1,6,,23839,48,,,1,46,,33971,42,,,1,6,,23857,48,,,1,5,,33914,42,,,1,6,,33932,48,,,1,5,,33918,42,,,1,6,,33986,48,,,1,7,,33956,42,,,1,6,,33987,48,,,1,7,,33962,42,,,1,6,,23875,48,,,1,46,,34047,42,,,1,6,,33960,48,,,1,6,,24008,42,,,1,6,,23892,48,,,1,6,,33978,42,,,1,6,,33922,48,,,1,6,,33985,42,,,1,6,,23833,48,,,1,6,,33938,42,,,1,6,,33997,48,,,1,46,,34001,42,,,1,6,,23930,48,,,1,6,,33995,42,,,1,6,,33943,48,,,1,6,,33929,42,,,1,6,,33969,48,,,1,6,,33941,42,,,1,6,,33972,48,,,1,6,,33933,42,,,1,6,,33915,48,,,1,46,,23922,42,,,1,5,,33925,48,,,1,6,,23926,42,,,1,6,,23881,48,,,1,6,,33953,42,,,1,6,,33966,48,,,1,6,,33961,42,,,1,7,,34049,48,,,1,6,,23893,42,,,1,6,,34042,48,,,1,46,,23829,42,,,1,6,,33979,48,,,1,6,,33927,42,,,1,6,,23920,48,,,1,6,,33999,42,,,1,6,,23853,48,,,1,6,,33992,42,,,1,7,,34006,48,,,1,6,,33944,42,,,1,46,,23938,48,,,1,6,,33970,42,,,1,6,,33930,48,,,1,6,,33973,42,,,1,6,,23859,48,,,1,6,,33916,42,,,1,6,,23847,48,,,1,6,,23837,42,,,1,6,,23923,48,,,1,6,,33957,42,,,1,46,,33988,48,,,1,6,,23899,42,,,1,6,,23877,48,,,1,6,,34050,42,,,1,6,,23944,48,,,1,6,,34043,42,,,1,6,,23888,48,,,1,5,,33980,42,,,1,5,,33965,48,,,1,5,,23948,42,,,1,4,,33923,48,,,1,4,,34003,42,,,1,44,,23835,48,,,1,4,,33939,42,,,1,4,,23954,48,,,1,4,,34015,42,,,1,4,,23943,48,,,1,4,,34014,42,,,1,4,,23965,48,,,1,4,,33996,42,,,1,4,,23932,48,,,1,4,,23982,42,,,1,4,,33945,48,,,1,4,,23946,42,,,1,4,,34022,48,,,1,4,,33974,42,,,1,4,,23900,48,,,1,44,,23989,42,,,1,4,,33931,48,,,1,4,,33917,42,,,1,4,,23970,48,,,1,4,,34011,42,,,1,4,,34021,48,,,1,4,,33936,42,,,1,4,,33934,48,,,1,4,,33958,42,,,1,3,,34026,48,,,1,3,,34024,42,,,1,3,,23988,48,,,1,4,,33977,42,,,1,4,,33989,48,,,1,4,,24018,42,,,1,44,,34030,48,,,1,4,,34027,42,,,1,4,,34033,48,,,1,4,,34020,42,,,1,4,,34000,48,,,1,4,,33981,42,,,1,5,,34044,48,,,1,4,,23949,42,,,1,6,,34034,48,,,1,6,,23836,42,,,1,7,,34004,48,,,1,7,,34007,42,,,1,46,,33942,48,,,1,8,,33946,42,,,1,8,,23967,48,,,1,8,,23907,42,,,1,9,,23978,48,,,1,9,,34012,42,,,1,10,,34019,48,,,1,50,,23972,42,,,1,10,,34025,48,,,1,11,,34031,42,,,1,11,,34028,48,,,1,11,,34045,42,,,1,11,,23915,48,,,1,51,,34008,42,,,1,11,,34005,48,,,1,11,,23870,42,,,1,11,,34017,48,,,1,12,,23962,42,,,1,53,,23980,48,,,1,14,,23973,42,,,1,14,,23985,48,,,1,14,,23996,42,,,1,54,,23993,48,,,1,13,,34009,42,,,1,14,,33982,48,,,1,14,,33949,42,,,1,14,,34018,48,,,1,55,,34013,42,,,1,15,,23981,48,,,1,14,,23974,42,,,1,14,,23986,48,,,1,55,,34032,42,,,1,15,,34010,48,,,1,15,,33983,42,,,1,16,,33950,48,,,1
2222200,'2_merged_67008',520,,34052,12,,,1,13,,34059,26,,,1,14,,34063,26,,,1,53,,24069,26,,,1,13,,24075,26,,,1,14,,34102,26,,,1,13,,34077,42,,,1,14,,34084,48,,,1,53,,34095,42,,,1,15,,24044,48,,,1,14,,24021,42,,,1,15,,24030,48,,,1,54,,34064,42,,,1,14,,34089,48,,,1,14,,24076,42,,,1,15,,34103,48,,,1,53,,34078,42,,,1,13,,24062,48,,,1,12,,34096,42,,,1,12,,34109,48,,,1,11,,34053,42,,,1,52,,34070,48,,,1,11,,34113,42,,,1,11,,34060,48,,,1,11,,24037,42,,,1,11,,34090,48,,,1,11,,34092,42,,,1,50,,24107,48,,,1,11,,34079,42,,,1,10,,34104,48,,,1,10,,34116,42,,,1,10,,34085,48,,,1,10,,34097,42,,,1,50,,34110,48,,,1,10,,34054,42,,,1,10,,24118,48,,,1,10,,34114,42,,,1,10,,34071,48,,,1,10,,34065,42,,,1,50,,34061,48,,,1,10,,34093,42,,,1,11,,34091,48,,,1,12,,24055,42,,,1,10,,24108,48,,,1,50,,34117,42,,,1,10,,24093,48,,,1,10,,24084,42,,,1,10,,24064,48,,,1,11,,34055,42,,,1,10,,34111,48,,,1,50,,24104,42,,,1,10,,34123,48,,,1,10,,34066,42,,,1,10,,34072,48,,,1,10,,34094,42,,,1,11,,34062,48,,,1,51,,34080,42,,,1,11,,24073,48,,,1,10,,34118,42,,,1,10,,24109,48,,,1,11,,34098,42,,,1,10,,34105,48,,,1,51,,34056,42,,,1,10,,34086,48,,,1,9,,24105,42,,,1,10,,34112,48,,,1,10,,34067,42,,,1,10,,34124,48,,,1,49,,24080,42,,,1,11,,34073,48,,,1,10,,34081,42,,,1,10,,24034,48,,,1,10,,34119,42,,,1,10,,24074,48,,,1,51,,34099,42,,,1,9,,34115,48,,,1,10,,24026,42,,,1,11,,34106,48,,,1,10,,24106,42,,,1,11,,34087,48,,,1,55,,24041,42,,,1,16,,34125,48,,,1,15,,34074,42,,,1,14,,34082,48,,,1,56,,34120,42,,,1,16,,34100,48,,,1,15,,34057,42,,,1,56,,34107,48,,,1,15,,24067,42,,,1,15,,34068,48,,,1,15,,34126,42,,,1,14,,34075,48,,,1,55,,24059,42,,,1,15,,34121,48,,,1,14,,34101,42,,,1,14,,34058,48,,,1,54,,34108,42,,,1,15,,34088,48,,,1,14,,34069,42,,,1,14,,34127,48,,,1,55,,34076,42,,,1,15,,34083,48,,,1,15,,34122,42,,,1,16,,24089,48,,,1
2222200,'3_merged_67007',608,,34141,12,,,1,13,,34154,26,,,1,14,,34163,26,,,1,14,,24131,48,,,1,54,,34147,42,,,1,14,,24124,48,,,1,14,,34134,42,,,1,15,,34158,48,,,1,54,,24179,42,,,1,14,,34177,48,,,1,14,,34142,42,,,1,15,,34155,48,,,1,13,,24172,42,,,1,53,,24132,48,,,1,12,,34148,42,,,1,12,,34184,48,,,1,11,,34135,42,,,1,12,,24125,48,,,1,51,,34189,42,,,1,11,,34159,48,,,1,11,,34170,42,,,1,10,,34178,48,,,1,12,,34143,42,,,1,51,,34196,48,,,1,12,,34164,42,,,1,11,,34156,48,,,1,13,,34149,42,,,1,11,,34128,48,,,1,52,,34136,42,,,1,12,,34185,48,,,1,12,,34190,42,,,1,12,,24126,48,,,1,12,,34171,42,,,1,52,,34160,48,,,1,12,,34144,42,,,1,12,,34179,48,,,1,12,,34165,42,,,1,12,,34197,48,,,1,52,,34150,42,,,1,12,,34157,48,,,1,11,,34137,42,,,1,12,,34129,48,,,1,12,,34191,42,,,1,52,,34186,48,,,1,12,,34172,42,,,1,12,,24127,48,,,1,12,,34145,42,,,1,12,,34161,48,,,1,52,,34166,42,,,1,13,,34180,48,,,1,12,,24157,42,,,1,12,,24209,48,,,1,12,,34138,42,,,1,52,,24165,48,,,1,12,,34192,42,,,1,12,,34130,48,,,1,11,,34173,42,,,1,12,,34187,48,,,1,11,,34146,42,,,1,52,,24128,48,,,1,11,,34167,42,,,1,12,,34162,48,,,1,12,,34151,42,,,1,13,,34181,48,,,1,53,,34139,42,,,1,13,,34198,48,,,1,14,,34193,42,,,1,15,,34131,48,,,1,55,,34174,42,,,1,15,,24198,48,,,1,15,,24129,42,,,1,15,,34168,48,,,1,56,,34152,42,,,1,16,,34182,48,,,1,15,,24145,42,,,1,16,,34194,48,,,1,55,,34132,42,,,1,15,,34175,48,,,1,14,,34188,42,,,1,15,,24130,48,,,1,54,,34169,42,,,1,14,,34153,48,,,1,15,,34183,42,,,1,14,,34140,48,,,1,54,,34195,42,,,1,16,,34133,48,,,1,17,,34176,42,,,1
400001501,'1_merged_67006',603,,26092,49,,,1,18,,26071,80,,,1,20,,35746,80,,,1,60,,35750,80,,,1,21,,35740,80,,,1,11,,35755,80,,,1,12,,35730,80,,,1,11,,26102,80,,,1,51,,35735,80,,,1,11,,35756,80,,,1,11,,26114,80,,,1,21,,26115,80,,,1,61,,35733,80,,,1,20,,35758,80,,,1,21,,35751,80,,,1,60,,35741,80,,,1,20,,35731,80,,,1,20,,35736,80,,,1,61,,26104,80,,,1,21,,35762,80,,,1,21,,26073,80,,,1,61,,35759,80,,,1,21,,35752,80,,,1,20,,35742,80,,,1,61,,26068,80,,,1,21,,35737,80,,,1,61,,35757,80,,,1,22,,26117,80,,,1,23,,26074,80,,,1,62,,35760,80,,,1,25,,26098,80,,,1,23,,26086,80,,,1,52,,35764,49,,,1,12,,35732,80,,,1,12,,35765,49,,,1,11,,35738,80,,,1,12,,35766,49,,,1,52,,26106,80,,,1,12,,35768,49,,,1,11,,35763,80,,,1,12,,35729,49,,,1,12,,26075,80,,,1,52,,35767,49,,,1,11,,26111,80,,,1,10,,26125,49,,,1,11,,35753,80,,,1,10,,35769,49,,,1,10,,35743,80,,,1,60,,26070,80,,,1,20,,26081,80,,,1,20,,26107,80,,,1,60,,26119,80,,,1,19,,35734,80,,,1,20,,35761,80,,,1,59,,35754,80,,,1,18,,35744,80,,,1,77,,35739,80,,,1,37,,26120,80,,,1,77,,26113,80,,,1,77,,35745,80,,,1
400001501,'2_merged_67008',641,,35776,80,,,1,79,,35786,80,,,1,38,,35770,80,,,1,80,,35781,80,,,1,79,,26135,80,,,1,39,,35787,80,,,1,64,,35797,80,,,1,24,,35771,80,,,1,63,,26152,80,,,1,25,,35782,80,,,1,24,,35802,80,,,1,63,,35777,80,,,1,25,,35788,80,,,1,64,,35798,80,,,1,24,,35772,80,,,1,25,,35793,80,,,1,65,,35783,80,,,1,24,,35803,80,,,1,64,,35778,80,,,1,24,,35789,80,,,1,24,,35799,80,,,1,64,,35773,80,,,1,25,,35794,80,,,1,65,,35784,80,,,1,24,,35804,80,,,1,64,,35779,80,,,1,24,,35790,80,,,1,24,,35800,80,,,1,64,,35774,80,,,1,23,,35795,80,,,1,23,,35785,80,,,1,63,,35805,80,,,1,22,,35780,80,,,1,63,,35791,80,,,1,24,,35801,80,,,1,25,,35775,80,,,1,66,,35796,80,,,1,37,,35806,80,,,1,78,,35792,80,,,1
400001501,'3_merged_67007',748,,26173,80,,,1,66,,35822,80,,,1,26,,35832,80,,,1,66,,35807,80,,,1,27,,35818,80,,,1,26,,35828,80,,,1,67,,35813,80,,,1,28,,35823,80,,,1,67,,35833,80,,,1,29,,35808,80,,,1,68,,35819,80,,,1,28,,26191,80,,,1,68,,35814,80,,,1,29,,35824,80,,,1,68,,35834,80,,,1,29,,35809,80,,,1,68,,35820,80,,,1,28,,35829,80,,,1,68,,35815,80,,,1,29,,35825,80,,,1,68,,35835,80,,,1,29,,35810,80,,,1,28,,26182,80,,,1,68,,35830,80,,,1,28,,35816,80,,,1,68,,35826,80,,,1,27,,35836,80,,,1,65,,35811,80,,,1,26,,35821,80,,,1,66,,35831,80,,,1,25,,35817,80,,,1,76,,35827,80,,,1,37,,35812,80,,,1
