2800,'1',540,,227,,,1,65,,219,,,1,24,,204,,,1,14,,243,,,1,14,,233,,,1,53,,241,0,9 10 11,1,14,,213,,,1,13,,251,0,9 10 11,1,14,,228,,,1,54,,252,0,9 10 11,1,15,,220,,,1,27,,205,,,1,68,,234,,,1,28,,214,,,1,67,,229,,,1,26,,221,,,1,66,,206,,,1,26,,235,,,1,27,,215,,,1,67,,230,,,1,26,,222,,,1,66,,207,,,1,26,,236,,,1,67,,216,,,1,27,,231,,,1,67,,223,,,1,14,,248,,,1,14,,208,,,1,14,,246,,,1,15,,237,,,1,55,,203,,,1,14,,217,,,1,15,,250,,,1,14,,232,,,1,55,,245,0,9 10 11,1,15,,224,,,1,15,,249,0,9 10 11,1,14,,209,,,1,55,,247,0,9 10 11,1,15,,238,,,1,27,,218,,,1,68,,253,,,1,29,,225,,,1,70,,210,,,1,30,,239,,,1,71,,254,,,1,30,,226,,,1,68,,211,0,9 10 11,1,29,,240,0,9 10 11,1
2800,'2',557,,279,,,1,68,,271,,,1,30,,264,,,1,70,,256,,,1,30,,280,,,1,69,,272,,,1,32,,265,,,1,72,,257,,,1,72,,281,,,1,31,,273,,,1,73,,266,,,1,33,,258,,,1,73,,282,,,1,33,,274,,,1,73,,267,,,1,33,,259,,,1,73,,283,,,1,33,,275,,,1,73,,268,,,1,73,,260,,,1,33,,284,,,1,73,,276,,,1,33,,269,,,1,73,,261,,,1,33,,285,,,1,73,,277,,,1,31,,270,,,1,72,,262,,,1,29,,286,0,9 10 11,1,70,,278,,,1,99,,263,0,9 10 11,1
2800,'3',650,,302,,,1,80,,295,,,1,80,,288,,,1,41,,303,,,1,82,,296,,,1,82,,289,,,1,43,,304,,,1,84,,297,,,1,84,,290,,,1,84,,305,,,1,44,,298,,,1,84,,291,,,1,84,,306,,,1,84,,299,,,1,44,,292,,,1,84,,307,,,1,84,,300,,,1,83,,293,,,1,42,,308,,,1,81,,301,,,1,99,,294,0,9 10 11,1
88900,'1',627,,4226,,,1,78,,4224,,,1,41,,4227,,,1,81,,4225,,,1,81,,4228,,,1,545,,4229,,,1,53,,4219,,,1,14,,4215,,,1,13,,4231,,,1,15,,4235,,,1,54,,4216,,,1,13,,4230,,,1,14,,4213,,,1,14,,4214,,,1,13,,4232,,,1,54,,4220,,,1,14,,4218,,,1,14,,4234,,,1,14,,4222,,,1,54,,4217,,,1,13,,4233,,,1,18,,4223,,,1,20,,4221,,,1,60,,4212,,,1
400001100,'1',517,,5402,,,1,19,,5395,,,1,18,,5391,,,1,58,,5400,,,1,18,,5403,,,1,10,,5461,,,1,10,,5442,,,1,50,,5450,,,1,10,,5411,,,1,10,,5449,,,1,10,,5434,,,1,11,,5441,,,1,10,,5401,,,1,51,,5423,,,1,10,,5404,,,1,10,,5452,,,1,10,,5443,,,1,11,,5451,0,12,1,10,,5412,,,1,59,,5435,,,1,20,,5424,,,1,20,,5405,,,1,60,,5444,,,1,19,,5413,,,1,19,,5436,,,1,59,,5425,,,1,20,,5406,,,1,19,,5445,,,1,59,,5414,,,1,19,,5437,,,1,19,,5426,,,1,60,,5407,,,1,19,,5446,,,1,20,,5415,,,1,59,,5438,,,1,19,,5427,,,1,21,,5408,,,1,61,,5447,,,1,22,,5416,,,1,11,,5397,,,1,11,,5439,,,1,52,,5456,,,1,11,,5428,,,1,11,,5394,,,1,12,,5409,,,1,11,,5396,,,1,12,,5448,,,1,52,,5459,,,1,11,,5417,,,1,12,,5398,,,1,11,,5440,,,1,10,,5457,0,12,1,50,,5429,,,1,22,,5410,,,1,21,,5460,,,1,60,,5418,,,1,20,,5399,,,1,19,,5430,,,1,69,,5453,,,1,29,,5419,,,1,71,,5431,,,1,30,,5454,,,1,69,,5420,,,1,30,,5432,,,1,69,,5455,,,1,29,,5421,,,1,70,,5433,,,1
400001100,'2',555,,5474,,,1,69,,5486,,,1,29,,5462,,,1,68,,5475,,,1,29,,5487,,,1,69,,5463,,,1,29,,5476,,,1,70,,5488,,,1,29,,5464,,,1,71,,5477,,,1,31,,5489,,,1,71,,5465,,,1,32,,5478,,,1,72,,5490,,,1,33,,5466,,,1,73,,5479,,,1,73,,5491,,,1,33,,5467,,,1,73,,5480,,,1,33,,5492,,,1,73,,5468,,,1,33,,5481,,,1,73,,5493,,,1,33,,5469,,,1,73,,5482,,,1,73,,5494,,,1,33,,5470,,,1,71,,5483,,,1,30,,5495,,,1,72,,5471,,,1,45,,5484,,,1,85,,5472,,,1,86,,5485,,,1,86,,5473,,,1
400001100,'3',653,,5516,,,1,68,,5496,,,1,29,,5507,,,1,69,,5517,,,1,29,,5497,,,1,70,,5508,,,1,29,,5518,,,1,71,,5498,,,1,31,,5509,,,1,71,,5519,,,1,32,,5499,,,1,72,,5510,,,1,33,,5520,,,1,73,,5500,,,1,73,,5511,,,1,33,,5521,,,1,73,,5501,,,1,33,,5512,,,1,73,,5522,,,1,33,,5502,,,1,73,,5513,,,1,33,,5523,,,1,73,,5503,,,1,73,,5514,,,1,33,,5524,,,1,71,,5504,,,1,30,,5515,,,1,72,,5525,,,1,45,,5505,,,1,85,,5526,,,1
400001600,'1',543,,6706,,,1,65,,6715,,,1,25,,6713,,,1,24,,6714,,,1,54,,6734,,,1,12,,6721,,,1,13,,6733,,,1,13,,6707,,,1,53,,6732,,,1,15,,6716,,,1,26,,6727,,,1,66,,6739,,,1,25,,6722,,,1,25,,6708,,,1,64,,6717,,,1,25,,6735,,,1,65,,6728,,,1,25,,6723,,,1,65,,6709,,,1,24,,6718,,,1,25,,6736,,,1,65,,6729,,,1,25,,6724,,,1,66,,6710,,,1,25,,6719,,,1,14,,6744,,,1,53,,6737,,,1,15,,6746,,,1,14,,6730,,,1,14,,6760,,,1,14,,6725,,,1,54,,6740,,,1,14,,6711,,,1,14,,6751,,,1,14,,6720,,,1,54,,6745,,,1,14,,6748,,,1,14,,6747,,,1,14,,6755,,,1,54,,6761,,,1,14,,6726,,,1,15,,6741,,,1,12,,6712,,,1,59,,6752,,,1,27,,6749,,,1,29,,6756,,,1,71,,6742,,,1,71,,6753,,,1,28,,6750,,,1,28,,6757,,,1,70,,6743,,,1,29,,6754,,,1
400001600,'2',613,,6763,,,1,27,,6781,,,1,67,,6772,,,1,28,,6789,,,1,67,,6764,,,1,27,,6782,,,1,27,,6773,,,1,67,,6790,,,1,23,,6797,,,1,63,,6765,,,1,22,,6783,,,1,22,,6774,,,1,64,,6791,,,1,24,,6798,,,1,63,,6766,,,1,23,,6784,,,1,24,,6775,,,1,63,,6792,,,1,24,,6799,,,1,63,,6767,,,1,23,,6785,,,1,24,,6776,,,1,63,,6793,,,1,24,,6800,,,1,23,,6768,,,1,63,,6786,,,1,24,,6777,,,1,63,,6794,,,1,24,,6801,,,1,23,,6769,,,1,63,,6787,,,1,23,,6778,,,1,63,,6795,,,1,23,,6802,,,1,21,,6770,,,1,62,,6788,,,1,23,,6779,,,1,23,,6796,,,1,64,,6803,,,1,25,,6771,,,1,75,,6780,,,1
400001600,'3',722,,6804,,,1,27,,6819,,,1,67,,6812,,,1,28,,6827,,,1,67,,6805,,,1,28,,6820,,,1,68,,6813,,,1,29,,6828,,,1,69,,6806,,,1,29,,6821,,,1,69,,6814,,,1,30,,6829,,,1,69,,6807,,,1,29,,6822,,,1,69,,6815,,,1,30,,6830,,,1,29,,6808,,,1,69,,6823,,,1,29,,6816,,,1,70,,6831,,,1,29,,6809,,,1,69,,6824,,,1,29,,6817,,,1,69,,6832,,,1,29,,6810,,,1,68,,6825,,,1,27,,6818,,,1,67,,6833,,,1,35,,6811,,,1,76,,6826,,,1,75,,6834,,,1
