4300,'1_merged_67006',538,,31193,30,,,1,64,,20636,57,,,1,26,,31178,57,,,1,26,,31168,57,,,1,67,,31194,57,,,1,27,,31186,57,,,1,67,,31179,57,,,1,27,,31169,57,,,1,67,,20646,57,,,1,27,,31187,57,,,1,66,,31180,57,,,1,25,,20619,57,,,1,25,,31195,57,,,1,65,,31188,57,,,1,25,,31181,57,,,1,65,,31170,57,,,1,25,,20648,57,,,1,25,,31189,57,,,1,65,,31182,57,,,1,26,,31171,57,,,1,65,,31196,57,,,1,25,,31190,57,,,1,66,,31183,57,,,1,28,,31172,57,,,1,68,,20650,57,,,1,29,,31191,57,,,1,28,,31184,57,,,1,68,,31173,57,,,1,28,,31197,57,,,1,68,,31192,57,,,1,26,,31185,57,,,1,65,,31174,57,,,1,31,,31198,57,,,1,73,,31166,57,,,1,33,,31175,57,,,1,73,,20653,57,,,1,32,,31167,57,,,1,73,,31176,57,,,1,88,,31199,57,,,1,88,,31177,57,,,1
4300,'2_merged_67008',629,,31200,57,,,1,72,,31221,57,,,1,32,,20668,57,,,1,72,,31201,57,,,1,32,,31222,57,,,1,72,,31212,57,,,1,33,,31202,57,,,1,73,,31223,57,,,1,32,,31213,57,,,1,73,,31203,57,,,1,33,,31224,57,,,1,74,,31214,57,,,1,74,,31204,57,,,1,33,,31225,57,,,1,74,,31215,57,,,1,34,,31205,57,,,1,73,,31226,57,,,1,34,,31216,57,,,1,74,,31206,57,,,1,33,,31227,57,,,1,74,,31217,57,,,1,74,,31207,57,,,1,33,,20686,57,,,1,73,,31218,57,,,1,33,,31208,57,,,1,73,,31228,57,,,1,32,,31219,57,,,1,73,,31209,57,,,1,33,,31229,57,,,1,73,,31220,57,,,1,88,,31210,57,,,1,88,,20678,57,,,1
4300,'3_merged_67007',736,,31240,57,,,1,88,,31230,57,,,1,88,,31241,57,,,1,90,,31231,57,,,1,48,,31242,57,,,1,89,,31232,57,,,1,90,,31243,57,,,1,91,,31233,57,,,1,90,,31244,57,,,1,91,,31234,57,,,1,50,,31245,57,,,1,91,,20694,57,,,1,90,,31246,57,,,1,91,,31235,57,,,1,89,,31247,57,,,1,90,,31236,57,,,1,47,,31248,57,,,1,89,,31237,57,,,1,89,,31249,57,,,1,88,,31238,57,,,1,88,,31250,57,,,1
33000,'1_merged_67006',533,,32172,13,,,1,24,,32187,23,,,1,65,,32180,23,,,1,24,,32193,23,,,1,66,,32173,23,,,1,26,,32188,23,,,1,66,,32181,23,,,1,26,,32194,23,,,1,26,,32174,23,,,1,66,,32189,23,,,1,26,,32182,23,,,1,66,,21822,23,,,1,26,,32175,23,,,1,66,,32190,23,,,1,25,,32183,23,,,1,26,,32195,23,,,1,66,,32176,23,,,1,26,,32191,23,,,1,65,,32184,23,,,1,26,,32196,23,,,1,66,,32177,23,,,1,27,,32192,23,,,1,69,,21811,23,,,1,29,,32197,23,,,1,69,,32178,23,,,1,28,,32199,23,,,1,29,,32185,23,,,1,69,,32198,23,,,1,29,,32179,23,,,1,67,,32200,23,,,1,26,,32186,23,,,1
33000,'2_merged_67008',618,,32201,23,,,1,91,,21837,23,,,1,45,,32202,23,,,1,91,,21838,23,,,1,86,,32203,23,,,1,91,,21839,23,,,1,89,,32204,23,,,1,91,,32209,23,,,1,51,,32205,23,,,1,91,,32210,23,,,1,91,,32206,23,,,1,91,,32211,23,,,1,91,,32207,23,,,1,91,,32212,23,,,1,51,,32208,23,,,1,91,,32213,23,,,1
33000,'3_merged_67007',733,,32214,23,0,25 3 26,1,99,,32220,23,0,25 3 26,1,101,,32215,23,0,25 3 26,1,101,,32221,23,0,25 3 26,1,101,,32216,23,0,25 3 26,1,101,,32222,23,0,25 3 26,1,102,,32217,23,0,25 3 26,1,101,,21854,23,0,25 3 26,1,102,,32218,23,0,25 3 26,1,101,,32223,23,0,25 3 26,1,102,,32219,23,0,25 3 26,1,101,,32224,23,0,25 3 26,1
44600,'1_merged_67006',547,,32612,16,,,1,71,,32623,16,,,1,33,,32613,16,,,1,73,,32624,16,,,1,35,,32614,16,,,1,75,,32625,16,,,1,75,,32615,16,,,1,34,,32626,16,,,1,74,,32616,16,,,1,33,,22295,16,,,1,74,,32617,16,,,1,33,,32627,16,,,1,74,,32618,16,,,1,74,,32628,16,,,1,34,,32619,16,,,1,75,,32629,16,,,1,35,,32620,16,,,1,75,,32630,16,,,1,77,,32621,16,,,1,37,,32631,16,,,1,77,,22289,16,,,1,36,,32632,16,,,1,74,,32622,16,,,1,32,,32611,16,,,1
400001000,'1_merged_67006',552,,34499,35,,,1,58,,34501,35,,,1,14,,34510,35,,,1,11,,34520,35,,,1,11,,34493,35,,,1,11,,34527,35,,,1,51,,34503,35,,,1,12,,34519,35,,,1,12,,34539,35,,,1,12,,34500,35,,,1,11,,34522,35,,,1,52,,34502,35,,,1,12,,24635,35,,,1,12,,34521,35,,,1,12,,34494,35,,,1,61,,34504,35,,,1,23,,24653,35,,,1,23,,34523,35,,,1,62,,34511,35,,,1,23,,24617,35,,,1,22,,34505,35,,,1,62,,34528,35,,,1,22,,34524,35,,,1,63,,34512,35,,,1,22,,34495,35,,,1,22,,34506,35,,,1,62,,34529,35,,,1,22,,34525,35,,,1,22,,34513,35,,,1,63,,34496,35,,,1,22,,34507,35,,,1,12,,34533,14,,,1,51,,34530,35,,,1,11,,24663,14,,,1,12,,34526,35,,,1,12,,24659,35,,,1,13,,34514,35,,,1,52,,24665,35,,,1,13,,24620,35,,,1,12,,34492,35,,,1,13,,34508,35,,,1,12,,34534,35,,,1,53,,24657,35,,,1,12,,34535,35,,,1,13,,24667,35,,,1,13,,34532,35,,,1,12,,34515,35,,,1,52,,34536,35,,,1,11,,34497,35,,,1,12,,34541,35,,,1,12,,34509,35,,,1,62,,34531,35,,,1,22,,24668,35,,,1,21,,34516,35,,,1,61,,34498,35,,,1,29,,34540,35,,,1,73,,34537,35,,,1,33,,34517,35,,,1,74,,34542,35,,,1,33,,24670,35,,,1,73,,34518,35,,,1,34,,24676,35,,,1,73,,34538,35,,,1
400001000,'2_merged_67008',631,,24677,35,,,1,69,,24695,35,,,1,28,,34552,35,,,1,26,,34567,35,,,1,65,,34543,35,,,1,25,,34559,35,,,1,67,,34553,35,,,1,26,,34568,35,,,1,65,,34544,35,,,1,22,,34576,35,,,1,22,,34560,35,,,1,62,,34554,35,,,1,22,,34569,35,,,1,22,,34545,35,,,1,62,,24716,35,,,1,23,,34561,35,,,1,22,,34555,35,,,1,62,,34570,35,,,1,22,,34546,35,,,1,62,,34577,35,,,1,23,,34562,35,,,1,23,,34556,35,,,1,62,,34571,35,,,1,22,,34547,35,,,1,22,,34578,35,,,1,63,,34563,35,,,1,23,,34557,35,,,1,62,,24710,35,,,1,22,,34548,35,,,1,22,,34579,35,,,1,62,,34564,35,,,1,22,,34558,35,,,1,22,,34572,35,,,1,62,,34549,35,,,1,22,,34580,35,,,1,64,,34565,35,,,1,33,,34573,35,,,1,74,,34550,35,,,1,34,,34566,35,,,1,73,,34574,35,,,1,33,,34551,35,,,1,74,,24704,35,,,1,33,,34575,35,,,1,73,,24687,35,,,1
400001000,'3_merged_67007',651,,34581,35,,,1,73,,34597,35,,,1,33,,34588,35,,,1,74,,24722,35,,,1,75,,34598,35,,,1,35,,34589,35,,,1,75,,24723,35,,,1,36,,34599,35,,,1,77,,24733,35,,,1,77,,24724,35,,,1,37,,34600,35,,,1,77,,34590,35,,,1,37,,34582,35,,,1,77,,24745,35,,,1,77,,34591,35,,,1,38,,34583,35,,,1,77,,34601,35,,,1,77,,34592,35,,,1,38,,34584,35,,,1,76,,34602,35,,,1,36,,34593,35,,,1,75,,34585,35,,,1,75,,34603,35,,,1,33,,34594,35,,,1,74,,34586,35,,,1,34,,34604,35,,,1,73,,34595,35,,,1,33,,34587,35,,,1,74,,34605,35,,,1,33,,34596,35,,,1
