'1',1901,55400,0,'Drake',1,7220,0,'Drake',1,3000,0,'Drake',1,6500,0,'Drake',1,2180,0,'Drake',1,5920,0,'Drake',1,2100,0,'Drake',1,2100,0,'Drake',1,6000,0,'Drake',1,2000,0,'Drake',1,2100,0,'Drake',1,6880,0,'Drake',1,3720,0,'Drake',1,7800,0,'Drake',1,8080,0,'Drake',1,4000,0,'Drake',1,7800,0,'Drake',1,8100,0,'Drake',1,4000,0,'Drake',1,7840,0,'Drake',1,1700,0,'Drake',1,5900,0,'Drake',1,2000,0,'Drake',1,2100,0,'Drake',1,5800,0,'Drake',1,1800,0,'Drake',1,1980,0,'Drake',1,6000,0,'Drake',1,2100,0,'Drake',1,2700,0,'Drake',1,7400,0,'Drake',1,3400,0,'Drake',1,8100,0,'Drake',1,8900,0,'Drake',1,9000,0,'Drake',1,9000,0,'Drake',1,4900,0,'Drake',1,8800,0,'Drake',1,8800,0,'Drake',1
'15071-special',1901,65820,0,'Drake',1
'15073-special',1901,84720,0,'Drake',1
'15075-special',1901,103720,0,'Drake',1
'15077-special',1901,123120,0,'Drake',1
'15079-special',1901,142720,0,'Drake',1
'15081-special',1901,162320,0,'Drake',1
'15083-special',1901,181620,0,'Drake',1
'15085-special',1901,201720,0,'Drake',1
'15089-special',1901,234320,0,'Drake',1
'15094-special',1901,75320,0,'Drake',1
'15096-special',1901,94120,0,'Drake',1
'15098-special',1901,113320,0,'Drake',1
'15100-special',1901,132920,0,'Drake',1
'15102-special',1901,152520,0,'Drake',1
'15104-special',1901,172120,0,'Drake',1
'15106-special',1901,191020,0,'Drake',1
'15110-special',1901,223620,0,'Drake',1
'15131-special',1901,212720,0,'Drake',1
'2',1901,55020,0,'Drake',1,7900,0,'Drake',1,8100,0,'Drake',1,4200,0,'Drake',1,8200,0,'Drake',1,8400,0,'Drake',1,8400,0,'Drake',1,4400,0,'Drake',1,8400,0,'Drake',1,8600,0,'Drake',1,8600,0,'Drake',1,4600,0,'Drake',1,8600,0,'Drake',1,8600,0,'Drake',1,8700,0,'Drake',1,4600,0,'Drake',1,9200,0,'Drake',1,9500,0,'Drake',1,9500,0,'Drake',1,9000,0,'Drake',1,9100,0,'Drake',1,9100,0,'Drake',1,5100,0,'Drake',1,9100,0,'Drake',1,9000,0,'Drake',1,9000,0,'Drake',1
'3',1901,65820,0,'Drake',1,9500,0,'Drake',1,9400,0,'Drake',1,9400,0,'Drake',1,9600,0,'Drake',1,9600,0,'Drake',1,9800,0,'Drake',1,9800,0,'Drake',1,9800,0,'Drake',1,9800,0,'Drake',1,9800,0,'Drake',1,9800,0,'Drake',1,9500,0,'Drake',1,9400,0,'Drake',1,10700,0,'Drake',1,11000,0,'Drake',1,10900,0,'Drake',1,10700,0,'Drake',1
