2800,'1',523,,39369,2,,,1,16,,39370,2,,,1,16,,39371,2,,,1,54,,39383,2,,,1,14,,39361,2,,,1,14,,39395,2,,,1,12,,39384,2,,,1,52,,39377,2,,,1,13,,39378,2,,,1,13,,39389,2,,,1,14,,39390,2,,,1,14,,39396,2,,,1,56,,39372,2,,,1,27,,39362,2,,,1,67,,39385,2,,,1,26,,39379,2,,,1,27,,39391,2,,,1,67,,39373,2,,,1,26,,39363,2,,,1,67,,39386,2,,,1,27,,39380,2,,,1,66,,39392,2,,,1,27,,39374,2,,,1,66,,39364,2,,,1,27,,39387,2,,,1,27,,39381,2,,,1,66,,39397,2,,,1,15,,39393,2,,,1,14,,39375,2,,,1,53,,39410,2,,,1,15,,39365,2,,,1,15,,39403,2,,,1,16,,39388,2,,,1,55,,39359,2,,,1,15,,39382,2,,,1,15,,39402,2,,,1,16,,39398,2,,,1,56,,39394,2,,,1,16,,39376,2,,,1,16,,39411,2,,,1,15,,39366,2,,,1,72,,39399,2,,,1,72,,39404,2,,,1,32,,39407,2,,,1,72,,39367,2,,,1,31,,39400,2,,,1,70,,39405,2,,,1,30,,39408,2,,,1,70,,39368,2,,,1,30,,39401,2,,,1,70,,39406,2,,,1,30,,39409,2,,,1
2800,'2',537,,39439,2,,,1,69,,39430,2,,,1,29,,39422,2,,,1,69,,39413,2,,,1,30,,39440,2,,,1,70,,39431,2,,,1,30,,39423,2,,,1,69,,39414,2,,,1,31,,39441,2,,,1,71,,39432,2,,,1,31,,39424,2,,,1,70,,39415,2,,,1,32,,39442,2,,,1,72,,39433,2,,,1,32,,39425,2,,,1,72,,39416,2,,,1,32,,39443,2,,,1,72,,39434,2,,,1,32,,39426,2,,,1,72,,39417,2,,,1,32,,39444,2,,,1,72,,39435,2,,,1,32,,39427,2,,,1,72,,39418,2,,,1,72,,39445,2,,,1,32,,39436,2,,,1,71,,39428,2,,,1,30,,39419,2,,,1,70,,39446,2,,,1,30,,39437,2,,,1,70,,39429,2,,,1,30,,39420,2,,,1,100,,39438,2,,,1,100,,39421,2,,,1
2800,'3',647,,39465,2,,,1,80,,39458,2,,,1,79,,39450,2,,,1,40,,39466,2,,,1,79,,39459,2,,,1,80,,39451,2,,,1,41,,39467,2,,,1,81,,39460,2,,,1,81,,39452,2,,,1,43,,39468,2,,,1,82,,39461,2,,,1,82,,39453,2,,,1,43,,39469,2,,,1,82,,39462,2,,,1,82,,39454,2,,,1,83,,39470,2,,,1,42,,39463,2,,,1,83,,39455,2,,,1,82,,39471,2,,,1,43,,39464,2,,,1,81,,39456,2,,,1,99,,39447,2,,,1,100,,39457,2,,,1,100,,39448,2,,,1
2800,'6',647,,39488,2,,,1,80,,39481,2,,,1,79,,39473,2,,,1,40,,39489,2,,,1,79,,39482,2,,,1,80,,39474,2,,,1,41,,39490,2,,,1,81,,39483,2,,,1,81,,39475,2,,,1,43,,39491,2,,,1,82,,39484,2,,,1,82,,39476,2,,,1,43,,39492,2,,,1,82,,39485,2,,,1,82,,39477,2,,,1,83,,39493,2,,,1,42,,39486,2,,,1,83,,39478,2,,,1,82,,39494,2,,,1,43,,39487,2,,,1,81,,39479,2,,,1,99,,39495,2,,,1,100,,39480,2,,,1,100,,39496,2,,,1
64201,'1',545,,42881,2,,,1,70,,42882,2,,,1,31,,42883,2,,,1,73,,42884,2,,,1,33,,42885,2,,,1,73,,42886,2,,,1,33,,42887,2,,,1,72,,42888,2,,,1,72,,42889,2,,,1,32,,42890,2,,,1,72,,42891,2,,,1,32,,42892,2,,,1,72,,42893,2,,,1,32,,42894,2,,,1,72,,42895,2,,,1,32,,42896,2,,,1,72,,42897,2,,,1,32,,42898,2,,,1,73,,42899,2,,,1,34,,42900,2,,,1,74,,42901,2,,,1,74,,42902,2,,,1,34,,42903,2,,,1,74,,42904,2,,,1,32,,42905,2,,,1
64900,'1',558,,42934,37,,,1,68,,42912,37,,,1,31,,42920,37,,,1,71,,42922,37,,,1,31,,42913,37,,,1,56,,42933,37,,,1,13,,42921,37,,,1,16,,42930,37,,,1,57,,42923,37,,,1,28,,42914,37,,,1,30,,42906,37,,,1,70,,42924,37,,,1,30,,42915,37,,,1,69,,42907,37,,,1,29,,42925,37,,,1,70,,42916,37,,,1,29,,42908,37,,,1,69,,42926,37,,,1,30,,42917,37,,,1,69,,42909,37,,,1,29,,42927,37,,,1,70,,42918,37,,,1,31,,42910,37,,,1,71,,42928,37,,,1,31,,42919,37,,,1,72,,42911,37,,,1,31,,42929,37,,,1,69,,42932,37,,,1,28,,42931,37,,,1
65001,'1',528,,43002,2,,,1,31,,42990,2,,,1,72,,43003,2,,,1,74,,42991,2,,,1,34,,43004,2,,,1,75,,42992,2,,,1,34,,43005,2,,,1,75,,42993,2,,,1,33,,43006,2,,,1,73,,42994,2,,,1,73,,43007,2,,,1,33,,42995,2,,,1,73,,43008,2,,,1,33,,42996,2,,,1,73,,43009,2,,,1,33,,42997,2,,,1,73,,43010,2,,,1,33,,42998,2,,,1,74,,43011,2,,,1,75,,42999,2,,,1,35,,43012,2,,,1,76,,43000,2,,,1,35,,43013,2,,,1,75,,43001,2,,,1
67901,'1',604,,43766,2,,,1,25,,43770,2,,,1,28,,43767,2,,,1,69,,43771,2,,,1,30,,43768,2,,,1,70,,43772,2,,,1,30,,43769,2,,,1,70,,43765,2,,,1,508,,43777,2,,,1,69,,43773,2,,,1,30,,43778,2,,,1,70,,43774,2,,,1,30,,43779,2,,,1,70,,43775,2,,,1,30,,43780,2,,,1,69,,43776,2,,,1,28,,43781,2,,,1
68000,'1',530,,43782,2,,,1,29,,43785,2,,,1,69,,43787,2,,,1,31,,43786,2,,,1,73,,43788,2,,,1,73,,43812,2,,,1,33,,43789,2,,,1,73,,43805,2,,,1,32,,43790,2,,,1,70,,43806,2,,,1,31,,43791,2,,,1,70,,43807,2,,,1,31,,43792,2,,,1,70,,43808,2,,,1,31,,43793,2,,,1,70,,43809,2,,,1,31,,43794,2,,,1,73,,43810,2,,,1,33,,43795,2,,,1,73,,43811,2,,,1,75,,43796,2,,,1,35,,43783,2,,,1,75,,43797,2,,,1,35,,43784,2,,,1,73,,43798,2,,,1,30,,43813,2,,,1,70,,43799,2,,,1,29,,43814,2,,,1,69,,43800,2,,,1,29,,43815,2,,,1,68,,43801,2,,,1,29,,43816,2,,,1,68,,43802,2,,,1,29,,43817,2,,,1,68,,43803,2,,,1,29,,43818,2,,,1,68,,43804,2,,,1
69001,'1',541,,43867,2,,,1,65,,43863,2,,,1,26,,43868,2,,,1,25,,43864,2,,,1,66,,43869,2,,,1,28,,43865,2,,,1,67,,43870,2,,,1,28,,43866,2,,,1
69101,'1',1516,,43883,2,,,1,28,,43880,2,,,1,68,,43884,2,,,1,28,,43881,2,,,1,68,,43885,2,,,1,27,,43882,2,,,1,69,,43879,2,,,1
69401,'1',532,,43903,2,,,1,69,,43900,2,,,1,29,,43904,2,,,1,29,,43901,2,,,1,69,,43905,2,,,1,31,,43902,2,,,1,70,,43906,2,,,1,602,,43907,2,,,1,71,,43911,2,,,1,31,,43908,2,,,1,71,,43912,2,,,1,31,,43909,2,,,1,71,,43913,2,,,1,30,,43910,2,,,1,71,,43914,2,,,1
2222201,'1',449,,44749,4,,,1,7,,44699,4,0,15 16 17,1,47,,44833,4,,,1,8,,44713,4,0,15 16 17,1,7,,44868,15,,,1,7,,44805,22,0,15 16 17,1,7,,44700,33,,,1,8,,44855,33,0,15 16 17,1,6,,44681,33,,,1,6,,44860,33,0,15 16 17,1,6,,44862,33,,,1,46,,44858,33,0,15 16 17,1,5,,44874,33,,,1,6,,44709,33,0,15 16 17,1,5,,44677,33,,,1,6,,44879,33,0,15 16 17,1,5,,44689,33,,,1,6,,44716,33,0,15 16 17,1,5,,44684,33,,,1,5,,44685,33,0,15 16 17,1,5,,44693,33,,,1,4,,44724,33,0,15 16 17,1,44,,44702,33,,,1,3,,44763,33,0,15 16 17,1,5,,44668,33,,,1,3,,44807,33,0,15 16 17,1,4,,44834,33,,,1,3,,44719,33,0,15 16 17,1,4,,44679,33,,,1,4,,44733,33,0,15 16 17,1,4,,44673,33,,,1,4,,44678,33,0,15 16 17,1,4,,44747,33,,,1,4,,44869,33,0,15 16 17,1,4,,44753,33,,,1,4,,44856,33,0,15 16 17,1,4,,44767,33,,,1,4,,44795,33,0,15 16 17,1,44,,44777,33,,,1,4,,44703,33,0,15 16 17,1,4,,44701,33,,,1,4,,44728,33,0,15 16 17,1,4,,44861,33,,,1,4,,44694,33,0,15 16 17,1,4,,44711,33,,,1,4,,44859,33,0,15 16 17,1,4,,44718,33,,,1,4,,44863,33,0,15 16 17,1,4,,44710,33,,,1,4,,44723,33,0,15 16 17,1,4,,44875,33,,,1,4,,44740,33,0,15 16 17,1,5,,44662,33,,,1,45,,44761,33,0,15 16 17,1,5,,44690,33,,,1,5,,44778,33,0,15 16 17,1,5,,44774,33,,,1,5,,44725,33,0,15 16 17,1,5,,44780,33,,,1,6,,44695,33,0,15 16 17,1,5,,44773,33,,,1,5,,44781,33,0,15 16 17,1,5,,44720,33,,,1,6,,44669,33,0,15 16 17,1,46,,44734,33,,,1,6,,44680,33,0,15 16 17,1,6,,44870,33,,,1,6,,44674,33,0,15 16 17,1,6,,44748,33,,,1,6,,44758,33,0,15 16 17,1,6,,44705,33,,,1,6,,44768,33,0,15 16 17,1,6,,44704,33,,,1,6,,44866,33,0,15 16 17,1,46,,44864,33,,,1,6,,44712,33,0,15 16 17,1,6,,44726,33,,,1,6,,44848,33,0,15 16 17,1,6,,44741,33,,,1,6,,44877,33,0,15 16 17,1,6,,44764,33,,,1,6,,44663,33,0,15 16 17,1,6,,44686,33,,,1,6,,44691,33,0,15 16 17,1,46,,44696,33,,,1,6,,44775,33,0,15 16 17,1,6,,44782,33,,,1,6,,44779,33,0,15 16 17,1,6,,44670,33,,,1,6,,44721,33,0,15 16 17,1,6,,44682,33,,,1,6,,44735,33,0,15 16 17,1,6,,44675,33,,,1,6,,44871,33,0,15 16 17,1,46,,44759,33,,,1,6,,44750,33,0,15 16 17,1,6,,44770,33,,,1,6,,44706,33,0,15 16 17,1,6,,44876,33,,,1,6,,44717,33,0,15 16 17,1,6,,44714,33,,,1,7,,44865,33,0,15 16 17,1,6,,44853,33,,,1,6,,44729,33,0,15 16 17,1,47,,44878,33,,,1,6,,44742,33,0,15 16 17,1,6,,44664,33,,,1,6,,44766,33,0,15 16 17,1,6,,44692,33,,,1,6,,44687,33,0,15 16 17,1,6,,44776,33,,,1,6,,44697,33,0,15 16 17,1,6,,44787,33,,,1,6,,44783,33,0,15 16 17,1,46,,44722,33,,,1,6,,44786,33,0,15 16 17,1,1,,44802,15,,,1,5,,44671,33,,,1,5,,44736,33,0,15 16 17,1,1,,44798,15,,,1,5,,44683,33,,,1,5,,44817,15,,,1,2,,44872,33,0,15 16 17,1,2,,44820,15,,,1,4,,44676,33,,,1,4,,44873,15,,,1,2,,44751,33,0,15 16 17,1,2,,44830,15,,,1,4,,44760,33,,,1,4,,44831,15,,,1,2,,44707,33,0,15 16 17,1,42,,44836,15,,,1,4,,44771,33,,,1,4,,44839,15,,,1,2,,44727,33,0,15 16 17,1,2,,44840,15,,,1,4,,44667,33,,,1,4,,44844,15,,,1,2,,44867,33,0,15 16 17,1,2,,44851,15,,,1,4,,44785,33,,,1,4,,44857,15,,,1,2,,44815,33,0,15 16 17,1,2,,44845,15,,,1,4,,44730,33,,,1,4,,44826,15,,,1,2,,44743,33,0,15 16 17,1,2,,44852,15,,,1,4,,44715,33,,,1,4,,44854,15,,,1,2,,44788,33,0,15 16 17,1,42,,44827,15,,,1,4,,44789,33,,,1,3,,44832,15,,,1,2,,44665,33,0,15 16 17,1,2,,44765,15,,,1,3,,44688,33,,,1,4,,44828,15,,,1,2,,44792,33,0,15 16 17,1,2,,44801,15,,,1,4,,44698,33,,,1,4,,44850,15,,,1,2,,44784,33,0,15 16 17,1,2,,44810,15,,,1,5,,44818,33,,,1,5,,44796,33,0,15 16 17,1,1,,44762,15,,,1,5,,44819,33,,,1,5,,44737,33,0,15 16 17,1,1,,44754,15,,,1,45,,44835,33,,,1,6,,44672,33,0,15 16 17,1,5,,44799,33,,,1,5,,44804,33,0,15 16 17,1,6,,44752,33,,,1,6,,44708,33,0,15 16 17,1,6,,44822,33,,,1,6,,44738,33,0,15 16 17,1,6,,44772,33,,,1,6,,44841,33,0,15 16 17,1,6,,44837,33,,,1,46,,44816,33,0,15 16 17,1,7,,44744,33,,,1,6,,44731,33,0,15 16 17,1,7,,44769,33,,,1,7,,44666,33,0,15 16 17,1,7,,44790,33,,,1,7,,44793,33,0,15 16 17,1,8,,44829,33,,,1,47,,44803,33,0,15 16 17,1,8,,44811,33,,,1,8,,44739,33,0,15 16 17,1,8,,44755,33,,,1,9,,44806,33,0,15 16 17,1,10,,44800,33,,,1,10,,44846,33,0,15 16 17,1,50,,44823,33,,,1,11,,44842,33,0,15 16 17,1,11,,44838,33,,,1,11,,44732,33,0,15 16 17,1,11,,44745,33,,,1,11,,44794,33,0,15 16 17,1,51,,44791,33,,,1,11,,44814,33,0,15 16 17,1,11,,44812,33,,,1,15,,44808,33,0,15 16 17,1,55,,44756,33,,,1,16,,44847,33,0,15 16 17,1,15,,44824,33,,,1,16,,44843,33,0,15 16 17,1,55,,44797,33,,,1,13,,44746,33,0,15 16 17,1,13,,44821,33,,,1,14,,44813,33,0,15 16 17,1,15,,44809,33,,,1,54,,44757,33,0,15 16 17,1,14,,44849,33,,,1,15,,44825,33,0,15 16 17,1
2222201,'2',525,,44911,4,0,15 16 17,1,3,,44920,4,,,1,20,,44939,4,0,15 16 17,1,7,,44903,22,,,1,53,,44880,33,0,15 16 17,1,13,,44889,33,,,1,14,,44894,33,0,15 16 17,1,13,,44929,33,,,1,54,,44934,33,0,15 16 17,1,14,,44948,33,,,1,13,,44912,33,0,15 16 17,1,13,,44921,33,,,1,14,,44940,33,0,15 16 17,1,55,,44904,33,,,1,15,,44881,33,0,15 16 17,1,15,,44890,33,,,1,15,,44895,33,0,15 16 17,1,55,,44930,33,,,1,15,,44935,33,0,15 16 17,1,14,,44949,33,,,1,13,,44913,33,0,15 16 17,1,53,,44922,33,,,1,13,,44941,33,0,15 16 17,1,12,,44956,33,,,1,11,,44882,33,0,15 16 17,1,12,,44905,33,,,1,51,,44960,33,0,15 16 17,1,12,,44891,33,,,1,13,,44896,33,0,15 16 17,1,11,,44931,33,,,1,11,,44936,33,0,15 16 17,1,51,,44964,33,,,1,11,,44914,33,0,15 16 17,1,10,,44950,33,,,1,10,,44967,33,0,15 16 17,1,10,,44923,33,,,1,10,,44942,33,0,15 16 17,1,50,,44957,33,,,1,10,,44883,33,0,15 16 17,1,10,,44973,33,,,1,10,,44961,33,0,15 16 17,1,10,,44906,33,,,1,10,,44897,33,0,15 16 17,1,50,,44892,33,,,1,11,,44937,33,0,15 16 17,1,11,,44932,33,,,1,11,,44915,33,0,15 16 17,1,10,,44965,33,,,1,10,,44968,33,0,15 16 17,1,50,,44951,33,,,1,10,,44943,33,0,15 16 17,1,10,,44924,33,,,1,11,,44884,33,0,15 16 17,1,10,,44958,33,,,1,10,,44962,33,0,15 16 17,1,50,,44974,33,,,1,10,,44898,33,0,15 16 17,1,10,,44907,33,,,1,10,,44938,33,0,15 16 17,1,11,,44893,33,,,1,51,,44916,33,0,15 16 17,1,10,,44933,33,,,1,10,,44969,33,0,15 16 17,1,10,,44966,33,,,1,11,,44944,33,0,15 16 17,1,10,,44952,33,,,1,51,,44885,33,0,15 16 17,1,10,,44925,33,,,1,10,,44963,33,0,15 16 17,1,11,,44959,33,,,1,11,,44899,33,0,15 16 17,1,13,,44975,33,,,1,55,,44908,33,0,15 16 17,1,15,,44917,33,,,1,16,,44970,33,0,15 16 17,1,16,,44945,33,,,1,56,,44886,33,0,15 16 17,1,16,,44953,33,,,1,16,,44926,33,0,15 16 17,1,56,,44900,33,,,1,15,,44976,33,0,15 16 17,1,14,,44909,33,,,1,15,,44918,33,0,15 16 17,1,56,,44971,33,,,1,16,,44946,33,0,15 16 17,1,15,,44887,33,,,1,15,,44954,33,0,15 16 17,1,55,,44927,33,,,1,15,,44901,33,0,15 16 17,1,14,,44977,33,,,1,16,,44910,33,0,15 16 17,1,55,,44919,33,,,1,14,,44972,33,0,15 16 17,1,12,,44947,33,,,1,14,,44888,33,0,15 16 17,1,15,,44955,33,,,1,54,,44928,33,0,15 16 17,1,14,,44902,33,,,1,15,,44978,33,0,15 16 17,1
2222201,'3',548,,45007,4,0,15 16 17,1,2,,44979,15,,,1,54,,44994,15,0,15 16 17,1,12,,45021,15,,,1,14,,45034,15,0,15 16 17,1,13,,45042,22,,,1,13,,45002,33,0,15 16 17,1,54,,45016,33,,,1,13,,45026,33,0,15 16 17,1,14,,44987,33,,,1,14,,45008,33,0,15 16 17,1,55,,44980,33,,,1,15,,44995,33,0,15 16 17,1,15,,45022,33,,,1,15,,45035,33,0,15 16 17,1,55,,45043,33,,,1,15,,45003,33,0,15 16 17,1,14,,45017,33,,,1,14,,45027,33,0,15 16 17,1,53,,44988,33,,,1,12,,45009,33,0,15 16 17,1,12,,45050,33,,,1,11,,44996,33,0,15 16 17,1,12,,44981,33,,,1,51,,45056,33,0,15 16 17,1,11,,45023,33,,,1,13,,45036,33,0,15 16 17,1,12,,45044,33,,,1,11,,45004,33,0,15 16 17,1,12,,45062,33,,,1,52,,45028,33,0,15 16 17,1,12,,45018,33,,,1,12,,45010,33,0,15 16 17,1,11,,44989,33,,,1,12,,44997,33,0,15 16 17,1,52,,45051,33,,,1,12,,45057,33,0,15 16 17,1,12,,44982,33,,,1,12,,45037,33,0,15 16 17,1,12,,45024,33,,,1,52,,45005,33,0,15 16 17,1,12,,45045,33,,,1,12,,45029,33,0,15 16 17,1,12,,45063,33,,,1,12,,45011,33,0,15 16 17,1,52,,45019,33,,,1,11,,44998,33,0,15 16 17,1,12,,44990,33,,,1,12,,45058,33,0,15 16 17,1,12,,45052,33,,,1,52,,45038,33,0,15 16 17,1,12,,44983,33,,,1,12,,45006,33,0,15 16 17,1,12,,45025,33,,,1,12,,45030,33,0,15 16 17,1,52,,45046,33,,,1,12,,45012,33,0,15 16 17,1,12,,45064,33,,,1,12,,44999,33,0,15 16 17,1,12,,45020,33,,,1,52,,45059,33,0,15 16 17,1,13,,44991,33,,,1,15,,45039,33,0,15 16 17,1,16,,45053,33,,,1,56,,44984,33,0,15 16 17,1,16,,45031,33,,,1,16,,45013,33,0,15 16 17,1,16,,45047,33,,,1,56,,45000,33,0,15 16 17,1,16,,45060,33,,,1,16,,44992,33,0,15 16 17,1,55,,45040,33,,,1,15,,45054,33,0,15 16 17,1,14,,44985,33,,,1,15,,45032,33,0,15 16 17,1,15,,45014,33,,,1,56,,45048,33,0,15 16 17,1,15,,45001,33,,,1,16,,45061,33,0,15 16 17,1,55,,44993,33,,,1,15,,45041,33,0,15 16 17,1,14,,45055,33,,,1,14,,44986,33,0,15 16 17,1,14,,45033,33,,,1,55,,45015,33,0,15 16 17,1,14,,45049,33,,,1
2222201,'6',548,,45093,4,0,15 16 17,1,2,,45065,15,,,1,54,,45080,15,0,15 16 17,1,12,,45107,15,,,1,14,,45120,15,0,15 16 17,1,13,,45128,22,,,1,13,,45088,33,0,15 16 17,1,54,,45102,33,,,1,13,,45112,33,0,15 16 17,1,14,,45073,33,,,1,14,,45094,33,0,15 16 17,1,55,,45066,33,,,1,15,,45081,33,0,15 16 17,1,15,,45108,33,,,1,15,,45121,33,0,15 16 17,1,55,,45129,33,,,1,15,,45089,33,0,15 16 17,1,14,,45103,33,,,1,14,,45113,33,0,15 16 17,1,53,,45074,33,,,1,12,,45095,33,0,15 16 17,1,12,,45136,33,,,1,11,,45082,33,0,15 16 17,1,12,,45067,33,,,1,51,,45142,33,0,15 16 17,1,11,,45109,33,,,1,13,,45122,33,0,15 16 17,1,12,,45130,33,,,1,11,,45090,33,0,15 16 17,1,12,,45149,33,,,1,52,,45114,33,0,15 16 17,1,12,,45104,33,,,1,12,,45096,33,0,15 16 17,1,11,,45075,33,,,1,12,,45083,33,0,15 16 17,1,52,,45137,33,,,1,12,,45143,33,0,15 16 17,1,12,,45068,33,,,1,12,,45123,33,0,15 16 17,1,12,,45110,33,,,1,52,,45091,33,0,15 16 17,1,12,,45131,33,,,1,12,,45115,33,0,15 16 17,1,12,,45150,33,,,1,12,,45097,33,0,15 16 17,1,52,,45105,33,,,1,11,,45084,33,0,15 16 17,1,12,,45076,33,,,1,12,,45144,33,0,15 16 17,1,12,,45138,33,,,1,52,,45124,33,0,15 16 17,1,12,,45069,33,,,1,12,,45092,33,0,15 16 17,1,12,,45111,33,,,1,12,,45116,33,0,15 16 17,1,52,,45132,33,,,1,12,,45098,33,0,15 16 17,1,12,,45151,33,,,1,12,,45085,33,0,15 16 17,1,12,,45106,33,,,1,52,,45145,33,0,15 16 17,1,13,,45077,33,,,1,15,,45125,33,0,15 16 17,1,16,,45139,33,,,1,56,,45070,33,0,15 16 17,1,16,,45117,33,,,1,16,,45099,33,0,15 16 17,1,15,,45133,33,,,1,55,,45086,33,0,15 16 17,1,17,,45146,33,,,1,16,,45078,33,0,15 16 17,1,15,,45126,33,,,1,55,,45140,33,0,15 16 17,1,15,,45071,33,,,1,15,,45118,33,0,15 16 17,1,15,,45100,33,,,1,56,,45134,33,0,15 16 17,1,15,,45087,33,,,1,16,,45147,33,0,15 16 17,1,55,,45079,33,,,1,15,,45127,33,0,15 16 17,1,14,,45141,33,,,1,14,,45072,33,0,15 16 17,1,14,,45119,33,,,1,55,,45101,33,0,15 16 17,1,14,,45135,33,,,1,25,,45148,11,,,1
