67600,'1',548,,3595,25,4,,1,67,,3575,73,4,,1,30,,3588,73,4,,1,71,,3582,73,4,,1,31,,3596,73,4,,1,71,,3576,73,4,,1,31,,3589,73,4,,1,71,,3583,73,4,,1,31,,3597,73,4,,1,70,,3577,73,4,,1,29,,3590,73,4,,1,69,,3584,73,4,,1,30,,3598,73,4,,1,70,,3578,73,4,,1,29,,3591,73,4,,1,69,,3585,73,4,,1,30,,3599,73,4,,1,70,,3579,73,4,,1,31,,3592,73,4,,1,72,,3586,73,4,,1,32,,3600,73,4,,1,72,,3580,61,4,,1,33,,3593,61,4,,1,73,,3587,61,4,,1,73,,3601,61,4,,1,33,,3581,61,4,,1,70,,3594,61,4,,1
67600,'2',724,,3608,61,4,,1,97,,3602,61,4,,1,98,,3609,61,4,,1,98,,3603,61,4,,1,99,,3610,61,4,,1,98,,3604,61,4,,1,99,,3611,61,4,,1,99,,3605,61,4,,1,99,,3612,61,4,,1,99,,3606,61,4,,1,99,,3613,61,4,,1,99,,3607,61,4,,1,98,,3614,61,4,,1
67600,'3',821,,3621,61,4,,1,98,,3615,61,4,,1,98,,3622,61,4,,1,99,,3616,61,4,,1,98,,3623,61,4,,1,99,,3617,61,4,,1,99,,3624,61,4,,1,99,,3618,61,4,,1,99,,3625,61,4,,1,99,,3619,61,4,,1,99,,3626,61,4,,1,98,,3620,61,4,,1
67601,'1',524,,3633,1,,,1,28,,3647,1,,,1,68,,3627,1,,,1,29,,3641,1,,,1,71,,3634,1,,,1,31,,3648,1,,,1,71,,3628,1,,,1,32,,3642,1,,,1,72,,3635,1,,,1,30,,3649,1,,,1,70,,3629,1,,,1,29,,3643,1,,,1,69,,3636,1,,,1,30,,3650,1,,,1,70,,3630,1,,,1,29,,3644,1,,,1,70,,3637,1,,,1,29,,3651,1,,,1,70,,3631,1,,,1,31,,3645,1,,,1,71,,3638,1,,,1,33,,3652,1,,,1,72,,3632,1,,,1,73,,3646,1,,,1,33,,3639,1,,,1,73,,3653,1,,,1
67601,'2',633,,3654,1,,,1,96,,3661,1,,,1,97,,3655,1,,,1,98,,3662,1,,,1,98,,3656,1,,,1,98,,3663,1,,,1,99,,3657,1,,,1,99,,3664,1,,,1,99,,3658,1,,,1,99,,3665,1,,,1,99,,3659,1,,,1,99,,3666,1,,,1,99,,3660,1,,,1
67601,'3',729,,3667,1,,,1,97,,3673,1,,,1,98,,3668,1,,,1,98,,3674,1,,,1,98,,3669,1,,,1,99,,3675,1,,,1,99,,3670,1,,,1,99,,3676,1,,,1,99,,3671,1,,,1,99,,3677,1,,,1,99,,3672,1,,,1,99,,3678,1,,,1
600000700,'1',514,,8229,1,,,1,13,,8238,1,,,1,16,,8253,1,,,1,15,,8230,1,,,1,55,,8251,1,,,1,11,,8265,1,,,1,12,,8255,1,,,1,11,,8263,1,,,1,9,,8288,1,,,1,50,,8239,1,,,1,10,,8277,1,,,1,10,,8254,1,,,1,10,,8231,1,,,1,10,,8295,1,,,1,11,,8252,1,,,1,50,,8266,1,,,1,10,,8256,1,,,1,11,,8264,1,,,1,10,,8289,1,,,1,13,,8240,1,,,1,55,,8278,1,,,1,15,,8232,1,,,1,15,,8296,1,,,1,14,,8267,1,,,1,54,,8257,1,,,1,15,,8290,1,,,1,14,,8241,1,,,1,14,,8279,1,,,1,54,,8233,1,,,1,14,,8297,1,,,1,14,,8268,1,,,1,14,,8258,1,,,1,15,,8291,1,,,1,54,,8242,1,,,1,14,,8280,1,,,1,14,,8234,1,,,1,14,,8298,1,,,1,54,,8269,1,,,1,15,,8259,1,,,1,15,,8292,1,,,1,15,,8243,1,,,1,54,,8281,1,,,1,14,,8235,1,,,1,12,,8302,1,,,1,12,,8299,1,,,1,11,,8270,1,,,1,50,,8260,1,,,1,10,,8307,1,,,1,10,,8293,1,,,1,10,,8244,1,,,1,9,,8314,1,,,1,9,,8282,1,,,1,49,,8312,1,,,1,10,,8236,1,,,1,10,,8303,1,,,1,10,,8300,1,,,1,10,,8271,1,,,1,10,,8261,1,,,1,50,,8308,1,,,1,10,,8294,1,,,1,10,,8245,1,,,1,9,,8315,1,,,1,9,,8283,1,,,1,10,,8313,1,,,1,50,,8237,1,,,1,9,,8304,1,,,1,9,,8301,1,,,1,10,,8272,1,,,1,10,,8262,1,,,1,10,,8309,1,,,1,59,,8246,1,,,1,19,,8284,1,,,1,19,,8305,1,,,1,58,,8273,1,,,1,17,,8310,1,,,1,18,,8247,1,,,1,18,,8285,1,,,1,59,,8306,1,,,1,18,,8274,1,,,1,19,,8311,1,,,1,58,,8248,1,,,1,29,,8286,1,,,1,70,,8275,1,,,1,30,,8249,1,,,1,69,,8287,1,,,1,30,,8276,1,,,1,69,,8250,1,,,1
600000700,'2',533,,8328,1,,,1,70,,8316,1,,,1,30,,8341,1,,,1,70,,8329,1,,,1,29,,8317,1,,,1,70,,8342,1,,,1,30,,8330,1,,,1,23,,8350,1,,,1,63,,8318,1,,,1,23,,8343,1,,,1,64,,8331,1,,,1,24,,8351,1,,,1,23,,8319,1,,,1,64,,8344,1,,,1,24,,8332,1,,,1,64,,8352,1,,,1,24,,8320,1,,,1,24,,8345,1,,,1,64,,8333,1,,,1,24,,8353,1,,,1,64,,8321,1,,,1,25,,8346,1,,,1,24,,8334,1,,,1,64,,8354,1,,,1,24,,8322,1,,,1,65,,8347,1,,,1,24,,8335,1,,,1,24,,8355,1,,,1,64,,8323,1,,,1,25,,8348,1,,,1,64,,8336,1,,,1,24,,8356,1,,,1,24,,8324,1,,,1,64,,8349,1,,,1,23,,8337,1,,,1,70,,8357,1,,,1,30,,8325,1,,,1,69,,8338,1,,,1,30,,8358,1,,,1,69,,8326,1,,,1,30,,8339,1,,,1,70,,8359,1,,,1,29,,8327,1,,,1,70,,8340,1,,,1,30,,8360,1,,,1
600000700,'3',558,,8382,1,,,1,70,,8370,1,,,1,30,,8361,1,,,1,69,,8383,1,,,1,30,,8371,1,,,1,70,,8362,1,,,1,24,,8392,1,,,1,64,,8384,1,,,1,23,,8372,1,,,1,63,,8363,1,,,1,24,,8393,1,,,1,24,,8385,1,,,1,63,,8373,1,,,1,24,,8364,1,,,1,64,,8394,1,,,1,24,,8386,1,,,1,24,,8374,1,,,1,64,,8365,1,,,1,24,,8395,1,,,1,64,,8387,1,,,1,25,,8375,1,,,1,24,,8366,1,,,1,64,,8396,1,,,1,24,,8388,1,,,1,65,,8376,1,,,1,24,,8367,1,,,1,24,,8397,1,,,1,64,,8389,1,,,1,24,,8377,1,,,1,65,,8368,1,,,1,24,,8398,1,,,1,24,,8390,1,,,1,64,,8378,1,,,1,23,,8369,1,,,1,63,,8399,1,,,1,24,,8391,1,,,1,24,,8379,1,,,1,84,,8400,1,,,1,84,,8380,1,,,1,84,,8401,1,,,1,44,,8381,1,,,1
600000701,'1',554,,8402,40,4,,1,55,,8422,40,4,,1,16,,8426,40,4,,1,15,,8434,40,4,,1,15,,8410,40,4,,1,54,,8448,40,4,,1,11,,8424,40,4,,1,11,,8403,40,4,,1,10,,8467,40,4,,1,11,,8423,40,4,,1,50,,8436,40,4,,1,10,,8427,40,4,,1,10,,8435,40,4,,1,10,,8460,40,4,,1,10,,8411,40,4,,1,11,,8449,40,4,,1,51,,8425,40,4,,1,12,,8404,40,4,,1,14,,8468,40,4,,1,14,,8437,40,4,,1,15,,8428,40,4,,1,55,,8461,40,4,,1,14,,8412,40,4,,1,14,,8450,40,4,,1,14,,8405,40,4,,1,54,,8469,40,4,,1,14,,8438,40,4,,1,14,,8429,40,4,,1,15,,8462,40,4,,1,54,,8413,40,4,,1,14,,8451,40,4,,1,14,,8406,40,4,,1,14,,8470,40,4,,1,54,,8439,40,4,,1,15,,8430,40,4,,1,15,,8463,40,4,,1,14,,8414,40,4,,1,54,,8452,40,4,,1,14,,8407,40,4,,1,15,,8471,40,4,,1,15,,8440,40,4,,1,55,,8431,40,4,,1,15,,8464,40,4,,1,16,,8415,40,4,,1,14,,8453,40,4,,1,12,,8483,40,4,,1,51,,8408,40,4,,1,10,,8474,40,4,,1,10,,8472,40,4,,1,10,,8441,40,4,,1,10,,8432,40,4,,1,10,,8479,40,4,,1,50,,8465,40,4,,1,10,,8416,40,4,,1,9,,8486,40,4,,1,9,,8454,40,4,,1,9,,8484,40,4,,1,10,,8409,40,4,,1,49,,8475,40,4,,1,10,,8473,40,4,,1,9,,8442,40,4,,1,10,,8433,40,4,,1,10,,8480,40,4,,1,9,,8466,40,4,,1,49,,8417,40,4,,1,10,,8487,40,4,,1,9,,8455,40,4,,1,10,,8485,40,4,,1,11,,8476,40,4,,1,17,,8443,40,4,,1,58,,8481,40,4,,1,18,,8418,40,4,,1,18,,8456,40,4,,1,59,,8477,40,4,,1,18,,8444,40,4,,1,17,,8482,40,4,,1,57,,8419,40,4,,1,19,,8457,40,4,,1,21,,8478,40,4,,1,62,,8445,40,4,,1,30,,8420,40,4,,1,69,,8458,40,4,,1,30,,8446,40,4,,1,69,,8421,40,4,,1,29,,8459,40,4,,1,70,,8447,40,4,,1
600000701,'2',557,,8488,33,4,,1,70,,8514,40,4,,1,30,,8501,40,4,,1,70,,8489,40,4,,1,30,,8515,40,4,,1,71,,8502,40,4,,1,31,,8490,40,4,,1,70,,8516,40,4,,1,30,,8503,40,4,,1,65,,8523,40,4,,1,23,,8491,40,4,,1,63,,8517,40,4,,1,25,,8504,40,4,,1,24,,8524,40,4,,1,64,,8492,40,4,,1,24,,8518,40,4,,1,64,,8505,40,4,,1,24,,8525,40,4,,1,24,,8493,40,4,,1,65,,8519,40,4,,1,24,,8506,40,4,,1,64,,8526,40,4,,1,24,,8494,40,4,,1,65,,8520,40,4,,1,24,,8507,40,4,,1,24,,8527,40,4,,1,64,,8495,40,4,,1,25,,8521,40,4,,1,64,,8508,40,4,,1,24,,8528,40,4,,1,24,,8496,40,4,,1,64,,8522,40,4,,1,24,,8509,40,4,,1,69,,8529,40,4,,1,30,,8497,40,4,,1,69,,8510,40,4,,1,30,,8530,40,4,,1,69,,8498,40,4,,1,30,,8511,40,4,,1,70,,8531,40,4,,1,29,,8499,40,4,,1,70,,8512,40,4,,1,30,,8532,40,4,,1,68,,8500,40,4,,1,30,,8513,40,4,,1,70,,8533,40,4,,1
600000701,'3',623,,8544,40,4,,1,30,,8534,40,4,,1,70,,8556,40,4,,1,30,,8545,40,4,,1,70,,8535,40,4,,1,31,,8557,40,4,,1,70,,8546,40,4,,1,30,,8536,40,4,,1,66,,8565,40,4,,1,24,,8558,40,4,,1,63,,8547,40,4,,1,24,,8537,40,4,,1,24,,8566,40,4,,1,64,,8559,40,4,,1,24,,8548,40,4,,1,64,,8538,40,4,,1,24,,8567,40,4,,1,24,,8560,40,4,,1,65,,8549,40,4,,1,24,,8539,40,4,,1,64,,8568,40,4,,1,24,,8561,40,4,,1,25,,8550,40,4,,1,64,,8540,40,4,,1,24,,8569,40,4,,1,64,,8562,40,4,,1,25,,8551,40,4,,1,24,,8541,40,4,,1,64,,8570,40,4,,1,24,,8563,40,4,,1,63,,8552,40,4,,1,23,,8542,40,4,,1,23,,8571,40,4,,1,63,,8564,40,4,,1,22,,8553,40,4,,1,64,,8543,40,4,,1,25,,8572,40,4,,1,83,,8554,40,4,,1,44,,8573,40,4,,1,84,,8555,40,4,,1,85,,8574,40,4,,1
