2200,'1_merged_67006',555,,30194,32,,,1,68,,30198,32,,,1,28,,30195,32,,,1,70,,19502,32,,,1,29,,30196,32,,,1,71,,19503,32,,,1,30,,30197,32,,,1,71,,30199,32,,,1,30,,30211,32,,,1,71,,30200,32,,,1,31,,30212,32,,,1,71,,19506,32,,,1,31,,19519,32,,,1,72,,30201,32,,,1,31,,30213,32,,,1,72,,30202,32,,,1,71,,30214,32,,,1,32,,30203,32,,,1,72,,30215,32,,,1,32,,30204,32,,,1,72,,30216,32,,,1,32,,30205,32,,,1,72,,30217,32,,,1,32,,30206,32,,,1,72,,30218,32,,,1,31,,30207,32,,,1,69,,30219,32,,,1,29,,30208,32,,,1,68,,30220,32,,,1,28,,30209,32,,,1,68,,19528,32,,,1,28,,30210,32,,,1,67,,19529,32,,,1,95,,19530,32,,,1,55,,30221,32,,,1
2200,'2_merged_67008',614,,30222,32,,,1,28,,30239,32,,,1,67,,30223,32,,,1,28,,30240,32,,,1,67,,30224,32,,,1,28,,30241,32,,,1,27,,30225,32,,,1,69,,30242,32,,,1,27,,30226,32,,,1,69,,30243,32,,,1,29,,19537,32,,,1,70,,30244,32,,,1,30,,30227,32,,,1,70,,30245,32,,,1,30,,30228,32,,,1,70,,30246,32,,,1,30,,30229,32,,,1,70,,19559,32,,,1,30,,30230,32,,,1,70,,30247,32,,,1,30,,30231,32,,,1,70,,30248,32,,,1,30,,30232,32,,,1,70,,30249,32,,,1,30,,30233,32,,,1,70,,30250,32,,,1,30,,30234,32,,,1,69,,30251,32,,,1,28,,30235,32,,,1,69,,30252,32,,,1,28,,30236,32,,,1,68,,30253,32,,,1,28,,30237,32,,,1,95,,19549,32,,,1,95,,30238,32,,,1
2200,'3_merged_67007',647,,30254,32,,,1,95,,30255,32,,,1,95,,30256,32,,,1,96,,30257,32,,,1,97,,30258,32,,,1,98,,30259,32,,,1,30,,30269,32,,,1,70,,19573,32,,,1,30,,30270,32,,,1,70,,30260,32,,,1,30,,19586,32,,,1,70,,30261,32,,,1,30,,30271,32,,,1,70,,30262,32,,,1,30,,30272,32,,,1,70,,30263,32,,,1,30,,30273,32,,,1,70,,30264,32,,,1,30,,30274,32,,,1,70,,30265,32,,,1,99,,19580,32,,,1,97,,30266,32,,,1,96,,30267,32,,,1,95,,30268,32,,,1
7000,'1_merged_67006',548,,31477,38,,,1,68,,31489,38,,,1,29,,31488,38,,,1,69,,31478,38,,,1,30,,31490,38,,,1,70,,31493,38,,,1,29,,31479,38,,,1,69,,20986,38,,,1,28,,31494,38,,,1,70,,31480,38,,,1,29,,31491,38,,,1,69,,31495,38,,,1,29,,31481,38,,,1,69,,31492,38,,,1,29,,31496,38,,,1,69,,31482,38,,,1,30,,20989,38,,,1,70,,31497,38,,,1,30,,31483,38,,,1,71,,20990,38,,,1,32,,31498,38,,,1,71,,31484,38,,,1,31,,20991,38,,,1,71,,31499,38,,,1,31,,20979,38,,,1,70,,31504,38,,,1,29,,31500,38,,,1,70,,31485,38,,,1,30,,31505,38,,,1,68,,31501,38,,,1,27,,31486,38,,,1,67,,31506,38,,,1,28,,31502,38,,,1,28,,31487,38,,,1,68,,31507,38,,,1,80,,21002,38,,,1,41,,31508,38,,,1,81,,31503,38,,,1
7000,'2_merged_67008',557,,31515,38,,,1,80,,31528,38,,,1,67,,31539,38,,,1,26,,31516,38,,,1,27,,31529,38,,,1,67,,21041,38,,,1,26,,31517,38,,,1,67,,31530,38,,,1,28,,31540,38,,,1,67,,31518,38,,,1,28,,31531,38,,,1,68,,31541,38,,,1,28,,31519,38,,,1,69,,31532,38,,,1,28,,31542,38,,,1,68,,31520,38,,,1,29,,31533,38,,,1,29,,31543,38,,,1,69,,31521,38,,,1,29,,31534,38,,,1,69,,31544,38,,,1,29,,31522,38,,,1,68,,31535,38,,,1,29,,31509,38,,,1,69,,31523,38,,,1,28,,31536,38,,,1,69,,31510,38,,,1,27,,31524,38,,,1,68,,31537,38,,,1,28,,31511,38,,,1,68,,21025,38,,,1,27,,31538,38,,,1,69,,31512,38,,,1,40,,31525,38,,,1,81,,31513,38,,,1,80,,31526,38,,,1,41,,31514,38,,,1,81,,31527,38,,,1
7000,'3_merged_67007',707,,31545,38,,,1,40,,31557,38,,,1,80,,31546,38,,,1,80,,31558,38,,,1,41,,31547,38,,,1,81,,31559,38,,,1,81,,31548,38,,,1,42,,31560,38,,,1,83,,31549,38,,,1,82,,31561,38,,,1,83,,31550,38,,,1,43,,31562,38,,,1,83,,31551,38,,,1,83,,31563,38,,,1,43,,31552,38,,,1,83,,31564,38,,,1,83,,31553,38,,,1,82,,31565,38,,,1,42,,31554,38,,,1,81,,31566,38,,,1,81,,31555,38,,,1,41,,31567,38,,,1,81,,21058,38,,,1,80,,31568,38,,,1,41,,31556,38,,,1,81,,31569,38,,,1
7401,'1_merged_67006',550,,21290,33,,,1,64,,31785,33,,,1,23,,31781,33,,,1,64,,31788,33,,,1,26,,21309,33,,,1,26,,31766,33,,,1,66,,31772,33,,,1,26,,31760,33,,,1,67,,31786,33,,,1,26,,31782,33,,,1,65,,21323,33,,,1,25,,31777,33,,,1,25,,21298,33,,,1,65,,31773,33,,,1,26,,31761,33,,,1,65,,21320,33,,,1,26,,31783,33,,,1,66,,31789,33,,,1,26,,31778,33,,,1,26,,31767,33,,,1,66,,31774,33,,,1,27,,31762,33,,,1,67,,31787,33,,,1,24,,31784,33,,,1,14,,31791,33,0,5 6,1,54,,31790,33,,,1,28,,31779,33,,,1,14,,31754,33,0,5 6,1,54,,31768,33,,,1,28,,31775,33,,,1,27,,31763,33,,,1,66,,31755,33,,,1,26,,31758,33,,,1,66,,31793,33,,,1,25,,31780,33,,,1,64,,31769,33,,,1,24,,31753,33,,,1,24,,31764,33,,,1,65,,31756,33,,,1,32,,21288,33,,,1,72,,31776,33,,,1,33,,31770,33,,,1,72,,31792,33,0,5 6,1,32,,31757,33,0,5 6,1,72,,31759,33,0,5 6,1
7401,'2_merged_67008',611,,31814,33,,,1,32,,31800,33,,,1,72,,31794,33,,,1,33,,31807,33,,,1,73,,31821,33,,,1,31,,21352,33,,,1,72,,31801,33,,,1,32,,31795,33,,,1,73,,31808,33,,,1,74,,31822,33,,,1,34,,31815,33,,,1,73,,31802,33,,,1,34,,31796,33,,,1,75,,31809,33,,,1,35,,31823,33,,,1,75,,31816,33,,,1,75,,31803,33,,,1,34,,31797,33,,,1,75,,31810,33,,,1,35,,31824,33,,,1,75,,31817,33,,,1,35,,31804,33,,,1,73,,31798,33,,,1,74,,31811,33,,,1,32,,21363,33,,,1,74,,31818,33,,,1,33,,31805,33,,,1,71,,21334,33,,,1,32,,31812,33,,,1,72,,31825,33,,,1,33,,31819,33,,,1,72,,31806,33,0,5 6,1,32,,31799,33,0,5 6,1,72,,31813,33,0,5 6,1
7401,'3_merged_67007',724,,31826,33,,,1,81,,31836,33,,,1,41,,31830,33,,,1,80,,31842,33,,,1,81,,31827,33,,,1,42,,31837,33,,,1,82,,31831,33,,,1,83,,31843,33,,,1,44,,21367,33,,,1,84,,31838,33,,,1,83,,31832,33,,,1,84,,31844,33,,,1,44,,21368,33,,,1,84,,31839,33,,,1,84,,31833,33,,,1,83,,31845,33,,,1,42,,21369,33,,,1,82,,31840,33,,,1,82,,31834,33,,,1,41,,31846,33,,,1,80,,31828,33,,,1,80,,31841,33,,,1,40,,31835,33,,,1,80,,31847,33,0,5 6,1,80,,31829,33,0,5 6,1
68000,'1_merged_67006',555,,33628,29,,,1,69,,33620,29,,,1,30,,33629,29,,,1,73,,33621,29,,,1,74,,33630,29,,,1,33,,23470,29,,,1,73,,23481,29,,,1,32,,33622,29,,,1,71,,33631,29,,,1,30,,33623,29,,,1,71,,33632,29,,,1,30,,33624,29,,,1,71,,33633,29,,,1,30,,33625,29,,,1,71,,33634,29,,,1,30,,33626,29,,,1,71,,33635,29,,,1,34,,33627,29,,,1,74,,33636,29,,,1,34,,23477,29,,,1,76,,33637,29,,,1,75,,33646,29,,,1,35,,33638,29,,,1,75,,33647,29,,,1,30,,33639,29,,,1,68,,33648,29,,,1,30,,33640,29,,,1,69,,33649,29,,,1,28,,33641,29,,,1,69,,33650,29,,,1,28,,33642,29,,,1,69,,33651,29,,,1,28,,33643,29,,,1,69,,33652,29,,,1,28,,33644,29,,,1,69,,33653,29,,,1,28,,33645,29,,,1
400001600,'1_merged_67006',550,,35847,53,,,1,62,,35857,53,,,1,22,,35842,53,,,1,24,,26224,53,,,1,53,,26244,32,,,1,13,,35861,53,,,1,15,,35866,53,,,1,13,,35848,53,,,1,54,,35865,53,,,1,14,,35858,53,,,1,26,,26209,53,,,1,66,,35854,53,,,1,22,,26237,53,,,1,25,,35849,53,,,1,65,,35859,53,,,1,25,,35843,53,,,1,65,,35855,53,,,1,25,,26238,53,,,1,64,,35850,53,,,1,24,,26233,53,,,1,25,,35844,53,,,1,64,,26227,53,,,1,24,,35862,53,,,1,64,,35851,53,,,1,24,,26234,53,,,1,15,,35867,53,,,1,15,,26212,53,,,1,54,,35869,53,,,1,14,,35856,53,,,1,14,,35872,53,,,1,14,,35863,53,,,1,53,,35875,53,,,1,15,,35852,53,,,1,16,,26249,53,,,1,15,,35860,53,,,1,55,,35868,53,,,1,15,,35845,53,,,1,14,,35880,53,,,1,13,,26229,53,,,1,52,,35873,53,,,1,12,,35864,53,,,1,12,,35876,53,,,1,13,,35853,53,,,1,12,,35871,53,,,1,53,,35877,53,,,1,26,,26214,53,,,1,28,,35874,53,,,1,68,,35881,53,,,1,29,,35878,53,,,1,67,,35846,53,,,1,26,,26254,53,,,1,67,,35882,53,,,1,27,,26260,53,,,1,66,,26216,53,,,1,26,,26255,53,,,1,67,,26265,53,,,1,27,,35879,53,,,1
400001600,'2_merged_67008',625,,35884,53,,,1,25,,35902,53,,,1,67,,35893,53,,,1,27,,35909,53,,,1,66,,26269,53,,,1,25,,35903,53,,,1,68,,35894,53,,,1,27,,35910,53,,,1,28,,35885,53,,,1,66,,35904,53,,,1,23,,35918,53,,,1,63,,35895,53,,,1,23,,35911,53,,,1,23,,35886,53,,,1,64,,35905,53,,,1,24,,35919,53,,,1,64,,35896,53,,,1,23,,35912,53,,,1,23,,35887,53,,,1,64,,35906,53,,,1,24,,35920,53,,,1,64,,35897,53,,,1,23,,35913,53,,,1,23,,35888,53,,,1,64,,35907,53,,,1,24,,35921,53,,,1,64,,35898,53,,,1,23,,35914,53,,,1,23,,35889,53,,,1,64,,35908,53,,,1,24,,35922,53,,,1,66,,35899,53,,,1,26,,35915,53,,,1,27,,35890,53,,,1,68,,35923,53,,,1,29,,35900,53,,,1,67,,35916,53,,,1,26,,35891,53,,,1,68,,35924,53,,,1,27,,26286,53,,,1,66,,35917,53,,,1,26,,35892,53,,,1,67,,35925,53,,,1,27,,35901,53,,,1
400001600,'3_merged_67007',734,,35926,53,,,1,67,,35943,53,,,1,27,,35935,53,,,1,27,,26340,53,,,1,67,,26313,53,,,1,28,,35944,53,,,1,67,,26323,53,,,1,28,,35952,53,,,1,68,,35927,53,,,1,28,,35945,53,,,1,70,,35936,53,,,1,30,,35953,53,,,1,69,,35928,53,,,1,30,,35946,53,,,1,70,,35937,53,,,1,30,,35954,53,,,1,69,,35929,53,,,1,29,,35947,53,,,1,70,,35938,53,,,1,30,,35955,53,,,1,69,,35930,53,,,1,29,,35948,53,,,1,70,,35939,53,,,1,30,,35956,53,,,1,68,,35931,53,,,1,26,,35949,53,,,1,27,,35940,53,,,1,68,,35957,53,,,1,29,,35932,53,,,1,67,,35950,53,,,1,26,,35941,53,,,1,68,,35958,53,,,1,27,,35933,53,,,1,66,,35951,53,,,1,26,,35942,53,,,1,67,,35959,53,,,1,27,,35934,53,,,1
