4300,'1',538,,40513,31,,,1,64,,40505,58,,,1,26,,40521,58,,,1,26,,40494,58,,,1,67,,40514,58,,,1,27,,40506,58,,,1,67,,40522,58,,,1,27,,40495,58,,,1,67,,40515,58,,,1,27,,40507,58,,,1,66,,40523,58,,,1,25,,40496,58,,,1,25,,40516,58,,,1,65,,40508,58,,,1,25,,40524,58,,,1,65,,40497,58,,,1,25,,40517,58,,,1,25,,40509,58,,,1,65,,40525,58,,,1,26,,40498,58,,,1,65,,40518,58,,,1,25,,40510,58,,,1,66,,40526,58,,,1,28,,40499,58,,,1,68,,40519,58,,,1,29,,40511,58,,,1,28,,40527,58,,,1,68,,40500,58,,,1,28,,40520,58,,,1,68,,40512,58,,,1,26,,40528,58,,,1,65,,40501,58,,,1,31,,40529,58,,,1,73,,40492,58,,,1,33,,40502,58,,,1,73,,40530,58,,,1,32,,40493,58,,,1,73,,40503,58,,,1,88,,40531,58,,,1,88,,40504,58,,,1
4300,'2',629,,40533,58,,,1,72,,40556,58,,,1,32,,40545,58,,,1,72,,40534,58,,,1,32,,40557,58,,,1,72,,40546,58,,,1,33,,40535,58,,,1,73,,40558,58,,,1,32,,40547,58,,,1,73,,40536,58,,,1,33,,40559,58,,,1,74,,40548,58,,,1,74,,40537,58,,,1,33,,40560,58,,,1,74,,40549,58,,,1,34,,40538,58,,,1,73,,40561,58,,,1,34,,40550,58,,,1,74,,40539,58,,,1,33,,40562,58,,,1,74,,40551,58,,,1,74,,40540,58,,,1,33,,40563,58,,,1,73,,40552,58,,,1,33,,40541,58,,,1,73,,40564,58,,,1,32,,40553,58,,,1,73,,40542,58,,,1,33,,40565,58,,,1,73,,40554,58,,,1,88,,40543,58,,,1,88,,40555,58,,,1
4300,'3',736,,40577,58,,,1,88,,40566,58,,,1,88,,40578,58,,,1,90,,40567,58,,,1,48,,40579,58,,,1,89,,40568,58,,,1,90,,40580,58,,,1,91,,40569,58,,,1,90,,40581,58,,,1,91,,40570,58,,,1,50,,40582,58,,,1,91,,40571,58,,,1,90,,40583,58,,,1,91,,40572,58,,,1,89,,40584,58,,,1,90,,40573,58,,,1,47,,40585,58,,,1,89,,40574,58,,,1,89,,40586,58,,,1,88,,40575,58,,,1,88,,40587,58,,,1
4300,'6',736,,40599,58,,,1,88,,40588,58,,,1,88,,40600,58,,,1,90,,40589,58,,,1,48,,40601,58,,,1,89,,40590,58,,,1,90,,40602,58,,,1,91,,40591,58,,,1,90,,40603,58,,,1,91,,40592,58,,,1,50,,40604,58,,,1,91,,40593,58,,,1,90,,40605,58,,,1,91,,40594,58,,,1,89,,40606,58,,,1,90,,40595,58,,,1,47,,40607,58,,,1,89,,40596,58,,,1,89,,40608,58,,,1,88,,40597,58,,,1,88,,40609,58,,,1
33000,'1',534,,41945,14,,,1,24,,41961,24,,,1,65,,41953,24,,,1,24,,41969,24,,,1,66,,41946,24,,,1,26,,41962,24,,,1,66,,41954,24,,,1,26,,41970,24,,,1,26,,41947,24,,,1,66,,41963,24,,,1,26,,41955,24,,,1,66,,41971,24,,,1,26,,41948,24,,,1,66,,41964,24,,,1,25,,41956,24,,,1,26,,41972,24,,,1,66,,41949,24,,,1,26,,41965,24,,,1,65,,41957,24,,,1,26,,41973,24,,,1,66,,41950,24,,,1,26,,41966,24,,,1,69,,41958,24,,,1,29,,41974,24,,,1,69,,41951,24,,,1,28,,41967,24,,,1,29,,41959,24,,,1,69,,41975,24,,,1,29,,41952,24,,,1,68,,41968,24,,,1,26,,41960,24,,,1
33000,'2',619,,41976,24,,,1,91,,41984,24,,,1,45,,41977,24,,,1,91,,41985,24,,,1,86,,41978,24,,,1,91,,41986,24,,,1,89,,41979,24,,,1,91,,41987,24,,,1,51,,41980,24,,,1,91,,41988,24,,,1,91,,41981,24,,,1,91,,41989,24,,,1,91,,41982,24,,,1,91,,41990,24,,,1,91,,41983,24,,,1,51,,41991,24,,,1
33000,'3',733,,41992,24,0,25 3 26,1,99,,41998,24,0,25 3 26,1,101,,41993,24,0,25 3 26,1,101,,41999,24,0,25 3 26,1,101,,41994,24,0,25 3 26,1,101,,42000,24,0,25 3 26,1,102,,41995,24,0,25 3 26,1,101,,42001,24,0,25 3 26,1,102,,41996,24,0,25 3 26,1,101,,42002,24,0,25 3 26,1,102,,41997,24,0,25 3 26,1,101,,42003,24,0,25 3 26,1
33000,'6',733,,42004,24,0,25 3 26,1,99,,42010,24,0,25 3 26,1,101,,42005,24,0,25 3 26,1,101,,42011,24,0,25 3 26,1,101,,42006,24,0,25 3 26,1,101,,42012,24,0,25 3 26,1,102,,42007,24,0,25 3 26,1,101,,42013,24,0,25 3 26,1,102,,42008,24,0,25 3 26,1,101,,42014,24,0,25 3 26,1,102,,42009,24,0,25 3 26,1,101,,42015,24,0,25 3 26,1
44600,'1',547,,42476,17,,,1,71,,42488,17,,,1,33,,42477,17,,,1,73,,42489,17,,,1,35,,42478,17,,,1,75,,42490,17,,,1,75,,42479,17,,,1,34,,42491,17,,,1,74,,42480,17,,,1,33,,42492,17,,,1,74,,42481,17,,,1,33,,42493,17,,,1,74,,42482,17,,,1,74,,42494,17,,,1,34,,42483,17,,,1,75,,42495,17,,,1,35,,42484,17,,,1,75,,42496,17,,,1,77,,42485,17,,,1,37,,42497,17,,,1,77,,42486,17,,,1,36,,42498,17,,,1,74,,42487,17,,,1,32,,42499,17,,,1
400001000,'1',553,,45199,36,,,1,57,,45224,36,,,1,14,,45201,36,,,1,11,,45232,36,,,1,11,,45206,36,,,1,11,,45244,36,,,1,51,,45214,36,,,1,12,,45245,36,,,1,12,,45261,36,,,1,12,,45200,36,,,1,11,,45234,36,,,1,52,,45225,36,,,1,12,,45202,36,,,1,12,,45233,36,,,1,12,,45207,36,,,1,61,,45215,36,,,1,23,,45226,36,,,1,23,,45235,36,,,1,62,,45203,36,,,1,23,,45208,36,,,1,22,,45216,36,,,1,62,,45227,36,,,1,22,,45236,36,,,1,63,,45204,36,,,1,22,,45209,36,,,1,22,,45217,36,,,1,62,,45228,36,,,1,22,,45237,36,,,1,22,,45205,36,,,1,63,,45210,36,,,1,22,,45218,36,,,1,12,,45246,15,,,1,51,,45229,36,,,1,11,,45256,15,,,1,12,,45238,36,,,1,12,,45248,36,,,1,13,,45249,36,,,1,52,,45254,36,,,1,13,,45211,36,,,1,12,,45259,36,,,1,13,,45219,36,,,1,12,,45247,36,,,1,53,,45230,36,,,1,12,,45257,36,,,1,13,,45239,36,,,1,13,,45258,36,,,1,12,,45250,36,,,1,52,,45255,36,,,1,11,,45212,36,,,1,12,,45260,36,,,1,12,,45220,36,,,1,62,,45231,36,,,1,22,,45240,36,,,1,21,,45251,36,,,1,62,,45213,36,,,1,29,,45221,36,,,1,73,,45241,36,,,1,33,,45252,36,,,1,74,,45222,36,,,1,33,,45242,36,,,1,73,,45253,36,,,1,34,,45223,36,,,1,73,,45243,36,,,1
400001000,'2',632,,45262,36,,,1,69,,45280,36,,,1,28,,45273,36,,,1,26,,45290,36,,,1,65,,45263,36,,,1,25,,45281,36,,,1,66,,45274,36,,,1,26,,45291,36,,,1,65,,45264,36,,,1,22,,45300,36,,,1,22,,45282,36,,,1,62,,45275,36,,,1,22,,45292,36,,,1,22,,45265,36,,,1,62,,45301,36,,,1,23,,45283,36,,,1,22,,45276,36,,,1,62,,45293,36,,,1,22,,45266,36,,,1,62,,45302,36,,,1,23,,45284,36,,,1,23,,45277,36,,,1,62,,45294,36,,,1,22,,45267,36,,,1,22,,45303,36,,,1,63,,45285,36,,,1,23,,45278,36,,,1,62,,45295,36,,,1,22,,45268,36,,,1,22,,45304,36,,,1,62,,45286,36,,,1,23,,45279,36,,,1,22,,45296,36,,,1,62,,45269,36,,,1,22,,45305,36,,,1,64,,45287,36,,,1,33,,45297,36,,,1,74,,45270,36,,,1,34,,45288,36,,,1,73,,45298,36,,,1,33,,45271,36,,,1,74,,45289,36,,,1,33,,45299,36,,,1,73,,45272,36,,,1
400001000,'3',652,,45306,36,,,1,73,,45326,36,,,1,33,,45316,36,,,1,74,,45307,36,,,1,74,,45327,36,,,1,35,,45317,36,,,1,75,,45308,36,,,1,36,,45328,36,,,1,77,,45318,36,,,1,77,,45309,36,,,1,37,,45329,36,,,1,77,,45319,36,,,1,37,,45310,36,,,1,77,,45330,36,,,1,77,,45320,36,,,1,38,,45311,36,,,1,77,,45331,36,,,1,77,,45321,36,,,1,38,,45312,36,,,1,76,,45332,36,,,1,37,,45322,36,,,1,75,,45313,36,,,1,75,,45333,36,,,1,33,,45323,36,,,1,74,,45314,36,,,1,34,,45334,36,,,1,73,,45324,36,,,1,33,,45315,36,,,1,74,,45335,36,,,1,33,,45325,36,,,1
400001000,'6',652,,45336,36,,,1,73,,45356,36,,,1,33,,45346,36,,,1,74,,45337,36,,,1,74,,45357,36,,,1,35,,45347,36,,,1,75,,45338,36,,,1,36,,45358,36,,,1,77,,45348,36,,,1,77,,45339,36,,,1,37,,45359,36,,,1,77,,45349,36,,,1,37,,45340,36,,,1,77,,45360,36,,,1,77,,45350,36,,,1,38,,45341,36,,,1,77,,45361,36,,,1,77,,45351,36,,,1,38,,45342,36,,,1,76,,45362,36,,,1,37,,45352,36,,,1,75,,45343,36,,,1,75,,45363,36,,,1,33,,45353,36,,,1,74,,45344,36,,,1,34,,45364,36,,,1,73,,45354,36,,,1,33,,45345,36,,,1,74,,45365,36,,,1,33,,45355,36,,,1
