'1merged67226',3200,64430,0,'Leila',1,7290,0,'Leila',1,3500,0,'Leila',1,85730,0,'Leila',1,2950,0,'Leila',1,6800,0,'Leila',1,3000,0,'Leila',1,6300,0,'Leila',1
'1merged67226',3800,54130,,'',1,6190,,'',1,1900,,'',1,2200,,'',1,6300,,'',1,2300,,'',1,2110,,'',1,6690,,'',1,2490,,'',1,6400,,'',1,2400,,'',1,2400,,'',1,6400,,'',1,2400,,'',1,6400,,'',1,2490,,'',1,2400,,'',1,6400,,'',1,2400,,'',1,6600,,'',1,2500,,'',1,6500,,'',1,2400,,'',1,2500,,'',1,6700,,'',1,2800,,'',1,6800,,'',1,2900,,'',1,6800,,'',1,2800,,'',1,6510,,'',1,2400,,'',1,2410,,'',1,6400,,'',1,2200,,'',1,6410,,'',1,4200,,'',1,8100,,'',1,8000,,'',1,3900,,'',1,8000,,'',1,7900,,'',1,3700,,'',1,7800,,'',1
'2merged67228',3800,65610,,'',1,7200,,'',1,3100,,'',1,7000,,'',1,2900,,'',1,7100,,'',1,7100,,'',1,3000,,'',1,7200,,'',1,3200,,'',1,7190,,'',1,3200,,'',1,7200,,'',1,3300,,'',1,7200,,'',1,3200,,'',1,7300,,'',1,3300,,'',1,7200,,'',1,3300,,'',1,7300,,'',1,7110,,'',1,3300,,'',1,8210,,'',1,8310,,'',1,4100,,'',1,8200,,'',1,8000,,'',1,3900,,'',1,8000,,'',1,7900,,'',1,3700,,'',1,7800,,'',1
'3merged67227',3800,71810,,'',1,8400,,'',1,4400,,'',1,8600,,'',1,8500,,'',1,8600,,'',1,4600,,'',1,8600,,'',1,8600,,'',1,8600,,'',1,4600,,'',1,8600,,'',1,8600,,'',1,8600,,'',1,4600,,'',1,8410,,'',1,8400,,'',1,8110,,'',1,4200,,'',1,8100,,'',1,8000,,'',1,3900,,'',1,8000,,'',1,7900,,'',1,3700,,'',1
'1merged67226',7100,54410,0,'Templeton',1,6120,0,'WalMart',1,2110,0,'Templeton',1,980,0,'WalMart',1,1920,0,'Templeton',1,4770,0,'WalMart',1,1830,0,'Templeton',1,870,0,'WalMart',1,2130,0,'Templeton',1,770,0,'WalMart',1,6130,0,'Templeton',1,860,0,'WalMart',1,1940,0,'Templeton',1,870,0,'WalMart',1,6230,0,'Templeton',1,1160,0,'WalMart',1,2140,0,'Templeton',1,5170,0,'WalMart',1,2130,0,'Templeton',1,1260,0,'WalMart',1,2140,0,'Templeton',1,5260,0,'WalMart',1,2040,0,'Templeton',1,1260,0,'WalMart',1,6140,0,'Templeton',1,1260,0,'WalMart',1,2140,0,'Templeton',1,1260,0,'WalMart',1,6140,0,'Templeton',1,1260,0,'WalMart',1,2110,0,'Templeton',1,5290,0,'WalMart',1,2140,0,'Templeton',1,1260,0,'WalMart',1,2040,0,'Templeton',1,4960,0,'WalMart',1,1840,0,'Templeton',1,910,0,'WalMart',1,1890,0,'Templeton',1,5010,0,'WalMart',1,1990,0,'Templeton',1,810,0,'WalMart',1,1890,0,'Templeton',1,910,0,'WalMart',1,5690,0,'Templeton',1,810,0,'WalMart',1,1690,0,'Templeton',1,810,0,'WalMart',1,5790,0,'Templeton',1,1160,0,'WalMart',1,2040,0,'Templeton',1,1360,0,'WalMart',1,6040,0,'Templeton',1,1270,0,'WalMart',1,2130,0,'Templeton',1,1170,0,'WalMart',1,6130,0,'Templeton',1,1270,0,'WalMart',1,2030,0,'Templeton',1,5290,0,'WalMart',1,3480,0,'Templeton',1,6530,0,'WalMart',1,3670,0,'Templeton',1,6530,0,'WalMart',1,3700,0,'Templeton',1,6870,0,'Templeton',1,10200,0,'Templeton',1,10100,0,'Templeton',1
'2merged67228',7100,54930,0,'WalMart',1,6610,0,'Templeton',1,1690,0,'WalMart',1,2610,0,'Templeton',1,5580,0,'WalMart',1,2620,0,'Templeton',1,1680,0,'WalMart',1,6720,0,'Templeton',1,1580,0,'WalMart',1,6720,0,'Templeton',1,1670,0,'WalMart',1,2630,0,'Templeton',1,5770,0,'WalMart',1,2630,0,'Templeton',1,1860,0,'WalMart',1,6540,0,'Templeton',1,1960,0,'WalMart',1,6740,0,'Templeton',1,1860,0,'WalMart',1,2640,0,'Templeton',1,5960,0,'WalMart',1,2640,0,'Templeton',1,1960,0,'WalMart',1,6640,0,'Templeton',1,1960,0,'WalMart',1,6640,0,'Templeton',1,1960,0,'WalMart',1,2740,0,'Templeton',1,5960,0,'WalMart',1,2740,0,'Templeton',1,5860,0,'WalMart',1,2540,0,'Templeton',1,2060,0,'WalMart',1,6540,0,'Templeton',1,1870,0,'WalMart',1,2530,0,'Templeton',1,5870,0,'WalMart',1,2430,0,'Templeton',1,1780,0,'WalMart',1,6520,0,'Templeton',1,1680,0,'WalMart',1,6520,0,'Templeton',1,1590,0,'WalMart',1,2610,0,'Templeton',1,5690,0,'WalMart',1,2810,0,'Templeton',1,7290,0,'WalMart',1,10580,0,'Templeton',1,10300,0,'Templeton',1,10200,0,'Templeton',1
'3merged67227',7100,70040,0,'Templeton',1,10700,0,'Templeton',1,10800,0,'Templeton',1,11000,0,'Templeton',1,10900,0,'Templeton',1,2080,0,'WalMart',1,6690,0,'Templeton',1,1710,0,'WalMart',1,6720,0,'Templeton',1,1870,0,'WalMart',1,2630,0,'Templeton',1,5870,0,'WalMart',1,2730,0,'Templeton',1,1860,0,'WalMart',1,6640,0,'Templeton',1,1960,0,'WalMart',1,6640,0,'Templeton',1,1960,0,'WalMart',1,2540,0,'Templeton',1,5870,0,'WalMart',1,2630,0,'Templeton',1,1880,0,'WalMart',1,6620,0,'Templeton',1,1890,0,'WalMart',1,8310,0,'Templeton',1,10600,0,'Templeton',1,10600,0,'Templeton',1,10600,0,'Templeton',1,10600,0,'Templeton',1,10270,0,'Templeton',1
'1merged67226',33000,60910,,'',1,2300,,'',1,2300,,'',1,6300,,'',1,2300,,'',1,6300,,'',1,2300,,'',1,2300,,'',1,6300,,'',1,2300,,'',1,8600,,'',1,8600,,'',1,4600,,'',1,8600,,'',1,8600,,'',1,8600,,'',1,4600,,'',1,6300,,'',1,2300,,'',1,6300,,'',1,2300,,'',1,2300,,'',1,6300,,'',1,2300,,'',1,6300,,'',1,2300,,'',1,2300,,'',1,6300,,'',1,2300,,'',1,8600,,'',1,8600,,'',1,4600,,'',1,8600,,'',1
'2merged67228',33000,63210,,'',1,8600,,'',1,8600,,'',1,4600,,'',1,8600,,'',1,8600,,'',1,8600,,'',1,4600,,'',1,8600,,'',1,8600,,'',1,8600,,'',1,4600,,'',1,8600,,'',1,8600,,'',1,8600,,'',1,8600,,'',1,4600,,'',1,8600,,'',1,8600,,'',1,8600,,'',1,4600,,'',1
'3merged67227',33000,63210,,'',1,8600,,'',1,8600,,'',1,4600,,'',1,8600,,'',1,8600,,'',1,8600,,'',1,4600,,'',1,8600,,'',1,8600,,'',1,8600,,'',1,4600,,'',1,8600,,'',1,8600,,'',1,8600,,'',1,8600,,'',1,4600,,'',1,8600,,'',1,8600,,'',1,8600,,'',1,4600,,'',1
