'1',1901,55210,0,'Drake',1,7200,0,'Drake',1,3000,0,'Drake',1,6500,0,'Drake',1,2200,0,'Drake',1,5900,0,'Drake',1,2100,0,'Drake',1,2100,0,'Drake',1,6000,0,'Drake',1,2000,0,'Drake',1,2100,0,'Drake',1,6900,0,'Drake',1,3700,0,'Drake',1,7800,0,'Drake',1,8100,0,'Drake',1,4000,0,'Drake',1,7800,0,'Drake',1,8100,0,'Drake',1,4000,0,'Drake',1,7800,0,'Drake',1,1700,0,'Drake',1,5900,0,'Drake',1,2000,0,'Drake',1,2100,0,'Drake',1,5800,0,'Drake',1,1800,0,'Drake',1,2000,0,'Drake',1,2000,0,'Drake',1,6100,0,'Drake',1,2700,0,'Drake',1,7400,0,'Drake',1,3400,0,'Drake',1,8100,0,'Drake',1,8900,0,'Drake',1,9000,0,'Drake',1,9000,0,'Drake',1,4900,0,'Drake',1,8800,0,'Drake',1,8800,0,'Drake',1
'15071-special',1901,65610,0,'Drake',1
'15073-special',1901,84510,0,'Drake',1
'15075-special',1901,103510,0,'Drake',1
'15077-special',1901,122910,0,'Drake',1
'15079-special',1901,142510,0,'Drake',1
'15081-special',1901,162110,0,'Drake',1
'15083-special',1901,181410,0,'Drake',1
'15085-special',1901,201510,0,'Drake',1
'15089-special',1901,234110,0,'Drake',1
'15094-special',1901,75110,0,'Drake',1
'15096-special',1901,93910,0,'Drake',1
'15098-special',1901,113110,0,'Drake',1
'15100-special',1901,132710,0,'Drake',1
'15102-special',1901,152310,0,'Drake',1
'15104-special',1901,171910,0,'Drake',1
'15106-special',1901,190810,0,'Drake',1
'15110-special',1901,223410,0,'Drake',1
'15131-special',1901,212510,0,'Drake',1
'2',1901,54810,0,'Drake',1,7900,0,'Drake',1,8100,0,'Drake',1,4200,0,'Drake',1,8200,0,'Drake',1,8400,0,'Drake',1,8400,0,'Drake',1,4400,0,'Drake',1,8400,0,'Drake',1,8600,0,'Drake',1,8600,0,'Drake',1,4600,0,'Drake',1,8600,0,'Drake',1,8600,0,'Drake',1,8700,0,'Drake',1,4600,0,'Drake',1,9200,0,'Drake',1,9500,0,'Drake',1,9500,0,'Drake',1,9000,0,'Drake',1,9100,0,'Drake',1,9100,0,'Drake',1,5100,0,'Drake',1,9100,0,'Drake',1,9000,0,'Drake',1,9000,0,'Drake',1
'3',1901,65610,0,'Drake',1,9500,0,'Drake',1,9400,0,'Drake',1,9400,0,'Drake',1,9600,0,'Drake',1,9600,0,'Drake',1,9800,0,'Drake',1,9800,0,'Drake',1,9800,0,'Drake',1,9800,0,'Drake',1,9800,0,'Drake',1,9800,0,'Drake',1,9500,0,'Drake',1,9400,0,'Drake',1,10700,0,'Drake',1,11000,0,'Drake',1,10900,0,'Drake',1,10700,0,'Drake',1
