'1',3000,62950,,'',1,2100,,'',1,6300,,'',1,2150,,'',1,2450,,'',1,6700,,'',1
'1',3300,53310,,'',1,1600,,'',1,5800,,'',1,1600,,'',1,1820,,'',1,1800,,'',1,6000,,'',1,1900,,'',1,6200,,'',1,1920,,'',1,2000,,'',1,1900,,'',1,6000,,'',1,2000,,'',1,2000,,'',1,6000,,'',1,1900,,'',1,1900,,'',1,5900,,'',1,2050,,'',1,2000,,'',1,6000,,'',1,2000,,'',1,2000,,'',1,6020,,'',1,2100,,'',1,2100,,'',1,6100,,'',1,2100,,'',1,6000,,'',1,2000,,'',1,1800,,'',1,1900,,'',1,5900,,'',1,1900,,'',1,1700,,'',1,5780,,'',1,1700,,'',1,2000,,'',1,6050,,'',1,3100,,'',1,7180,,'',1,3100,,'',1,7100,,'',1,3100,,'',1,6900,,'',1,3000,,'',1,7000,,'',1,2880,,'',1,6800,,'',1,2900,,'',1,6740,,'',1,2700,,'',1,2700,,'',1,6600,,'',1,2600,,'',1
'2merged62066',3300,55910,,'',1,6200,,'',1,2300,,'',1,6200,,'',1,2200,,'',1,2220,,'',1,6300,,'',1,2300,,'',1,2200,,'',1,6200,,'',1,2200,,'',1,6100,,'',1,1800,,'',1,1720,,'',1,1800,,'',1,5900,,'',1,1900,,'',1,1900,,'',1,5900,,'',1,1900,,'',1,1900,,'',1,5900,,'',1,1900,,'',1,1900,,'',1,5900,,'',1,1900,,'',1,1900,,'',1,5900,,'',1,1900,,'',1,1900,,'',1,5900,,'',1,1900,,'',1,1900,,'',1,1900,,'',1,5900,,'',1,1900,,'',1,1900,,'',1,5900,,'',1,1900,,'',1,1880,,'',1,6000,,'',1,2000,,'',1,2000,,'',1,6800,,'',1,2900,,'',1,6880,,'',1,2900,,'',1,6800,,'',1,2900,,'',1,6740,,'',1,2700,,'',1,6800,,'',1,2800,,'',1,6700,,'',1,2600,,'',1,2500,,'',1
'3merged62065',3300,65450,,'',1,6900,,'',1,2960,,'',1,6900,,'',1,2900,,'',1,6900,,'',1,2900,,'',1,7020,,'',1,2900,,'',1,7000,,'',1,3100,,'',1,7100,,'',1,3000,,'',1,7100,,'',1,3100,,'',1,7100,,'',1,3100,,'',1,7100,,'',1,3100,,'',1,7000,,'',1,3000,,'',1,7100,,'',1,3100,,'',1,6980,,'',1,3000,,'',1,6900,,'',1,2800,,'',1,6740,,'',1,2900,,'',1,6800,,'',1,2700,,'',1,6800,,'',1,2600,,'',1,6700,,'',1,2800,,'',1,6600,,'',1,2700,,'',1
'1',3400,154950,,'',1,6200,,'',1,2200,,'',1,2190,,'',1,6080,,'',1,2000,,'',1
'1',3500,152900,,'',1,2100,,'',1,5900,,'',1,2000,,'',1,1900,,'',1,6100,,'',1,2130,,'',1
'1',3601,143210,,'',1,1600,,'',1,5300,,'',1,1100,,'',1,1200,,'',1,1000,,'',1,1000,,'',1,1300,,'',1,4900,,'',1,1000,,'',1,1000,,'',1,800,,'',1,900,,'',1,800,,'',1,5000,,'',1,1000,,'',1,900,,'',1,1100,,'',1,1340,,'',1,1500,,'',1,5600,,'',1,2000,,'',1,2100,,'',1,6100,,'',1
'1',7100,52740,0,'Templeton',1,2470,0,'WalMart',1,5590,0,'Templeton',1,1410,0,'WalMart',1,1300,0,'Templeton',1,1300,0,'WalMart',1,5300,0,'Templeton',1,1400,0,'WalMart',1,1510,0,'Templeton',1,1390,0,'WalMart',1,1510,0,'Templeton',1,5390,0,'WalMart',1,1410,0,'Templeton',1,1490,0,'WalMart',1,1610,0,'Templeton',1,5690,0,'WalMart',1,1700,0,'Templeton',1,1700,0,'WalMart',1,5600,0,'Templeton',1,1700,0,'WalMart',1,1700,0,'Templeton',1,1700,0,'WalMart',1,5600,0,'Templeton',1,1700,0,'WalMart',1,1700,0,'Templeton',1,5700,0,'WalMart',1,1700,0,'Templeton',1,1700,0,'WalMart',1,1700,0,'Templeton',1,5700,0,'WalMart',1,1600,0,'Templeton',1,1720,0,'WalMart',1,5680,0,'Templeton',1,1720,0,'WalMart',1,1580,0,'Templeton',1,1420,0,'WalMart',1,5280,0,'Templeton',1,1340,0,'WalMart',1,1370,0,'Templeton',1,1480,0,'WalMart',1,1350,0,'Templeton',1,5450,0,'WalMart',1,1350,0,'Templeton',1,1450,0,'WalMart',1,1240,0,'Templeton',1,5310,0,'WalMart',1,1270,0,'Templeton',1,1310,0,'WalMart',1,1290,0,'Templeton',1,5710,0,'WalMart',1,1680,0,'Templeton',1,1720,0,'WalMart',1,1680,0,'Templeton',1,5720,0,'WalMart',1,1680,0,'Templeton',1,1700,0,'WalMart',1,1700,0,'Templeton',1,5700,0,'WalMart',1,1690,0,'Templeton',1,1810,0,'WalMart',1,6990,0,'Templeton',1,3110,0,'WalMart',1,7090,0,'Templeton',1,3110,0,'WalMart',1,7090,0,'Templeton',1,3000,0,'Templeton',1,10240,0,'Templeton',1,10100,0,'Templeton',1
'2merged62066',7100,53610,0,'WalMart',1,2130,0,'Templeton',1,6170,0,'WalMart',1,1990,0,'Templeton',1,6110,0,'WalMart',1,2090,0,'Templeton',1,2210,0,'WalMart',1,6190,0,'Templeton',1,2110,0,'WalMart',1,2190,0,'Templeton',1,6110,0,'WalMart',1,2190,0,'Templeton',1,2210,0,'WalMart',1,6190,0,'Templeton',1,2210,0,'WalMart',1,2190,0,'Templeton',1,6310,0,'WalMart',1,2300,0,'Templeton',1,6220,0,'WalMart',1,2280,0,'Templeton',1,2320,0,'WalMart',1,6280,0,'Templeton',1,2320,0,'WalMart',1,6280,0,'Templeton',1,2320,0,'WalMart',1,2280,0,'Templeton',1,6320,0,'WalMart',1,2380,0,'Templeton',1,2320,0,'WalMart',1,6380,0,'Templeton',1,2220,0,'WalMart',1,6270,0,'Templeton',1,2330,0,'WalMart',1,2270,0,'Templeton',1,6310,0,'WalMart',1,2190,0,'Templeton',1,6210,0,'WalMart',1,2090,0,'Templeton',1,2210,0,'WalMart',1,6090,0,'Templeton',1,2110,0,'WalMart',1,2090,0,'Templeton',1,6110,0,'WalMart',1,2090,0,'Templeton',1,2210,0,'WalMart',1,6290,0,'Templeton',1,3810,0,'WalMart',1,10090,0,'Templeton',1,10440,0,'Templeton',1,10200,0,'Templeton',1
'3merged62065',7100,64240,0,'Templeton',1,10700,0,'Templeton',1,10800,0,'Templeton',1,14860,0,'Templeton',1,10900,0,'Templeton',1,2610,0,'WalMart',1,6100,0,'Templeton',1,2220,0,'WalMart',1,2180,0,'Templeton',1,6320,0,'WalMart',1,2180,0,'Templeton',1,2320,0,'WalMart',1,6280,0,'Templeton',1,2220,0,'WalMart',1,6280,0,'Templeton',1,2320,0,'WalMart',1,2280,0,'Templeton',1,6320,0,'WalMart',1,2270,0,'Templeton',1,2230,0,'WalMart',1,6270,0,'Templeton',1,2330,0,'WalMart',1,6270,0,'Templeton',1,2410,0,'WalMart',1,7790,0,'Templeton',1,10600,0,'Templeton',1,10640,0,'Templeton',1,10600,0,'Templeton',1,10600,0,'Templeton',1,10400,0,'Templeton',1
