3700,'1',545,,39858,3,,,1,66,,39874,3,,,1,27,,39859,3,,,1,69,,39875,3,,,1,29,,39860,3,,,1,70,,39876,3,,,1,30,,39861,3,,,1,70,,39877,3,,,1,29,,39862,3,,,1,68,,39878,3,,,1,28,,39863,3,,,1,28,,39879,3,,,1,68,,39864,3,,,1,28,,39880,3,,,1,68,,39865,3,,,1,28,,39881,3,,,1,68,,39866,3,,,1,28,,39882,3,,,1,68,,39867,3,,,1,29,,39883,3,,,1,68,,39868,3,,,1,30,,39884,3,,,1,70,,39869,3,,,1,30,,39885,3,,,1,70,,39870,3,,,1,30,,39886,3,,,1,70,,39871,3,,,1,28,,39887,3,,,1,68,,39872,3,,,1,28,,39888,3,,,1,67,,39873,3,,,1,26,,39889,3,,,1,80,,39856,3,,,1,93,,39857,3,,,1
3700,'2',610,,39904,3,,,1,91,,39905,3,,,1,51,,39906,3,,,1,93,,39907,3,,,1,93,,39908,3,,,1,95,,39890,3,,,1,96,,39891,3,,,1,96,,39892,3,,,1,96,,39893,3,,,1,96,,39894,3,,,1,96,,39895,3,,,1,96,,39896,3,,,1,96,,39897,3,,,1,96,,39898,3,,,1,55,,39899,3,,,1,94,,39900,3,,,1,93,,39901,3,,,1,93,,39902,3,,,1,92,,39903,3,,,1
3700,'3',701,,39909,3,,,1,51,,39910,3,,,1,93,,39911,3,,,1,93,,39912,3,,,1,95,,39913,3,,,1,96,,39914,3,,,1,96,,39915,3,,,1,96,,39916,3,,,1,96,,39917,3,,,1,96,,39918,3,,,1,96,,39919,3,,,1,96,,39920,3,,,1,96,,39921,3,,,1,55,,39922,3,,,1,94,,39923,3,,,1,93,,39924,3,,,1,93,,39925,3,,,1
3700,'6',701,,39926,3,,,1,51,,39927,3,,,1,93,,39928,3,,,1,93,,39929,3,,,1,95,,39930,3,,,1,96,,39931,3,,,1,96,,39932,3,,,1,96,,39933,3,,,1,96,,39934,3,,,1,96,,39935,3,,,1,96,,39936,3,,,1,96,,39937,3,,,1,96,,39938,3,,,1,55,,39939,3,,,1,94,,39940,3,,,1,93,,39941,3,,,1,93,,39942,3,,,1
33400,'1',522,,42133,3,,,1,23,,42151,3,,,1,62,,42134,3,,,1,23,,42152,3,,,1,23,,42135,3,,,1,64,,42153,3,,,1,24,,42136,3,,,1,64,,42154,3,,,1,24,,42137,3,,,1,24,,42155,3,,,1,64,,42138,3,,,1,24,,42156,3,,,1,63,,42139,3,,,1,24,,42157,3,,,1,23,,42140,3,,,1,64,,42158,3,,,1,23,,42141,3,,,1,64,,42159,3,,,1,23,,42142,3,,,1,24,,42160,3,,,1,63,,42143,3,,,1,24,,42161,3,,,1,23,,42144,3,,,1,64,,42162,3,,,1
33401,'1',1445,,42179,23,,,1,65,,42197,23,,,1,25,,42180,23,,,1,65,,42198,23,,,1,25,,42181,23,,,1,25,,42199,23,,,1,65,,42182,23,,,1,25,,42200,23,,,1,65,,42183,23,,,1,25,,42201,23,,,1,23,,42184,23,,,1,64,,42202,23,,,1
33600,'1',501,,42203,2,,,1,36,,42218,35,,,1,76,,42211,35,,,1,36,,42204,35,,,1,79,,42219,35,,,1,78,,42212,35,,,1,38,,42205,35,,,1,78,,42220,35,,,1,37,,42213,35,,,1,77,,42206,35,,,1,77,,42221,35,,,1,37,,42214,35,,,1,77,,42207,35,,,1,77,,42222,35,,,1,37,,42215,35,,,1,77,,42208,35,,,1,38,,42223,35,,,1,78,,42216,35,,,1,78,,42209,35,,,1,40,,42224,35,,,1,78,,42217,35,,,1,77,,42210,35,,,1,39,,42225,35,0,9 10 11,1
33600,'2',652,,42233,35,,,1,93,,42226,35,,,1,94,,42234,35,,,1,94,,42227,35,,,1,95,,42235,35,,,1,95,,42228,35,,,1,95,,42236,35,,,1,96,,42229,35,,,1,96,,42237,35,,,1,95,,42230,35,,,1,96,,42238,35,,,1,55,,42231,35,,,1,96,,42239,35,,,1,95,,42232,35,0,9 10 11,1
33600,'3',740,,42246,2,,,1,100,,42240,2,,,1,101,,42247,2,,,1,101,,42241,2,,,1,101,,42248,2,,,1,102,,42242,2,,,1,101,,42249,2,,,1,102,,42243,2,,,1,101,,42250,2,,,1,102,,42244,2,,,1,101,,42251,2,,,1,102,,42245,2,0,9 10 11,1
33600,'6',740,,42258,2,,,1,100,,42252,2,,,1,101,,42259,2,,,1,101,,42253,2,,,1,101,,42260,2,,,1,102,,42254,2,,,1,101,,42261,2,,,1,102,,42255,2,,,1,101,,42262,2,,,1,102,,42256,2,,,1,101,,42263,2,,,1,102,,42257,2,0,9 10 11,1
