2800,'1',601,,39360,45,,,1,17,,39369,71,,,1,17,,39370,71,,,1,16,,39371,71,,,1,55,,39383,71,,,1,15,,39361,71,,,1,14,,39395,71,,,1,13,,39384,71,,,1,54,,39377,71,,,1,14,,39378,71,,,1,13,,39389,71,,,1,14,,39390,71,,,1,14,,39396,71,,,1,55,,39372,71,,,1,27,,39362,71,,,1,67,,39385,71,,,1,26,,39379,71,,,1,27,,39391,71,,,1,67,,39373,71,,,1,26,,39363,71,,,1,67,,39386,71,,,1,27,,39380,71,,,1,67,,39392,71,,,1,27,,39374,71,,,1,66,,39364,71,,,1,28,,39387,71,,,1,70,,39381,71,,,1,29,,39397,71,,,1,18,,39393,71,,,1,56,,39375,71,,,1,15,,39410,71,,,1,16,,39365,71,,,1,15,,39403,71,,,1,56,,39388,71,,,1,14,,39359,71,,,1,14,,39382,71,,,1,13,,39402,71,,,1,54,,39398,71,,,1,13,,39394,71,,,1,13,,39376,71,,,1,13,,39411,71,,,1,15,,39366,71,,,1,71,,39399,71,,,1,30,,39404,71,,,1,71,,39407,71,,,1,71,,39367,71,,,1,30,,39400,71,,,1,70,,39405,71,,,1,30,,39408,71,,,1,69,,39368,71,,,1,30,,39401,71,,,1,70,,39406,71,,,1,30,,39409,71,,,1
2800,'2',602,,39412,45,,,1,30,,39439,71,,,1,69,,39430,71,,,1,29,,39422,71,,,1,29,,39413,71,,,1,70,,39440,71,,,1,71,,39431,71,,,1,30,,39423,71,,,1,70,,39414,71,,,1,32,,39441,71,,,1,71,,39432,71,,,1,32,,39424,71,,,1,71,,39415,71,,,1,32,,39442,71,,,1,73,,39433,71,,,1,32,,39425,71,,,1,72,,39416,71,,,1,32,,39443,71,,,1,72,,39434,71,,,1,32,,39426,71,,,1,72,,39417,71,,,1,32,,39444,71,,,1,72,,39435,71,,,1,32,,39427,71,,,1,71,,39418,71,,,1,70,,39445,71,,,1,30,,39436,71,,,1,71,,39428,71,,,1,30,,39419,71,,,1,69,,39446,71,,,1,30,,39437,71,,,1,70,,39429,71,,,1,30,,39420,71,,,1,100,,39438,71,,,1,100,,39421,71,,,1
2800,'3',653,,39449,45,,,1,89,,39465,71,,,1,80,,39458,71,,,1,80,,39450,71,,,1,40,,39466,71,,,1,80,,39459,71,,,1,81,,39451,71,,,1,42,,39467,71,,,1,82,,39460,71,,,1,82,,39452,71,,,1,43,,39468,71,,,1,82,,39461,71,,,1,82,,39453,71,,,1,43,,39469,71,,,1,82,,39462,71,,,1,82,,39454,71,,,1,82,,39470,71,,,1,41,,39463,71,,,1,80,,39455,71,,,1,82,,39471,71,,,1,42,,39464,71,,,1,81,,39456,71,,,1,99,,39447,71,,,1,100,,39457,71,,,1,100,,39448,71,,,1
2800,'6',653,,39472,45,,,1,89,,39488,71,,,1,80,,39481,71,,,1,80,,39473,71,,,1,40,,39489,71,,,1,80,,39482,71,,,1,81,,39474,71,,,1,42,,39490,71,,,1,82,,39483,71,,,1,82,,39475,71,,,1,43,,39491,71,,,1,82,,39484,71,,,1,82,,39476,71,,,1,43,,39492,71,,,1,82,,39485,71,,,1,82,,39477,71,,,1,82,,39493,71,,,1,41,,39486,71,,,1,80,,39478,71,,,1,82,,39494,71,,,1,42,,39487,71,,,1,81,,39479,71,,,1,99,,39495,71,,,1,100,,39480,71,,,1,100,,39496,71,,,1
33001,'1',551,,42024,12,,,1,63,,42039,47,,,1,26,,42016,47,,,1,65,,42032,47,,,1,26,,42025,47,,,1,26,,42040,47,,,1,66,,42017,47,,,1,26,,42033,47,,,1,66,,42026,47,,,1,26,,42041,47,,,1,66,,42018,47,,,1,26,,42034,47,,,1,25,,42027,47,,,1,66,,42042,47,,,1,26,,42019,47,,,1,66,,42035,47,,,1,25,,42028,47,,,1,66,,42043,47,,,1,26,,42020,47,,,1,26,,42036,47,,,1,66,,42029,47,,,1,27,,42044,47,,,1,70,,42021,47,,,1,28,,42037,47,,,1,69,,42030,47,,,1,29,,42045,47,,,1,69,,42022,47,,,1,28,,42038,47,,,1,68,,42031,47,,,1,27,,42046,47,4,,1,66,,42023,47,4,,1
33001,'2',638,,42055,47,,,1,84,,42047,47,,,1,91,,42056,47,,,1,46,,42048,47,,,1,91,,42057,47,,,1,87,,42049,47,,,1,92,,42058,47,,,1,91,,42050,47,,,1,91,,42059,47,,,1,91,,42051,47,,,1,51,,42060,47,,,1,91,,42052,47,,,1,91,,42061,47,,,1,91,,42053,47,,,1,91,,42062,47,,,1,89,,42054,47,4,,1
33001,'3',808,,42063,27,,,1,101,,42069,27,,,1,100,,42064,27,,,1,101,,42070,27,,,1,101,,42065,27,,,1,101,,42071,27,,,1,102,,42066,27,,,1,101,,42072,27,,,1,102,,42067,27,,,1,101,,42073,27,,,1,102,,42068,27,,,1,101,,42074,27,4,,1
33001,'6',808,,42075,27,,,1,101,,42081,27,,,1,100,,42076,27,,,1,101,,42082,27,,,1,101,,42077,27,,,1,101,,42083,27,,,1,102,,42078,27,,,1,101,,42084,27,,,1,102,,42079,27,,,1,101,,42085,27,,,1,102,,42080,27,,,1,101,,42086,27,4,,1
33600,'1',522,,42203,19,,,1,36,,42218,52,,,1,76,,42211,52,,,1,77,,42204,52,,,1,39,,42219,52,,,1,78,,42212,52,,,1,78,,42205,52,,,1,38,,42220,52,,,1,77,,42213,52,,,1,37,,42206,52,,,1,77,,42221,52,,,1,77,,42214,52,,,1,37,,42207,52,,,1,77,,42222,52,,,1,77,,42215,52,,,1,37,,42208,52,,,1,78,,42223,52,,,1,38,,42216,52,,,1,78,,42209,52,,,1,80,,42224,52,,,1,38,,42217,52,,,1,77,,42210,52,,,1,79,,42225,52,4,,1
33600,'2',713,,42233,52,,,1,93,,42226,52,,,1,94,,42234,52,,,1,54,,42227,52,,,1,95,,42235,52,,,1,95,,42228,52,,,1,95,,42236,52,,,1,96,,42229,52,,,1,96,,42237,52,,,1,95,,42230,52,,,1,96,,42238,52,,,1,95,,42231,52,,,1,96,,42239,52,,,1,95,,42232,52,4,,1
33600,'3',801,,42246,19,,,1,100,,42240,19,,,1,101,,42247,19,,,1,101,,42241,19,,,1,101,,42248,19,,,1,102,,42242,19,,,1,101,,42249,19,,,1,102,,42243,19,,,1,101,,42250,19,,,1,102,,42244,19,,,1,101,,42251,19,,,1,102,,42245,19,4,,1
33600,'6',801,,42258,19,,,1,100,,42252,19,,,1,101,,42259,19,,,1,101,,42253,19,,,1,101,,42260,19,,,1,102,,42254,19,,,1,101,,42261,19,,,1,102,,42255,19,,,1,101,,42262,19,,,1,102,,42256,19,,,1,101,,42263,19,,,1,102,,42257,19,4,,1
