'1',1900,52150,0,'Logan',1,2600,0,'Logan',1,6600,0,'Logan',1,2390,0,'Logan',1,1900,0,'Logan',1,5890,0,'Logan',1,2000,0,'Logan',1,1800,0,'Logan',1,5800,0,'Logan',1,2200,0,'Logan',1,2100,0,'Logan',1,6110,0,'Logan',1,2200,0,'Logan',1,7500,0,'Logan',1,3900,0,'Logan',1,7900,0,'Logan',1,7900,0,'Logan',1,4000,0,'Logan',1,7900,0,'Logan',1,7800,0,'Logan',1,4000,0,'Logan',1,7590,0,'Logan',1,1990,0,'Logan',1,5900,0,'Logan',1,1990,0,'Logan',1,2210,0,'Logan',1,6410,0,'Logan',1,2800,0,'Logan',1,7510,0,'Logan',1,3510,0,'Logan',1,7800,0,'Logan',1,8700,0,'Logan',1,9100,0,'Logan',1,5000,0,'Logan',1,8900,0,'Logan',1,8900,0,'Logan',1,8900,0,'Logan',1,8900,0,'Logan',1,4600,0,'Logan',1
'15072-special',1900,75540,0,'Logan',1
'15074-special',1900,94340,0,'Logan',1
'15076-special',1900,113440,0,'Logan',1
'15078-special',1900,133040,0,'Logan',1
'15080-special',1900,152640,0,'Logan',1
'15082-special',1900,172140,0,'Logan',1
'15084-special',1900,192640,0,'Logan',1
'15088-special',1900,225240,0,'Logan',1
'15093-special',1900,70140,0,'Logan',1
'15095-special',1900,84840,0,'Logan',1
'15097-special',1900,103840,0,'Logan',1
'15099-special',1900,123240,0,'Logan',1
'15101-special',1900,142840,0,'Logan',1
'15103-special',1900,162440,0,'Logan',1
'15105-special',1900,181640,0,'Logan',1
'15109-special',1900,214440,0,'Logan',1
'15130-special',1900,203640,0,'Logan',1
'15134-special',1900,235850,0,'Logan',1
'2',1900,52240,0,'Logan',1,7800,0,'Logan',1,4000,0,'Logan',1,8100,0,'Logan',1,8200,0,'Logan',1,4300,0,'Logan',1,8400,0,'Logan',1,8400,0,'Logan',1,4400,0,'Logan',1,8400,0,'Logan',1,8600,0,'Logan',1,8600,0,'Logan',1,8600,0,'Logan',1,4600,0,'Logan',1,8600,0,'Logan',1,8600,0,'Logan',1,8700,0,'Logan',1,4700,0,'Logan',1,8800,0,'Logan',1,9300,0,'Logan',1,9300,0,'Logan',1,9100,0,'Logan',1,9100,0,'Logan',1,5100,0,'Logan',1,8910,0,'Logan',1,8900,0,'Logan',1,9000,0,'Logan',1
'3',1900,70140,0,'Logan',1,5400,0,'Logan',1,9300,0,'Logan',1,9500,0,'Logan',1,9500,0,'Logan',1,9600,0,'Logan',1,9800,0,'Logan',1,9800,0,'Logan',1,9800,0,'Logan',1,9800,0,'Logan',1,9800,0,'Logan',1,9700,0,'Logan',1,9500,0,'Logan',1,11000,0,'Logan',1,11000,0,'Logan',1,10800,0,'Logan',1,10800,0,'Logan',1,10610,0,'Logan',1
'1',2600,54340,,'',1,8400,,'',1,8400,,'',1,4400,,'',1,8400,,'',1,8400,,'',1,8400,,'',1,4400,,'',1,8500,,'',1,8500,,'',1,8500,,'',1,4500,,'',1,8500,,'',1,8500,,'',1,8500,,'',1,4500,,'',1,8500,,'',1,8300,0,'Portage & Tylehurst',1
'2',2600,75540,,'',1,8400,,'',1,8400,,'',1,8400,,'',1,4400,,'',1,8500,,'',1,8500,,'',1,8500,,'',1,4500,,'',1,8500,,'',1,8500,,'',1,8500,,'',1,4500,,'',1,8500,,'',1,8300,0,'Portage & Tylehurst',1
