'1',1900,52050,0,'Logan',1,2600,0,'Logan',1,6600,0,'Logan',1,2380,0,'Logan',1,1900,0,'Logan',1,5880,0,'Logan',1,2000,0,'Logan',1,1800,0,'Logan',1,5800,0,'Logan',1,2200,0,'Logan',1,2100,0,'Logan',1,6120,0,'Logan',1,2200,0,'Logan',1,7500,0,'Logan',1,3900,0,'Logan',1,7900,0,'Logan',1,7900,0,'Logan',1,4000,0,'Logan',1,7900,0,'Logan',1,7800,0,'Logan',1,4000,0,'Logan',1,7580,0,'Logan',1,1940,0,'Logan',1,1900,0,'Logan',1,5980,0,'Logan',1,2220,0,'Logan',1,6460,0,'Logan',1,2800,0,'Logan',1,7520,0,'Logan',1,3520,0,'Logan',1,7800,0,'Logan',1,8700,0,'Logan',1,9100,0,'Logan',1,5000,0,'Logan',1,8900,0,'Logan',1,8900,0,'Logan',1,8900,0,'Logan',1,8900,0,'Logan',1,4600,0,'Logan',1
'15072-special',1900,75430,0,'Logan',1
'15074-special',1900,94230,0,'Logan',1
'15076-special',1900,113330,0,'Logan',1
'15078-special',1900,132930,0,'Logan',1
'15080-special',1900,152530,0,'Logan',1
'15082-special',1900,172030,0,'Logan',1
'15084-special',1900,192530,0,'Logan',1
'15088-special',1900,225130,0,'Logan',1
'15093-special',1900,70030,0,'Logan',1
'15095-special',1900,84730,0,'Logan',1
'15097-special',1900,103730,0,'Logan',1
'15099-special',1900,123130,0,'Logan',1
'15101-special',1900,142730,0,'Logan',1
'15103-special',1900,162330,0,'Logan',1
'15105-special',1900,181530,0,'Logan',1
'15109-special',1900,214330,0,'Logan',1
'15130-special',1900,203530,0,'Logan',1
'15134-special',1900,235750,0,'Logan',1
'2',1900,52130,0,'Logan',1,3800,0,'Logan',1,8000,0,'Logan',1,8100,0,'Logan',1,8200,0,'Logan',1,4300,0,'Logan',1,8400,0,'Logan',1,8400,0,'Logan',1,4400,0,'Logan',1,8400,0,'Logan',1,8600,0,'Logan',1,8600,0,'Logan',1,4600,0,'Logan',1,8600,0,'Logan',1,8600,0,'Logan',1,8600,0,'Logan',1,8700,0,'Logan',1,4700,0,'Logan',1,8800,0,'Logan',1,9300,0,'Logan',1,9300,0,'Logan',1,9100,0,'Logan',1,9100,0,'Logan',1,5100,0,'Logan',1,8920,0,'Logan',1,8900,0,'Logan',1,9000,0,'Logan',1
'3',1900,70030,0,'Logan',1,5400,0,'Logan',1,9300,0,'Logan',1,9500,0,'Logan',1,9500,0,'Logan',1,9600,0,'Logan',1,9800,0,'Logan',1,9800,0,'Logan',1,9800,0,'Logan',1,9800,0,'Logan',1,9800,0,'Logan',1,9700,0,'Logan',1,9500,0,'Logan',1,11000,0,'Logan',1,11000,0,'Logan',1,10800,0,'Logan',1,10800,0,'Logan',1,10620,0,'Logan',1
'1',2600,54230,,'',1,8400,,'',1,8400,,'',1,4400,,'',1,8400,,'',1,8400,,'',1,8400,,'',1,4400,,'',1,8500,,'',1,8500,,'',1,8500,,'',1,4500,,'',1,8500,,'',1,8500,,'',1,8500,,'',1,4500,,'',1,8500,,'',1,8300,0,'Portage & Tylehurst',1
'2',2600,75430,,'',1,8400,,'',1,8400,,'',1,8400,,'',1,4400,,'',1,8500,,'',1,8500,,'',1,8500,,'',1,4500,,'',1,8500,,'',1,8500,,'',1,8500,,'',1,4500,,'',1,8500,,'',1,8300,0,'Portage & Tylehurst',1
