'1',1900,53000,4,'',1,2600,4,'',1,6600,4,'',1,2300,4,'',1,5900,4,'',1,1900,4,'',1,2100,4,'',1,5800,4,'',1,1800,4,'',1,2200,4,'',1,6100,4,'',1,2100,4,'',1,2100,4,'',1,7500,4,'',1,8000,4,'',1,3900,4,'',1,7900,4,'',1,3900,4,'',1,8000,4,'',1,7700,4,'',1,4100,4,'',1,7500,4,'',1,2100,4,'',1,5800,4,'',1,2000,4,'',1,2200,4,'',1,6500,4,'',1,2700,4,'',1,7500,4,'',1,3600,4,'',1,7700,4,'',1,8800,4,'',1,9000,4,'',1,5000,4,'',1,9000,4,'',1,8900,4,'',1,8800,4,'',1,8900,4,'',1,8600,4,'',1
'1',1901,53300,0,'Autumnwood',1,6700,0,'Autumnwood',1,2600,0,'Autumnwood',1,2200,0,'Autumnwood',1,6100,0,'Autumnwood',1,1700,0,'Autumnwood',1,2200,0,'Autumnwood',1,5900,0,'Autumnwood',1,2000,0,'Autumnwood',1,2100,0,'Autumnwood',1,6300,0,'Autumnwood',1,3700,0,'Autumnwood',1,7700,0,'Autumnwood',1,7900,0,'Autumnwood',1,3900,0,'Autumnwood',1,7900,0,'Autumnwood',1,7900,0,'Autumnwood',1,4000,0,'Autumnwood',1,7800,0,'Autumnwood',1,2700,0,'Autumnwood',1,5600,0,'Autumnwood',1,1700,0,'Autumnwood',1,1700,0,'Autumnwood',1,1900,0,'Autumnwood',1,5700,0,'Autumnwood',1,2100,0,'Autumnwood',1,2200,0,'Autumnwood',1,6800,0,'Autumnwood',1,2400,0,'Autumnwood',1,7500,0,'Autumnwood',1,3600,0,'Autumnwood',1,7800,0,'Autumnwood',1,8700,0,'Autumnwood',1,9000,0,'Autumnwood',1,9000,0,'Autumnwood',1,5100,0,'Autumnwood',1,8900,0,'Autumnwood',1,9000,0,'Autumnwood',1,8700,0,'Autumnwood',1,8200,0,'Notre Dame & Arlington',1
'15072-special',1900,80300,4,'',1
'15073-special',1901,80800,0,'Drake',1
'15074-special',1900,95100,4,'',1
'15075-special',1901,95600,0,'Drake',1
'15076-special',1900,114200,4,'',1
'15077-special',1901,114700,0,'Drake',1
'15078-special',1900,133800,4,'',1
'15079-special',1901,134300,0,'Drake',1
'15080-special',1900,153400,4,'',1
'15081-special',1901,153900,0,'Drake',1
'15082-special',1900,172900,4,'',1
'15083-special',1901,173400,0,'Drake',1
'15084-special',1900,193300,4,'',1
'15085-special',1901,193800,0,'Drake',1
'15088-special',1900,225900,4,'',1
'15089-special',1901,230600,0,'Drake',1
'15093-special',1900,70900,4,'',1
'15094-special',1901,71500,0,'Drake',1
'15095-special',1900,85600,4,'',1
'15096-special',1901,90000,0,'Drake',1
'15097-special',1900,104600,4,'',1
'15098-special',1901,105100,0,'Drake',1
'15099-special',1900,124000,4,'',1
'15100-special',1901,124500,0,'Drake',1
'15101-special',1900,143600,4,'',1
'15102-special',1901,144100,0,'Drake',1
'15103-special',1900,163200,4,'',1
'15104-special',1901,163700,0,'Drake',1
'15105-special',1900,182400,4,'',1
'15106-special',1901,182900,0,'Drake',1
'15109-special',1900,215100,4,'',1
'15110-special',1901,215800,0,'Drake',1
'15130-special',1900,204300,4,'',1
'15131-special',1901,204900,0,'Drake',1
'15134-special',1900,240500,4,'',1
'2',1900,53000,4,'',1,7800,4,'',1,4000,4,'',1,8100,4,'',1,8200,4,'',1,4300,4,'',1,8400,4,'',1,8400,4,'',1,8400,4,'',1,4400,4,'',1,8600,4,'',1,8600,4,'',1,8600,4,'',1,4600,4,'',1,8600,4,'',1,8600,4,'',1,8700,4,'',1,8700,4,'',1,4700,4,'',1,9300,4,'',1,9300,4,'',1,9100,4,'',1,9100,4,'',1,9100,4,'',1,4900,4,'',1,8900,4,'',1,9000,4,'',1
'2',1901,53400,0,'Autumnwood',1,7800,0,'Autumnwood',1,4100,0,'Autumnwood',1,8100,0,'Autumnwood',1,8200,0,'Autumnwood',1,4300,0,'Autumnwood',1,8400,0,'Autumnwood',1,8400,0,'Autumnwood',1,8400,0,'Autumnwood',1,4400,0,'Autumnwood',1,8600,0,'Autumnwood',1,8600,0,'Autumnwood',1,8600,0,'Autumnwood',1,4600,0,'Autumnwood',1,8700,0,'Autumnwood',1,8800,0,'Autumnwood',1,9600,0,'Autumnwood',1,7400,0,'Downtown',1,5000,0,'Drake',1,9300,0,'Drake',1,9100,0,'Drake',1,9100,0,'Drake',1,9100,0,'Drake',1,9200,0,'Drake',1,9200,0,'Drake',1,5000,0,'Drake',1,8100,0,'Notre Dame & Arlington',1
'3',1900,70900,4,'',1,9400,4,'',1,5300,4,'',1,9500,4,'',1,9500,4,'',1,9600,4,'',1,9800,4,'',1,9800,4,'',1,9800,4,'',1,9800,4,'',1,9800,4,'',1,9700,4,'',1,9500,4,'',1,10900,4,'',1,11000,4,'',1,10800,4,'',1,10800,4,'',1,14600,4,'',1
'3',1901,71500,0,'Drake',1,9300,0,'Drake',1,9200,0,'Drake',1,5600,0,'Drake',1,9500,0,'Drake',1,9600,0,'Drake',1,9800,0,'Drake',1,9800,0,'Drake',1,9800,0,'Drake',1,9800,0,'Drake',1,9800,0,'Drake',1,9700,0,'Drake',1,9500,0,'Drake',1,10900,0,'Drake',1,11100,0,'Drake',1,10900,0,'Drake',1,14800,0,'Drake',1
