2801,'1',531,,327,,,1,26,,312,,,1,64,,342,,,1,13,,350,,,1,13,,320,,,1,12,,359,,,1,52,,336,,,1,14,,360,,,1,14,,328,,,1,14,,351,,,1,54,,313,,,1,14,,352,,,1,14,,343,,,1,68,,321,,,1,27,,337,,,1,27,,329,,,1,67,,314,,,1,26,,344,,,1,67,,322,,,1,27,,338,,,1,66,,330,,,1,26,,315,,,1,66,,345,,,1,27,,323,,,1,27,,339,,,1,67,,331,,,1,26,,316,,,1,53,,354,,,1,15,,346,,,1,15,,309,,,1,14,,324,,,1,54,,357,,,1,15,,340,,,1,15,,353,,,1,15,,332,,,1,55,,356,,,1,14,,317,,,1,15,,355,,,1,15,,347,,,1,15,,310,,,1,54,,325,,,1,28,,341,,,1,68,,333,,,1,26,,318,,,1,66,,348,,,1,22,,326,,,1,23,,361,,,1,70,,334,,,1,29,,319,,,1,69,,349,,,1,30,,311,,,1,69,,335,,,1
2801,'2',552,,378,,,1,70,,370,,,1,30,,362,,,1,70,,387,,,1,29,,379,,,1,71,,371,,,1,30,,363,,,1,71,,388,,,1,31,,380,,,1,73,,372,,,1,32,,364,,,1,73,,389,,,1,73,,381,,,1,33,,373,,,1,73,,365,,,1,33,,390,,,1,73,,382,,,1,33,,374,,,1,73,,366,,,1,33,,391,,,1,73,,383,,,1,73,,375,,,1,33,,367,,,1,73,,392,,,1,33,,384,,,1,72,,376,,,1,32,,368,,,1,72,,393,,,1,30,,385,,,1,70,,377,,,1,30,,369,,,1,98,,386,,,1
2801,'3',658,,401,,,1,79,,394,,,1,80,,409,,,1,40,,402,,,1,82,,395,,,1,82,,410,,,1,83,,403,,,1,44,,396,,,1,84,,411,,,1,84,,404,,,1,84,,397,,,1,44,,412,,,1,84,,405,,,1,84,,398,,,1,44,,413,,,1,84,,406,,,1,84,,399,,,1,83,,414,,,1,42,,407,,,1,81,,400,,,1,79,,415,,,1,40,,408,,,1
88901,'1',537,,4246,,,1,19,,4236,,,1,59,,4243,,,1,13,,4239,,,1,13,,4241,,,1,13,,4247,,,1,53,,4242,,,1,13,,4249,,,1,14,,4244,,,1,13,,4250,,,1,54,,4240,,,1,14,,4248,,,1,13,,4237,,,1,14,,4238,,,1,14,,4245,,,1,666,,4251,,,1,81,,4253,,,1,42,,4252,,,1,81,,4254,,,1,80,,4255,,,1
400001101,'1',526,,5527,,,1,18,,5535,,,1,58,,5539,,,1,18,,5538,,,1,19,,5547,,,1,10,,5583,,,1,10,,5568,,,1,51,,5575,,,1,10,,5536,,,1,10,,5558,,,1,10,,5540,,,1,10,,5586,,,1,50,,5577,,,1,11,,5585,,,1,10,,5548,,,1,10,,5584,,,1,11,,5569,,,1,61,,5537,,,1,21,,5541,,,1,19,,5578,,,1,59,,5549,,,1,19,,5570,,,1,20,,5559,,,1,60,,5542,,,1,19,,5579,,,1,19,,5550,,,1,19,,5571,,,1,59,,5560,,,1,20,,5543,,,1,19,,5580,,,1,59,,5551,,,1,19,,5572,,,1,20,,5561,,,1,60,,5544,,,1,21,,5581,,,1,20,,5552,,,1,60,,5573,,,1,12,,5591,,,1,12,,5562,,,1,11,,5528,,,1,51,,5545,,,1,11,,5530,,,1,12,,5582,,,1,12,,5593,,,1,11,,5553,,,1,11,,5533,,,1,51,,5574,,,1,12,,5592,,,1,11,,5563,,,1,11,,5529,,,1,11,,5546,,,1,51,,5531,,,1,11,,5534,,,1,21,,5554,,,1,20,,5532,,,1,61,,5564,,,1,29,,5587,,,1,71,,5555,,,1,30,,5565,,,1,70,,5588,,,1,30,,5556,,,1,70,,5566,,,1,30,,5589,,,1,69,,5557,,,1,30,,5567,,,1,69,,5590,,,1
400001101,'2',625,,5595,,,1,28,,5607,,,1,69,,5619,,,1,30,,5596,,,1,69,,5608,,,1,29,,5620,,,1,69,,5597,,,1,30,,5609,,,1,71,,5621,,,1,31,,5598,,,1,72,,5610,,,1,32,,5622,,,1,73,,5599,,,1,73,,5611,,,1,33,,5623,,,1,73,,5600,,,1,33,,5612,,,1,73,,5624,,,1,33,,5601,,,1,73,,5613,,,1,33,,5625,,,1,73,,5602,,,1,33,,5614,,,1,73,,5626,,,1,72,,5603,,,1,32,,5615,,,1,71,,5627,,,1,31,,5604,,,1,70,,5616,,,1,31,,5628,,,1,71,,5605,,,1,44,,5617,,,1,83,,5606,,,1,84,,5618,,,1
400001101,'3',653,,5629,,,1,69,,5640,,,1,30,,5650,,,1,69,,5630,,,1,29,,5641,,,1,69,,5651,,,1,30,,5631,,,1,71,,5642,,,1,31,,5652,,,1,72,,5632,,,1,32,,5643,,,1,73,,5653,,,1,73,,5633,,,1,33,,5644,,,1,73,,5654,,,1,33,,5634,,,1,73,,5645,,,1,33,,5655,,,1,73,,5635,,,1,33,,5646,,,1,73,,5656,,,1,33,,5636,,,1,73,,5647,,,1,72,,5657,,,1,32,,5637,,,1,71,,5648,,,1,31,,5658,,,1,70,,5638,,,1,31,,5649,,,1,71,,5659,,,1,44,,5639,,,1
400001601,'1',506,,6842,,,1,24,,6844,,,1,22,,6852,,,1,62,,6836,,,1,10,,6863,,,1,15,,6846,,,1,12,,6867,,,1,53,,6843,,,1,13,,6869,,,1,13,,6845,,,1,13,,6868,,,1,13,,6853,,,1,53,,6866,,,1,13,,6837,,,1,14,,6864,,,1,13,,6847,,,1,66,,6871,,,1,25,,6859,,,1,65,,6854,,,1,25,,6838,,,1,24,,6848,,,1,65,,6872,,,1,25,,6860,,,1,65,,6855,,,1,25,,6839,,,1,24,,6849,,,1,65,,6873,,,1,25,,6861,,,1,66,,6856,,,1,25,,6840,,,1,15,,6881,,,1,53,,6850,,,1,13,,6879,,,1,14,,6874,,,1,14,,6880,,,1,54,,6862,,,1,14,,6897,,,1,14,,6857,,,1,14,,6876,,,1,14,,6841,,,1,54,,6886,,,1,14,,6851,,,1,14,,6895,,,1,14,,6883,,,1,54,,6882,,,1,16,,6889,,,1,18,,6896,,,1,60,,6877,,,1,31,,6887,,,1,68,,6884,,,1,29,,6890,,,1,70,,6878,,,1,29,,6888,,,1,29,,6885,,,1,68,,6891,,,1
400001601,'2',549,,6907,,,1,68,,6924,,,1,27,,6898,,,1,67,,6916,,,1,27,,6908,,,1,68,,6925,,,1,28,,6899,,,1,68,,6917,,,1,28,,6909,,,1,26,,6926,,,1,63,,6933,,,1,23,,6900,,,1,62,,6918,,,1,23,,6910,,,1,23,,6927,,,1,64,,6934,,,1,23,,6901,,,1,63,,6919,,,1,24,,6911,,,1,23,,6928,,,1,64,,6935,,,1,23,,6902,,,1,23,,6920,,,1,64,,6912,,,1,23,,6929,,,1,64,,6936,,,1,23,,6903,,,1,23,,6921,,,1,64,,6913,,,1,23,,6930,,,1,63,,6937,,,1,23,,6904,,,1,24,,6922,,,1,62,,6914,,,1,22,,6931,,,1,23,,6938,,,1,62,,6905,,,1,23,,6923,,,1,62,,6915,,,1,35,,6932,,,1,75,,6906,,,1
400001601,'3',659,,6947,,,1,67,,6963,,,1,27,,6939,,,1,66,,6955,,,1,28,,6948,,,1,69,,6964,,,1,28,,6940,,,1,68,,6956,,,1,29,,6949,,,1,68,,6965,,,1,29,,6941,,,1,69,,6957,,,1,29,,6950,,,1,70,,6966,,,1,29,,6942,,,1,69,,6958,,,1,29,,6951,,,1,70,,6967,,,1,29,,6943,,,1,69,,6959,,,1,29,,6952,,,1,70,,6968,,,1,29,,6944,,,1,29,,6960,,,1,69,,6953,,,1,29,,6969,,,1,68,,6945,,,1,28,,6961,,,1,67,,6954,,,1,27,,6970,,,1,74,,6946,,,1,35,,6962,,,1
