'1',1200,54200,,'',1,6800,,'',1,2900,,'',1,6200,,'',1,2300,,'',1,2300,,'',1,6100,,'',1,2300,,'',1,2600,,'',1,7000,,'',1,3100,,'',1,7000,,'',1,3100,,'',1,7000,,'',1,7100,,'',1,3000,,'',1,7100,,'',1,3200,,'',1,7100,,'',1,3100,,'',1,7100,,'',1,2500,,'',1,2600,,'',1,6600,,'',1,2500,,'',1,6800,,'',1,3100,,'',1,7100,,'',1,3100,,'',1,7100,,'',1,3000,,'',1,6900,,'',1,2800,,'',1,6800,,'',1
'1',1201,60500,4,'',1,3200,4,'',1,7200,4,'',1,3000,4,'',1,6500,4,'',1,2300,4,'',1,2300,4,'',1,6000,4,'',1,2200,4,'',1,2400,4,'',1,7000,4,'',1,3100,4,'',1,7000,4,'',1,3100,4,'',1,7000,4,'',1,3100,4,'',1,7100,4,'',1,7200,4,'',1,3100,4,'',1,7100,4,'',1,2500,4,'',1,2600,4,'',1,6600,4,'',1,2500,4,'',1,6200,4,'',1,2100,4,'',1,2400,4,'',1,6300,4,'',1,3000,4,'',1,7000,4,'',1,2900,4,'',1,6900,4,'',1,3000,4,'',1,6900,4,'',1,2800,4,'',1
'2merged62066',1200,60300,,'',1,2800,,'',1,2800,,'',1,6700,,'',1,2800,,'',1,6900,,'',1,2800,,'',1,6900,,'',1,2800,,'',1,6900,,'',1,2900,,'',1,6900,,'',1,2900,,'',1,7000,,'',1,2900,,'',1,7000,,'',1,3000,,'',1,7000,,'',1,3000,,'',1,7000,,'',1,3000,,'',1,7000,,'',1,3000,,'',1,7000,,'',1,3000,,'',1,10000,,'',1
'2merged62066',1201,62900,4,'',1,2800,4,'',1,6700,4,'',1,2800,4,'',1,6900,4,'',1,2800,4,'',1,6900,4,'',1,2800,4,'',1,6900,4,'',1,2800,4,'',1,6900,4,'',1,3000,4,'',1,6900,4,'',1,3000,4,'',1,7000,4,'',1,3000,4,'',1,7000,4,'',1,3000,4,'',1,7000,4,'',1,3000,4,'',1,7000,4,'',1,3000,4,'',1,7000,4,'',1,3000,4,'',1,7000,4,'',1,2900,4,'',1,9500,4,'',1
'3merged62065',1200,111400,,'',1,2900,,'',1,7000,,'',1,3000,,'',1,7000,,'',1,3000,,'',1,7000,,'',1,3000,,'',1,7000,,'',1,3000,,'',1,7000,,'',1,3000,,'',1,7000,,'',1,3000,,'',1,6900,,'',1
'3merged62065',1201,114100,4,'',1,7000,4,'',1,3000,4,'',1,7000,4,'',1,3000,4,'',1,7000,4,'',1,3000,4,'',1,7000,4,'',1,3000,4,'',1,7000,4,'',1,3000,4,'',1,7000,4,'',1,3000,4,'',1,6900,4,'',1,3100,4,'',1
'1',2300,55200,,'',1,6400,,'',1,2400,,'',1,6500,,'',1,1400,,'',1,1400,,'',1,1500,,'',1,5500,,'',1,1600,,'',1,1700,,'',1,7100,,'',1,2900,,'',1,6900,,'',1,3000,,'',1,6900,,'',1,3000,,'',1,6900,,'',1,3000,,'',1,6900,,'',1,3000,,'',1,7100,,'',1,3200,,'',1,7000,,'',1,1800,,'',1,1800,,'',1,5900,,'',1,1900,,'',1,2000,,'',1,1800,,'',1,6000,,'',1,1500,,'',1,1500,,'',1,5400,,'',1,2600,,'',1,2800,,'',1,6500,,'',1,2500,,'',1,6500,,'',1,2500,,'',1,8700,,'',1
'1',2301,61400,4,'',1,2400,4,'',1,6500,4,'',1,1400,4,'',1,1400,4,'',1,1500,4,'',1,5500,4,'',1,1600,4,'',1,1700,4,'',1,6900,4,'',1,3100,4,'',1,6900,4,'',1,2900,4,'',1,7000,4,'',1,3000,4,'',1,6900,4,'',1,3000,4,'',1,6900,4,'',1,3000,4,'',1,7000,4,'',1,3200,4,'',1,7100,4,'',1,3500,4,'',1,7500,4,'',1,2400,4,'',1,1800,4,'',1,5800,4,'',1,1500,4,'',1,1600,4,'',1,1500,4,'',1,6500,4,'',1,2700,4,'',1,6600,4,'',1,2600,4,'',1,6500,4,'',1,2500,4,'',1,8700,4,'',1
'2merged62066',2300,61800,,'',1,9400,,'',1,9600,,'',1,9700,,'',1,9700,,'',1,9800,,'',1,5900,,'',1,10000,,'',1,10000,,'',1,10000,,'',1,10000,,'',1,10000,,'',1,10000,,'',1,9200,,'',1,9000,,'',1,8900,,'',1,8900,,'',1,9000,,'',1,4900,,'',1
'2merged62066',2301,61600,4,'',1,9400,4,'',1,9600,4,'',1,9700,4,'',1,9700,4,'',1,5700,4,'',1,10000,4,'',1,10000,4,'',1,10100,4,'',1,9900,4,'',1,10000,4,'',1,10000,4,'',1,10000,4,'',1,9100,4,'',1,9100,4,'',1,8900,4,'',1,8900,4,'',1,9000,4,'',1,4900,4,'',1
'1',2600,53300,,'',1,8400,,'',1,8400,,'',1,4400,,'',1,8400,,'',1,8400,,'',1,4400,,'',1,8400,,'',1,8500,,'',1,8500,,'',1,4500,,'',1,8500,,'',1,8500,,'',1,8500,,'',1,4500,,'',1,8500,,'',1,8500,,'',1,8300,0,'Portage & Tylehurst',1
'1',2601,61400,4,'',1,4400,4,'',1,8400,4,'',1,8400,4,'',1,8400,4,'',1,4400,4,'',1,8400,4,'',1,8500,4,'',1,8500,4,'',1,4500,4,'',1,8500,4,'',1,8500,4,'',1,8500,4,'',1,4500,4,'',1,8500,4,'',1,8500,4,'',1,8400,4,'',1,4200,4,'',1
'2merged62066',2600,74500,,'',1,8400,,'',1,8400,,'',1,4400,,'',1,8400,,'',1,8500,,'',1,8500,,'',1,4500,,'',1,8500,,'',1,8500,,'',1,8500,,'',1,4500,,'',1,8500,,'',1,8500,,'',1,8300,0,'Portage & Tylehurst',1
'2merged62066',2601,82600,4,'',1,8400,4,'',1,4400,4,'',1,8400,4,'',1,8500,4,'',1,8500,4,'',1,4500,4,'',1,8500,4,'',1,8500,4,'',1,8500,4,'',1,4500,4,'',1,8500,4,'',1,8500,4,'',1,8400,4,'',1,4200,4,'',1
