55200,'1_merged_67006',543,,32691,27,,,1,69,,32703,27,,,1,29,,32692,27,,,1,70,,32704,27,,,1,30,,32693,27,,,1,71,,32705,27,,,1,31,,32694,27,,,1,71,,32706,27,,,1,30,,32695,27,,,1,71,,32707,27,,,1,30,,32696,27,,,1,71,,22398,27,,,1,30,,32697,27,,,1,71,,32708,27,,,1,30,,32698,27,,,1,71,,32709,27,,,1,30,,22388,27,,,1,71,,32710,27,,,1,32,,32699,27,,,1
55201,'1_merged_67006',1521,,32734,46,,,1,32,,32723,46,,,1,73,,32735,46,,,1,32,,32724,46,,,1,72,,32736,46,,,1,71,,32725,46,,,1,30,,32737,46,,,1,71,,32726,46,,,1
67600,'1_merged_67006',542,,33318,18,,,1,67,,33305,66,,,1,30,,33314,66,,,1,71,,33308,66,,,1,31,,33319,66,,,1,71,,33324,66,,,1,31,,33315,66,,,1,71,,33309,66,,,1,31,,23132,66,,,1,70,,33325,66,,,1,29,,33316,66,,,1,69,,33310,66,,,1,30,,33320,66,,,1,70,,33326,66,,,1,29,,23126,66,,,1,69,,33311,66,,,1,30,,33321,66,,,1,70,,33327,66,,,1,31,,33317,66,,,1,72,,33312,66,,,1,32,,33322,66,,,1,56,,23116,18,,,1,16,,33328,54,,,1,17,,33307,18,,,1,16,,23128,54,,,1,56,,33306,18,,,1,17,,33313,54,,,1,33,,33323,54,,,1,73,,33329,54,,,1,70,,23129,54,,,1
67600,'2_merged_67008',718,,33335,54,,,1,97,,33330,54,,,1,98,,33336,54,,,1,98,,33331,54,,,1,99,,33337,54,,,1,98,,33332,54,,,1,99,,33338,54,,,1,99,,33333,54,,,1,99,,33339,54,,,1,99,,33334,54,,,1,99,,33340,54,,,1,99,,23148,54,,,1,98,,23155,54,,,1
67600,'3_merged_67007',815,,33344,54,,,1,98,,33341,54,,,1,98,,33345,54,,,1,99,,33342,54,,,1,98,,33346,54,,,1,99,,33343,54,,,1,99,,33347,54,,,1,99,,23159,54,,,1,99,,33348,54,,,1,99,,23160,54,,,1,99,,33349,54,,,1,98,,23161,54,,,1
600000600,'1_merged_67006',1354,,36916,1,,,1,55,,36913,1,,,1,13,,36930,1,,,1,11,,36882,1,,,1,12,,27426,1,,,1,11,,36933,1,,,1,51,,27443,1,,,1,11,,36908,1,,,1,11,,36932,1,,,1,12,,36926,1,,,1,11,,36896,1,,,1,52,,27482,1,,,1,12,,36917,1,,,1,12,,27456,1,,,1,12,,36931,1,,,1,12,,27421,1,,,1,53,,36887,1,,,1,12,,36934,1,,,1,12,,36903,1,,,1,13,,36909,1,,,1,16,,36927,1,,,1,59,,36941,1,,,1,20,,36918,1,,,1,21,,36935,1,,,1,60,,36888,1,,,1,19,,36939,1,,,1,20,,27473,1,,,1,59,,36942,1,,,1,19,,36919,1,,,1,67,,36936,1,,,1,28,,27488,1,,,1,28,,36928,1,,,1,67,,36920,1,,,1,27,,36937,1,,,1,67,,36940,1,,,1,27,,27475,1,,,1,67,,36944,1,,,1,25,,36938,1,,,1,67,,27490,1,,,1
600000600,'2_merged_67008',1413,,36964,1,,,1,21,,36948,1,,,1,21,,36977,1,,,1,61,,27528,1,,,1,21,,36985,1,,,1,21,,36958,1,,,1,62,,36965,1,,,1,21,,36949,1,,,1,61,,36978,1,,,1,21,,27529,1,,,1,21,,36986,1,,,1,60,,36959,1,,,1,22,,36966,1,,,1,20,,36950,1,,,1,60,,36979,1,,,1,20,,27530,1,,,1,20,,36987,1,,,1,60,,36960,1,,,1,20,,36967,1,,,1,20,,36951,1,,,1,68,,36980,1,,,1,29,,36988,1,,,1,70,,36961,1,,,1,29,,36952,1,,,1,68,,36981,1,,,1,28,,36989,1,,,1,69,,36962,1,,,1,29,,36953,1,,,1,68,,36982,1,,,1
600000600,'3_merged_67007',1400,,37015,1,,,1,25,,37009,1,,,1,25,,36993,1,,,1,65,,37021,1,,,1,26,,37002,1,,,1,66,,37016,1,,,1,25,,37010,1,,,1,25,,36994,1,,,1,65,,37022,1,,,1,26,,27564,1,,,1,65,,37017,1,,,1,26,,37011,1,,,1,78,,36995,1,,,1,39,,37003,1,,,1,80,,37012,1,,,1,79,,36996,1,,,1,38,,37004,1,,,1,80,,27576,1,,,1,78,,27557,1,,,1,38,,37005,1,,,1
600000601,'1_merged_67006',1349,,37054,58,4,,1,55,,37051,58,4,,1,16,,27590,58,4,,1,17,,37028,58,4,,1,15,,37042,58,4,,1,55,,37046,58,4,,1,14,,37070,58,4,,1,14,,37063,58,4,,1,12,,37034,58,4,,1,12,,27651,58,4,,1,52,,37055,58,4,,1,11,,27626,58,4,,1,12,,37069,58,4,,1,13,,27591,58,4,,1,12,,27598,58,4,,1,52,,37071,58,4,,1,12,,27615,58,4,,1,11,,37047,58,4,,1,10,,37078,58,4,,1,10,,37064,58,4,,1,51,,37079,58,4,,1,11,,37035,58,4,,1,11,,37056,58,4,,1,11,,27627,58,4,,1,10,,37072,58,4,,1,52,,27592,58,4,,1,14,,27599,58,4,,1,18,,37076,58,4,,1,19,,37065,58,4,,1,58,,37080,58,4,,1,18,,37057,58,4,,1,19,,37073,58,4,,1,59,,27600,58,4,,1,20,,27657,58,4,,1,27,,27644,58,4,,1,68,,37058,58,4,,1,27,,37074,58,4,,1,67,,37077,58,4,,1,27,,37066,58,4,,1,67,,27664,58,4,,1,25,,37075,58,4,,1,67,,27659,58,4,,1,28,,37067,58,4,,1,28,,27665,58,4,,1
600000601,'2_merged_67008',1408,,37102,58,4,,1,20,,27670,58,4,,1,21,,37115,58,4,,1,62,,37110,58,4,,1,21,,37123,58,4,,1,21,,37094,58,4,,1,62,,37103,58,4,,1,21,,37086,58,4,,1,21,,37116,58,4,,1,61,,27699,58,4,,1,21,,37124,58,4,,1,20,,37095,58,4,,1,62,,37104,58,4,,1,20,,37087,58,4,,1,60,,37117,58,4,,1,20,,27700,58,4,,1,19,,37125,58,4,,1,60,,37096,58,4,,1,20,,37105,58,4,,1,20,,37088,58,4,,1,19,,37118,58,4,,1,60,,27701,58,4,,1,20,,37126,58,4,,1,69,,37097,58,4,,1,29,,37089,58,4,,1,68,,37119,58,4,,1,29,,37127,58,4,,1,68,,37098,58,4,,1,29,,37090,58,4,,1,69,,37120,58,4,,1,30,,37128,58,4,,1,70,,37099,58,4,,1
600000601,'3_merged_67007',1355,,37153,58,4,,1,65,,37147,58,4,,1,25,,37132,58,4,,1,65,,37158,58,4,,1,26,,37141,58,4,,1,66,,37154,58,4,,1,25,,37148,58,4,,1,25,,37133,58,4,,1,65,,37159,58,4,,1,26,,37142,58,4,,1,65,,37155,58,4,,1,24,,37149,58,4,,1,24,,37134,58,4,,1,65,,37160,58,4,,1,24,,27735,58,4,,1,64,,27752,58,4,,1,23,,37150,58,4,,1,78,,37135,58,4,,1,38,,37143,58,4,,1,80,,27745,58,4,,1,78,,37136,58,4,,1,38,,37144,58,4,,1,78,,27746,58,4,,1
