22400,'1',549,,2086,,,1,69,,2095,,,1,28,,2104,,,1,69,,2087,,,1,30,,2096,,,1,70,,2105,,,1,30,,2088,,,1,70,,2097,,,1,30,,2106,,,1,69,,2089,,,1,29,,2098,,,1,69,,2107,,,1,29,,2090,,,1,69,,2099,,,1,29,,2108,,,1,69,,2091,,,1,29,,2100,,,1,69,,2109,,,1,15,,2085,0,5 6,1,15,,2092,,,1,15,,2080,0,5 6,1,55,,2101,,,1,16,,2083,0,5 6,1,15,,2110,,,1,16,,2082,0,5 6,1,56,,2093,,,1,16,,2114,0,5 6,1,16,,2102,,,1,15,,2084,0,5 6,1,55,,2111,,,1,16,,2081,0,5 6,1,16,,2094,,,1,16,,2079,0,5 6,1,56,,2103,,,1,31,,2112,,,1
22400,'2',641,,2115,,,1,81,,2124,,,1,81,,2116,,,1,41,,2125,,,1,81,,2117,,,1,82,,2126,,,1,42,,2118,,,1,84,,2127,,,1,83,,2119,,,1,84,,2128,,,1,43,,2120,,,1,84,,2129,,,1,83,,2121,,,1,44,,2130,,,1,83,,2122,,,1,84,,2131,,,1,83,,2123,,,1,44,,2132,,,1
22401,'1',529,,2158,,,1,28,,2168,,,1,69,,2177,,,1,15,,2153,,,1,14,,2159,,,1,55,,2155,,,1,15,,2169,,,1,15,,2152,,,1,15,,2178,,,1,55,,2156,,,1,15,,2160,,,1,15,,2154,,,1,15,,2170,,,1,55,,2157,,,1,15,,2179,,,1,28,,2161,,,1,69,,2171,,,1,29,,2180,,,1,69,,2162,,,1,29,,2172,,,1,69,,2181,,,1,29,,2163,,,1,69,,2173,,,1,30,,2182,,,1,70,,2164,,,1,30,,2174,,,1,71,,2183,,,1,32,,2165,,,1,71,,2175,,,1,31,,2184,,,1,72,,2166,,,1,32,,2176,,,1,70,,2185,,,1,30,,2167,,,1
22401,'2',701,,2195,,,1,41,,2186,,,1,81,,2196,,,1,81,,2187,,,1,42,,2197,,,1,82,,2188,,,1,83,,2198,,,1,44,,2189,,,1,84,,2199,,,1,83,,2190,,,1,84,,2200,,,1,43,,2191,,,1,84,,2201,,,1,83,,2192,,,1,84,,2202,,,1,43,,2193,,,1,84,,2203,,,1,82,,2194,,,1
400001201,'1',540,,5799,,,1,60,,5796,,,1,22,,5842,,,1,23,,5800,,,1,61,,5797,,,1,21,,5801,,,1,20,,5841,,,1,58,,5809,,,1,18,,5798,,,1,18,,5802,,,1,18,,5817,,,1,57,,5810,,,1,17,,5824,,,1,18,,5803,,,1,56,,5818,,,1,18,,5811,,,1,17,,5825,,,1,17,,5804,,,1,57,,5819,,,1,17,,5812,,,1,17,,5826,,,1,57,,5805,,,1,17,,5820,,,1,17,,5813,,,1,17,,5827,,,1,57,,5806,,,1,17,,5821,,,1,17,,5814,,,1,57,,5828,,,1,18,,5807,,,1,18,,5822,,,1,59,,5815,,,1,19,,5829,,,1,18,,5808,,,1,13,,5853,,,1,51,,5823,,,1,12,,5832,,,1,11,,5816,,,1,11,,5847,,,1,11,,5830,,,1,11,,5843,,,1,50,,5794,,,1,11,,5840,,,1,10,,5831,,,1,11,,5849,,,1,11,,5833,,,1,51,,5848,,,1,13,,5844,,,1,15,,5795,,,1,16,,5850,,,1,61,,5834,,,1,23,,5851,,,1,22,,5854,,,1,61,,5835,,,1,21,,5852,,,1,21,,5855,,,1,61,,5836,,,1,30,,5845,,,1,70,,5837,,,1,31,,5846,,,1,71,,5838,,,1,102,,5839,,,1
400001201,'2',612,,5875,,,1,26,,5856,,,1,66,,5876,,,1,26,,5857,,,1,26,,5877,,,1,66,,5858,,,1,27,,5878,,,1,66,,5859,,,1,28,,5879,,,1,67,,5860,,,1,28,,5880,,,1,70,,5861,,,1,28,,5881,,,1,69,,5862,,,1,29,,5882,,,1,70,,5863,,,1,29,,5883,,,1,70,,5864,,,1,29,,5884,,,1,70,,5865,,,1,29,,5885,,,1,70,,5866,,,1,29,,5886,,,1,70,,5867,,,1,29,,5887,,,1,30,,5868,,,1,69,,5888,,,1,28,,5869,,,1,69,,5889,,,1,28,,5870,,,1,67,,5890,,,1,28,,5871,,,1,66,,5891,,,1,27,,5872,,,1,67,,5892,,,1,27,,5873,,,1,66,,5893,,,1,25,,5874,,,1,26,,5894,,,1
400001201,'3',704,,5912,,,1,26,,5895,,,1,26,,5913,,,1,66,,5896,,,1,27,,5914,,,1,66,,5897,,,1,28,,5915,,,1,67,,5898,,,1,28,,5916,,,1,70,,5899,,,1,28,,5917,,,1,69,,5900,,,1,29,,5918,,,1,70,,5901,,,1,29,,5919,,,1,70,,5902,,,1,29,,5920,,,1,70,,5903,,,1,29,,5921,,,1,70,,5904,,,1,29,,5922,,,1,70,,5905,,,1,29,,5923,,,1,30,,5906,,,1,69,,5924,,,1,28,,5907,,,1,69,,5925,,,1,28,,5908,,,1,67,,5926,,,1,28,,5909,,,1,66,,5927,,,1,27,,5910,,,1,67,,5928,,,1,27,,5911,,,1
400001301,'1',530,,6070,,,1,20,,6073,,,1,61,,6065,,,1,22,,6071,,,1,23,,6074,,,1,63,,6075,,,1,18,,6072,,,1,19,,6101,,,1,59,,6089,,,1,18,,6082,,,1,18,,6076,,,1,57,,6102,,,1,17,,6090,,,1,17,,6083,,,1,17,,6077,,,1,57,,6103,,,1,18,,6091,,,1,17,,6084,,,1,57,,6078,,,1,17,,6104,,,1,17,,6092,,,1,17,,6085,,,1,57,,6079,,,1,17,,6105,,,1,17,,6093,,,1,57,,6086,,,1,17,,6080,,,1,17,,6106,,,1,17,,6094,,,1,57,,6087,,,1,18,,6081,,,1,19,,6107,,,1,59,,6095,,,1,18,,6088,,,1,16,,6063,,,1,12,,6069,,,1,51,,6118,,,1,12,,6108,,,1,11,,6122,,,1,11,,6096,,,1,11,,6116,,,1,50,,6066,,,1,11,,6064,,,1,10,,6120,,,1,11,,6119,,,1,11,,6068,,,1,11,,6067,,,1,52,,6121,,,1,14,,6117,,,1,15,,6123,,,1,18,,6113,,,1,61,,6109,,,1,22,,6097,,,1,63,,6114,,,1,21,,6110,,,1,21,,6098,,,1,62,,6115,,,1,26,,6111,,,1,70,,6124,,,1,31,,6112,,,1,71,,6125,,,1,45,,6099,,,1,100,,6100,,,1
400001301,'2',625,,6145,,,1,25,,6126,,,1,66,,6146,,,1,27,,6127,,,1,66,,6147,,,1,27,,6128,,,1,67,,6148,,,1,27,,6129,,,1,27,,6149,,,1,68,,6130,,,1,28,,6150,,,1,69,,6131,,,1,28,,6151,,,1,70,,6132,,,1,29,,6152,,,1,70,,6133,,,1,29,,6153,,,1,70,,6134,,,1,29,,6154,,,1,70,,6135,,,1,29,,6155,,,1,70,,6136,,,1,29,,6156,,,1,70,,6137,,,1,29,,6157,,,1,70,,6138,,,1,28,,6158,,,1,68,,6139,,,1,27,,6159,,,1,68,,6140,,,1,28,,6160,,,1,67,,6141,,,1,28,,6161,,,1,26,,6142,,,1,67,,6162,,,1,26,,6143,,,1,66,,6163,,,1,26,,6144,,,1,64,,6164,,,1
400001301,'3',650,,6182,,,1,66,,6165,,,1,27,,6183,,,1,66,,6166,,,1,27,,6184,,,1,67,,6167,,,1,27,,6185,,,1,27,,6168,,,1,68,,6186,,,1,28,,6169,,,1,69,,6187,,,1,28,,6170,,,1,70,,6188,,,1,29,,6171,,,1,70,,6189,,,1,29,,6172,,,1,70,,6190,,,1,29,,6173,,,1,70,,6191,,,1,29,,6174,,,1,70,,6192,,,1,29,,6175,,,1,70,,6193,,,1,29,,6176,,,1,70,,6194,,,1,28,,6177,,,1,68,,6195,,,1,27,,6178,,,1,68,,6196,,,1,28,,6179,,,1,67,,6197,,,1,28,,6180,,,1,26,,6198,,,1,67,,6181,,,1,26,,6199,,,1
