'15072-special',1900,75740,0,'Logan',1
'15074-special',1900,94540,0,'Logan',1
'15076-special',1900,113640,0,'Logan',1
'15078-special',1900,133240,0,'Logan',1
'15080-special',1900,152840,0,'Logan',1
'15082-special',1900,172340,0,'Logan',1
'15084-special',1900,192830,0,'Logan',1
'15088-special',1900,225430,0,'Logan',1
'15093-special',1900,70340,0,'Logan',1
'15095-special',1900,85040,0,'Logan',1
'15097-special',1900,104040,0,'Logan',1
'15099-special',1900,123440,0,'Logan',1
'15101-special',1900,143040,0,'Logan',1
'15103-special',1900,162640,0,'Logan',1
'15105-special',1900,181840,0,'Logan',1
'15109-special',1900,214630,0,'Logan',1
'15130-special',1900,203830,0,'Logan',1
'15134-special',1900,240030,0,'Logan',1
'1merged62061',1900,52350,0,'Logan',1,2600,0,'Logan',1,6600,0,'Logan',1,2390,0,'Logan',1,1900,0,'Logan',1,5900,0,'Logan',1,2010,0,'Logan',1,1800,0,'Logan',1,5800,0,'Logan',1,2200,0,'Logan',1,2100,0,'Logan',1,6100,0,'Logan',1,2190,0,'Logan',1,7500,0,'Logan',1,3910,0,'Logan',1,7900,0,'Logan',1,7900,0,'Logan',1,3990,0,'Logan',1,7910,0,'Logan',1,7790,0,'Logan',1,4010,0,'Logan',1,7590,0,'Logan',1,2010,0,'Logan',1,5890,0,'Logan',1,2000,0,'Logan',1,2200,0,'Logan',1,6410,0,'Logan',1,2790,0,'Logan',1,7500,0,'Logan',1,3510,0,'Logan',1,7790,0,'Logan',1,8710,0,'Logan',1,9090,0,'Logan',1,5000,0,'Logan',1,8910,0,'Logan',1,8900,0,'Logan',1,8890,0,'Logan',1,8900,0,'Logan',1,4600,0,'Logan',1
'2merged62062',1900,52440,0,'Logan',1,7800,0,'Logan',1,4000,0,'Logan',1,8100,0,'Logan',1,8200,0,'Logan',1,4300,0,'Logan',1,8400,0,'Logan',1,8400,0,'Logan',1,8400,0,'Logan',1,4400,0,'Logan',1,8600,0,'Logan',1,8600,0,'Logan',1,8600,0,'Logan',1,4600,0,'Logan',1,8600,0,'Logan',1,8600,0,'Logan',1,8700,0,'Logan',1,4700,0,'Logan',1,8790,0,'Logan',1,9300,0,'Logan',1,9300,0,'Logan',1,9100,0,'Logan',1,9100,0,'Logan',1,9100,0,'Logan',1,4900,0,'Logan',1,8900,0,'Logan',1,9000,0,'Logan',1
'3merged62063',1900,70340,0,'Logan',1,5400,0,'Logan',1,9300,0,'Logan',1,9500,0,'Logan',1,9500,0,'Logan',1,9600,0,'Logan',1,9800,0,'Logan',1,9800,0,'Logan',1,9800,0,'Logan',1,9800,0,'Logan',1,9800,0,'Logan',1,9700,0,'Logan',1,9500,0,'Logan',1,10990,0,'Logan',1,11000,0,'Logan',1,10800,0,'Logan',1,10800,0,'Logan',1,14600,0,'Logan',1
'1merged62061',3101,60100,,'',1,1300,,'',1,1300,,'',1,1300,,'',1,1300,,'',1,5300,,'',1,1300,,'',1,1300,,'',1,1300,,'',1,1300,,'',1,5300,,'',1,1300,,'',1,1300,,'',1
