22400,'1',551,,2086,,,1,69,,2095,,,1,28,,2104,,,1,69,,2087,,,1,30,,2096,,,1,70,,2105,,,1,30,,2088,,,1,70,,2097,,,1,30,,2106,,,1,69,,2089,,,1,29,,2098,,,1,69,,2107,,,1,29,,2090,,,1,69,,2099,,,1,29,,2108,,,1,69,,2091,,,1,29,,2100,,,1,69,,2109,,,1,15,,2085,0,5 6,1,15,,2092,,,1,15,,2080,0,5 6,1,55,,2101,,,1,16,,2083,0,5 6,1,15,,2110,,,1,16,,2082,0,5 6,1,56,,2093,,,1,16,,2114,0,5 6,1,16,,2102,,,1,15,,2084,0,5 6,1,55,,2111,,,1,16,,2081,0,5 6,1,16,,2094,,,1,56,,2079,0,5 6,1,16,,2103,,,1,31,,2112,,,1
22400,'2',643,,2115,,,1,81,,2124,,,1,81,,2116,,,1,41,,2125,,,1,81,,2117,,,1,82,,2126,,,1,42,,2118,,,1,84,,2127,,,1,83,,2119,,,1,84,,2128,,,1,43,,2120,,,1,84,,2129,,,1,83,,2121,,,1,44,,2130,,,1,83,,2122,,,1,84,,2131,,,1,83,,2123,,,1,44,,2132,,,1
22401,'1',531,,2158,,,1,28,,2168,,,1,69,,2177,,,1,15,,2153,,,1,14,,2159,,,1,55,,2155,,,1,15,,2169,,,1,15,,2152,,,1,15,,2178,,,1,55,,2156,,,1,15,,2160,,,1,15,,2154,,,1,15,,2170,,,1,55,,2157,,,1,15,,2179,,,1,28,,2161,,,1,69,,2171,,,1,29,,2180,,,1,69,,2162,,,1,29,,2172,,,1,69,,2181,,,1,29,,2163,,,1,69,,2173,,,1,30,,2182,,,1,70,,2164,,,1,30,,2174,,,1,71,,2183,,,1,32,,2165,,,1,71,,2175,,,1,31,,2184,,,1,72,,2166,,,1,32,,2176,,,1,70,,2185,,,1,30,,2167,,,1
22401,'2',703,,2195,,,1,41,,2186,,,1,81,,2196,,,1,81,,2187,,,1,42,,2197,,,1,82,,2188,,,1,83,,2198,,,1,44,,2189,,,1,84,,2199,,,1,83,,2190,,,1,84,,2200,,,1,43,,2191,,,1,84,,2201,,,1,83,,2192,,,1,84,,2202,,,1,43,,2193,,,1,84,,2203,,,1,82,,2194,,,1
400001200,'1',504,,5661,,,1,21,,5703,,,1,20,,5665,,,1,60,,5662,,,1,17,,5667,,,1,11,,5660,,,1,11,,5713,,,1,10,,5666,,,1,50,,5704,,,1,10,,5663,,,1,10,,5706,,,1,10,,5668,,,1,11,,5705,,,1,12,,5702,,,1,54,,5676,,,1,17,,5664,,,1,18,,5669,,,1,58,,5683,,,1,17,,5677,,,1,18,,5689,,,1,17,,5670,,,1,57,,5684,,,1,17,,5678,,,1,17,,5690,,,1,57,,5671,,,1,17,,5685,,,1,17,,5679,,,1,17,,5691,,,1,57,,5672,,,1,17,,5686,,,1,17,,5680,,,1,57,,5692,,,1,18,,5673,,,1,17,,5687,,,1,17,,5681,,,1,57,,5693,,,1,17,,5674,,,1,19,,5688,,,1,59,,5682,,,1,18,,5694,,,1,20,,5675,,,1,60,,5695,,,1,20,,5696,,,1,20,,5714,,,1,60,,5717,,,1,21,,5701,,,1,21,,5716,,,1,61,,5715,,,1,20,,5707,,,1,22,,5719,,,1,62,,5697,,,1,23,,5718,,,1,22,,5720,,,1,63,,5698,,,1,31,,5708,,,1,70,,5699,,,1,30,,5709,,,1,71,,5700,,,1,31,,5710,,,1,102,,5711,,,1,101,,5712,,,1
400001200,'2',552,,5721,,,1,66,,5741,,,1,26,,5722,,,1,66,,5742,,,1,26,,5723,,,1,66,,5743,,,1,26,,5724,,,1,27,,5744,,,1,67,,5725,,,1,27,,5745,,,1,68,,5726,,,1,28,,5746,,,1,69,,5727,,,1,28,,5747,,,1,69,,5728,,,1,29,,5748,,,1,70,,5729,,,1,29,,5749,,,1,70,,5730,,,1,29,,5750,,,1,70,,5731,,,1,29,,5751,,,1,70,,5732,,,1,29,,5752,,,1,70,,5733,,,1,29,,5753,,,1,70,,5734,,,1,29,,5754,,,1,68,,5735,,,1,29,,5755,,,1,28,,5736,,,1,67,,5756,,,1,28,,5737,,,1,66,,5757,,,1,27,,5738,,,1,67,,5758,,,1,27,,5739,,,1,66,,5759,,,1,25,,5740,,,1
400001200,'3',644,,5760,,,1,66,,5777,,,1,26,,5761,,,1,66,,5778,,,1,26,,5762,,,1,27,,5779,,,1,67,,5763,,,1,27,,5780,,,1,68,,5764,,,1,28,,5781,,,1,69,,5765,,,1,28,,5782,,,1,69,,5766,,,1,29,,5783,,,1,70,,5767,,,1,29,,5784,,,1,70,,5768,,,1,29,,5785,,,1,70,,5769,,,1,29,,5786,,,1,70,,5770,,,1,29,,5787,,,1,70,,5771,,,1,29,,5788,,,1,70,,5772,,,1,29,,5789,,,1,68,,5773,,,1,29,,5790,,,1,28,,5774,,,1,67,,5791,,,1,28,,5775,,,1,66,,5792,,,1,27,,5776,,,1,67,,5793,,,1
400001201,'1',541,,5799,4,,1,60,,5796,4,,1,22,,5842,4,,1,23,,5800,4,,1,61,,5797,4,,1,21,,5801,4,,1,20,,5841,4,,1,58,,5809,4,,1,18,,5798,4,,1,18,,5802,4,,1,58,,5817,4,,1,17,,5810,4,,1,17,,5824,4,,1,18,,5803,4,,1,56,,5818,4,,1,18,,5811,4,,1,17,,5825,4,,1,57,,5804,4,,1,17,,5819,4,,1,17,,5812,4,,1,17,,5826,4,,1,57,,5805,4,,1,17,,5820,4,,1,17,,5813,4,,1,17,,5827,4,,1,57,,5806,4,,1,17,,5821,4,,1,17,,5814,4,,1,57,,5828,4,,1,18,,5807,4,,1,18,,5822,4,,1,59,,5815,4,,1,19,,5829,4,,1,18,,5808,4,,1,13,,5853,4,,1,51,,5823,4,,1,12,,5832,4,,1,11,,5816,4,,1,11,,5847,4,,1,11,,5830,4,,1,11,,5843,4,,1,50,,5794,4,,1,11,,5840,4,,1,10,,5831,4,,1,11,,5849,4,,1,11,,5833,4,,1,51,,5848,4,,1,13,,5844,4,,1,15,,5795,4,,1,16,,5850,4,,1,61,,5834,4,,1,23,,5851,4,,1,22,,5854,4,,1,61,,5835,4,,1,21,,5852,4,,1,21,,5855,4,,1,61,,5836,4,,1,30,,5845,4,,1,70,,5837,4,,1,31,,5846,4,,1,71,,5838,4,,1,102,,5839,4,,1
400001201,'2',614,,5875,4,,1,26,,5856,4,,1,66,,5876,4,,1,26,,5857,4,,1,26,,5877,4,,1,66,,5858,4,,1,27,,5878,4,,1,66,,5859,4,,1,28,,5879,4,,1,67,,5860,4,,1,28,,5880,4,,1,70,,5861,4,,1,28,,5881,4,,1,69,,5862,4,,1,29,,5882,4,,1,70,,5863,4,,1,29,,5883,4,,1,70,,5864,4,,1,29,,5884,4,,1,70,,5865,4,,1,29,,5885,4,,1,70,,5866,4,,1,29,,5886,4,,1,70,,5867,4,,1,29,,5887,4,,1,70,,5868,4,,1,29,,5888,4,,1,28,,5869,4,,1,69,,5889,4,,1,28,,5870,4,,1,67,,5890,4,,1,28,,5871,4,,1,66,,5891,4,,1,27,,5872,4,,1,67,,5892,4,,1,27,,5873,4,,1,66,,5893,4,,1,25,,5874,4,,1,26,,5894,4,,1
400001201,'3',706,,5912,4,,1,26,,5895,4,,1,26,,5913,4,,1,66,,5896,4,,1,27,,5914,4,,1,66,,5897,4,,1,28,,5915,4,,1,67,,5898,4,,1,28,,5916,4,,1,70,,5899,4,,1,28,,5917,4,,1,69,,5900,4,,1,29,,5918,4,,1,70,,5901,4,,1,29,,5919,4,,1,70,,5902,4,,1,29,,5920,4,,1,70,,5903,4,,1,29,,5921,4,,1,70,,5904,4,,1,29,,5922,4,,1,70,,5905,4,,1,29,,5923,4,,1,70,,5906,4,,1,29,,5924,4,,1,28,,5907,4,,1,69,,5925,4,,1,28,,5908,4,,1,67,,5926,4,,1,28,,5909,4,,1,66,,5927,4,,1,27,,5910,4,,1,67,,5928,4,,1,27,,5911,4,,1
