4300,'1_merged_67006',537,,31193,29,,,1,64,,20636,56,,,1,26,,31178,56,,,1,26,,31168,56,,,1,67,,31194,56,,,1,27,,31186,56,,,1,67,,31179,56,,,1,27,,31169,56,,,1,67,,20646,56,,,1,27,,31187,56,,,1,66,,31180,56,,,1,25,,20619,56,,,1,25,,31195,56,,,1,65,,31188,56,,,1,25,,31181,56,,,1,65,,31170,56,,,1,25,,20648,56,,,1,25,,31189,56,,,1,65,,31182,56,,,1,26,,31171,56,,,1,65,,31196,56,,,1,25,,31190,56,,,1,66,,31183,56,,,1,28,,31172,56,,,1,28,,20650,56,,,1,69,,31191,56,,,1,28,,31184,56,,,1,68,,31173,56,,,1,28,,31197,56,,,1,68,,31192,56,,,1,26,,31185,56,,,1,65,,31174,56,,,1,31,,31198,56,,,1,73,,31166,56,,,1,33,,31175,56,,,1,73,,20653,56,,,1,32,,31167,56,,,1,73,,31176,56,,,1,88,,31199,56,,,1,88,,31177,56,,,1
4300,'2_merged_67008',628,,31200,56,,,1,72,,31221,56,,,1,32,,20668,56,,,1,72,,31201,56,,,1,32,,31222,56,,,1,72,,31212,56,,,1,33,,31202,56,,,1,73,,31223,56,,,1,32,,31213,56,,,1,73,,31203,56,,,1,33,,31224,56,,,1,74,,31214,56,,,1,74,,31204,56,,,1,33,,31225,56,,,1,74,,31215,56,,,1,34,,31205,56,,,1,73,,31226,56,,,1,34,,31216,56,,,1,74,,31206,56,,,1,33,,31227,56,,,1,74,,31217,56,,,1,74,,31207,56,,,1,33,,20686,56,,,1,73,,31218,56,,,1,33,,31208,56,,,1,73,,31228,56,,,1,32,,31219,56,,,1,73,,31209,56,,,1,33,,31229,56,,,1,73,,31220,56,,,1,88,,31210,56,,,1,88,,20678,56,,,1
4300,'3_merged_67007',735,,31240,56,,,1,88,,31230,56,,,1,88,,31241,56,,,1,90,,31231,56,,,1,48,,31242,56,,,1,89,,31232,56,,,1,90,,31243,56,,,1,91,,31233,56,,,1,90,,31244,56,,,1,91,,31234,56,,,1,50,,31245,56,,,1,91,,20694,56,,,1,90,,31246,56,,,1,91,,31235,56,,,1,89,,31247,56,,,1,90,,31236,56,,,1,47,,31248,56,,,1,89,,31237,56,,,1,89,,31249,56,,,1,88,,31238,56,,,1,88,,31250,56,,,1
33000,'1_merged_67006',533,,32172,12,,,1,24,,32187,22,,,1,65,,32180,22,,,1,24,,32193,22,,,1,66,,32173,22,,,1,26,,32188,22,,,1,66,,32181,22,,,1,26,,32194,22,,,1,26,,32174,22,,,1,66,,32189,22,,,1,26,,32182,22,,,1,66,,21822,22,,,1,26,,32175,22,,,1,66,,32190,22,,,1,25,,32183,22,,,1,26,,32195,22,,,1,66,,32176,22,,,1,26,,32191,22,,,1,65,,32184,22,,,1,26,,32196,22,,,1,66,,32177,22,,,1,26,,32192,22,,,1,69,,21811,22,,,1,29,,32197,22,,,1,29,,32178,22,,,1,68,,32199,22,,,1,29,,32185,22,,,1,69,,32198,22,,,1,29,,32179,22,,,1,68,,32200,22,,,1,26,,32186,22,,,1
33000,'2_merged_67008',618,,32201,22,,,1,91,,21837,22,,,1,45,,32202,22,,,1,91,,21838,22,,,1,86,,32203,22,,,1,91,,21839,22,,,1,89,,32204,22,,,1,91,,32209,22,,,1,51,,32205,22,,,1,91,,32210,22,,,1,91,,32206,22,,,1,91,,32211,22,,,1,91,,32207,22,,,1,91,,32212,22,,,1,51,,32208,22,,,1,91,,32213,22,,,1
33000,'3_merged_67007',732,,32214,22,0,25 3 26,1,99,,32220,22,0,25 3 26,1,101,,32215,22,0,25 3 26,1,101,,32221,22,0,25 3 26,1,101,,32216,22,0,25 3 26,1,101,,32222,22,0,25 3 26,1,102,,32217,22,0,25 3 26,1,101,,21854,22,0,25 3 26,1,102,,32218,22,0,25 3 26,1,101,,32223,22,0,25 3 26,1,102,,32219,22,0,25 3 26,1,101,,32224,22,0,25 3 26,1
44600,'1_merged_67006',546,,32612,15,,,1,71,,32623,15,,,1,33,,32613,15,,,1,73,,32624,15,,,1,35,,32614,15,,,1,75,,32625,15,,,1,75,,32615,15,,,1,34,,32626,15,,,1,74,,32616,15,,,1,33,,22295,15,,,1,74,,32617,15,,,1,33,,32627,15,,,1,74,,32618,15,,,1,74,,32628,15,,,1,34,,32619,15,,,1,75,,32629,15,,,1,35,,32620,15,,,1,75,,32630,15,,,1,77,,32621,15,,,1,37,,32631,15,,,1,77,,22289,15,,,1,36,,32632,15,,,1,74,,32622,15,,,1,32,,32611,15,,,1
400001000,'1_merged_67006',552,,34499,34,,,1,57,,34501,34,,,1,14,,34510,34,,,1,11,,34520,34,,,1,11,,34493,34,,,1,11,,34527,34,,,1,51,,34503,34,,,1,12,,34519,34,,,1,12,,34539,34,,,1,12,,34500,34,,,1,11,,34522,34,,,1,52,,34502,34,,,1,12,,24635,34,,,1,12,,34521,34,,,1,12,,34494,34,,,1,61,,34504,34,,,1,23,,24653,34,,,1,23,,34523,34,,,1,62,,34511,34,,,1,23,,24617,34,,,1,22,,34505,34,,,1,62,,34528,34,,,1,22,,34524,34,,,1,63,,34512,34,,,1,22,,34495,34,,,1,22,,34506,34,,,1,62,,34529,34,,,1,22,,34525,34,,,1,22,,34513,34,,,1,63,,34496,34,,,1,22,,34507,34,,,1,12,,34533,13,,,1,51,,34530,34,,,1,11,,24663,13,,,1,12,,34526,34,,,1,12,,24659,34,,,1,13,,34514,34,,,1,52,,24665,34,,,1,13,,24620,34,,,1,12,,34492,34,,,1,13,,34508,34,,,1,12,,34534,34,,,1,53,,24657,34,,,1,12,,34535,34,,,1,13,,24667,34,,,1,13,,34532,34,,,1,12,,34515,34,,,1,52,,34536,34,,,1,11,,34497,34,,,1,12,,34541,34,,,1,12,,34509,34,,,1,62,,34531,34,,,1,22,,24668,34,,,1,21,,34516,34,,,1,62,,34498,34,,,1,29,,34540,34,,,1,73,,34537,34,,,1,33,,34517,34,,,1,74,,34542,34,,,1,33,,24670,34,,,1,73,,34518,34,,,1,34,,24676,34,,,1,73,,34538,34,,,1
400001000,'2_merged_67008',631,,24677,34,,,1,69,,24695,34,,,1,28,,34552,34,,,1,26,,34567,34,,,1,65,,34543,34,,,1,25,,34559,34,,,1,66,,34553,34,,,1,26,,34568,34,,,1,65,,34544,34,,,1,22,,34576,34,,,1,22,,34560,34,,,1,62,,34554,34,,,1,22,,34569,34,,,1,22,,34545,34,,,1,62,,24716,34,,,1,23,,34561,34,,,1,22,,34555,34,,,1,62,,34570,34,,,1,22,,34546,34,,,1,62,,34577,34,,,1,23,,34562,34,,,1,23,,34556,34,,,1,62,,34571,34,,,1,22,,34547,34,,,1,22,,34578,34,,,1,63,,34563,34,,,1,23,,34557,34,,,1,62,,24710,34,,,1,22,,34548,34,,,1,22,,34579,34,,,1,62,,34564,34,,,1,23,,34558,34,,,1,22,,34572,34,,,1,62,,34549,34,,,1,22,,34580,34,,,1,64,,34565,34,,,1,33,,34573,34,,,1,74,,34550,34,,,1,34,,34566,34,,,1,73,,34574,34,,,1,33,,34551,34,,,1,74,,24704,34,,,1,33,,34575,34,,,1,73,,24687,34,,,1
400001000,'3_merged_67007',651,,34581,34,,,1,73,,34597,34,,,1,33,,34588,34,,,1,74,,24722,34,,,1,74,,34598,34,,,1,35,,34589,34,,,1,75,,24723,34,,,1,36,,34599,34,,,1,77,,24733,34,,,1,77,,24724,34,,,1,37,,34600,34,,,1,77,,34590,34,,,1,37,,34582,34,,,1,77,,24745,34,,,1,77,,34591,34,,,1,38,,34583,34,,,1,77,,34601,34,,,1,77,,34592,34,,,1,38,,34584,34,,,1,76,,34602,34,,,1,37,,34593,34,,,1,75,,34585,34,,,1,75,,34603,34,,,1,33,,34594,34,,,1,74,,34586,34,,,1,34,,34604,34,,,1,73,,34595,34,,,1,33,,34587,34,,,1,74,,34605,34,,,1,33,,34596,34,,,1
