2200,'1_merged_67024',552,,1,30,,,1,68,,10839,30,,,1,28,,10863,30,,,1,55,,10835,30,4,,1,15,,10840,30,,,1,14,,10838,30,4,,1,15,,10864,30,,,1,55,,10862,30,4,,1,16,,10841,30,,,1,15,,10837,30,4,,1,15,,10851,30,,,1,55,,10836,30,4,,1,16,,10842,30,,,1,30,,10852,30,,,1,71,,10843,30,,,1,31,,10853,30,,,1,71,,10844,30,,,1,31,,10854,30,,,1,72,,10845,30,,,1,31,,10855,30,,,1,72,,10846,30,,,1,31,,10856,30,,,1,72,,10847,30,,,1,72,,10857,30,,,1,32,,10848,30,,,1,72,,10858,30,,,1,32,,10849,30,,,1,72,,30,30,,,1,32,,17,30,,,1,72,,10859,30,,,1,31,,10850,30,,,1,69,,10860,30,,,1,29,,19,30,,,1,68,,33,30,,,1,28,,20,30,,,1,68,,34,30,,,1,28,,21,30,,,1,67,,10861,30,,,1,55,,36,30,,,1,95,,37,30,,,1
2200,'2_merged_67026',611,,10889,30,,,1,28,,10876,30,,,1,67,,10890,30,,,1,28,,55,30,,,1,67,,10891,30,,,1,28,,56,30,,,1,27,,10892,30,,,1,69,,10877,30,,,1,27,,10893,30,,,1,69,,10878,30,,,1,29,,10894,30,,,1,70,,10879,30,,,1,30,,10865,30,,,1,70,,10880,30,,,1,30,,10866,30,,,1,70,,10881,30,,,1,30,,10867,30,,,1,70,,10882,30,,,1,30,,10868,30,,,1,70,,10883,30,,,1,30,,10869,30,,,1,70,,64,30,,,1,30,,10870,30,,,1,70,,10884,30,,,1,30,,47,30,,,1,70,,10885,30,,,1,30,,48,30,,,1,69,,10886,30,,,1,28,,10871,30,,,1,69,,10887,30,,,1,28,,10872,30,,,1,68,,10888,30,,,1,28,,10873,30,,,1,95,,10874,30,,,1,95,,10875,30,,,1
2200,'3_merged_67025',644,,10895,30,,,1,95,,10896,30,,,1,95,,10897,30,,,1,96,,10898,30,,,1,97,,10899,30,,,1,98,,10900,30,,,1,30,,10911,30,,,1,70,,82,30,,,1,30,,10912,30,,,1,70,,10901,30,,,1,30,,10913,30,,,1,70,,10902,30,,,1,30,,10914,30,,,1,70,,10903,30,,,1,30,,10915,30,,,1,70,,10904,30,,,1,30,,10916,30,,,1,70,,10905,30,,,1,30,,10917,30,,,1,70,,10906,30,,,1,99,,10907,30,,,1,97,,10908,30,,,1,96,,10909,30,,,1,95,,10910,30,,,1
7000,'1_merged_67024',602,,11926,36,,,1,29,,11928,36,,,1,15,,11947,36,,,1,57,,1445,36,,,1,16,,11958,36,,,1,16,,11927,36,,,1,16,,11959,36,,,1,56,,11929,36,,,1,16,,11948,36,,,1,17,,11938,36,,,1,71,,11949,36,,,1,29,,11930,36,,,1,70,,11939,36,,,1,31,,11950,36,,,1,71,,11931,36,,,1,31,,11940,36,,,1,70,,11951,36,,,1,31,,1438,36,,,1,70,,11941,36,,,1,30,,11952,36,,,1,71,,11932,36,,,1,31,,11942,36,,,1,73,,11953,36,,,1,31,,11933,36,,,1,57,,1473,36,,,1,16,,11943,36,,,1,16,,11960,36,,,1,17,,11954,36,,,1,57,,11962,36,,,1,16,,11934,36,,,1,15,,1474,36,,,1,56,,11944,36,,,1,16,,11961,36,,,1,16,,11955,36,,,1,70,,11935,36,,,1,30,,11945,36,,,1,70,,11956,36,,,1,29,,11936,36,,,1,70,,1454,36,,,1,29,,1466,36,,,1,29,,11937,36,,,1,70,,11946,36,,,1,29,,11957,36,,,1
7000,'2_merged_67026',545,,1475,25,,,1,66,,11963,36,,,1,30,,11974,36,,,1,68,,1476,36,,,1,28,,11964,36,,,1,70,,1499,36,,,1,28,,1477,36,,,1,68,,11965,36,,,1,30,,11975,36,,,1,69,,1478,36,,,1,29,,11966,36,,,1,70,,11976,36,,,1,30,,1479,36,,,1,70,,11967,36,,,1,31,,11977,36,,,1,70,,1480,36,,,1,30,,1491,36,,,1,71,,11978,36,,,1,30,,1481,36,,,1,70,,11968,36,,,1,31,,11979,36,,,1,70,,1482,36,,,1,30,,11969,36,,,1,71,,11980,36,,,1,30,,1483,36,,,1,70,,11970,36,,,1,31,,11981,36,,,1,70,,1484,36,,,1,29,,11971,36,,,1,71,,11982,36,,,1,29,,1485,36,,,1,69,,11972,36,,,1,44,,1508,36,,,1,84,,11973,36,,,1
7000,'3_merged_67025',722,,11983,36,,,1,83,,1519,36,,,1,43,,11984,36,,,1,83,,1520,36,,,1,84,,11985,36,,,1,44,,1521,36,,,1,86,,1512,36,,,1,85,,1522,36,,,1,86,,1513,36,,,1,85,,1523,36,,,1,46,,1514,36,,,1,85,,1524,36,,,1,86,,1515,36,,,1,85,,1525,36,,,1,46,,1516,36,,,1,85,,1526,36,,,1,85,,1517,36,,,1,84,,1527,36,,,1,45,,1518,36,,,1,83,,1528,36,,,1
7400,'1_merged_67024',524,,12057,1,,,1,24,,12076,1,,,1,63,,12051,36,,,1,12,,12080,1,,,1,10,,12069,36,,,1,16,,12074,36,,,1,53,,12062,36,,,1,15,,12061,36,,,1,13,,12063,36,,,1,13,,12075,36,,,1,14,,1662,36,,,1,54,,12079,36,,,1,14,,12058,36,,,1,14,,1663,36,0,13 14,1,13,,12077,36,,,1,54,,1642,36,0,13 14,1,12,,12052,36,,,1,25,,1650,36,,,1,67,,12081,36,,,1,26,,12064,36,,,1,67,,12047,36,,,1,26,,12059,36,,,1,26,,12078,36,,,1,66,,12053,36,,,1,26,,12070,36,,,1,66,,12082,36,,,1,27,,12065,36,,,1,67,,12048,36,,,1,27,,12060,36,,,1,14,,12085,1,,,1,53,,12083,36,,,1,14,,12093,1,,,1,14,,12054,36,,,1,16,,12088,36,,,1,14,,12071,36,,,1,55,,12091,36,,,1,15,,12095,36,,,1,14,,12087,36,,,1,14,,12066,36,,,1,54,,12090,36,,,1,15,,12049,36,,,1,14,,1676,36,,,1,15,,12097,36,,,1,55,,12086,36,4,,1,14,,12084,36,,,1,14,,12094,36,4,,1,11,,12055,36,,,1,53,,12089,36,4,,1,14,,12072,36,,,1,13,,12092,36,4,,1,13,,1680,36,,,1,65,,12067,36,,,1,24,,12050,36,,,1,24,,12098,36,,,1,66,,12099,36,,,1,23,,12056,36,4,,1,64,,12073,36,4,,1,25,,12096,36,4,,1,23,,12068,36,4,,1
7400,'2_merged_67026',543,,12110,17,,,1,83,,12115,36,,,1,82,,12100,36,,,1,38,,12105,36,,,1,71,,12120,36,,,1,29,,12111,36,,,1,69,,12116,36,,,1,29,,12124,36,,,1,69,,12101,36,,,1,28,,12106,36,,,1,70,,12121,36,,,1,30,,12112,36,,,1,70,,1705,36,,,1,31,,12125,36,,,1,70,,1687,36,,,1,30,,12107,36,,,1,71,,12122,36,,,1,30,,1700,36,,,1,71,,12117,36,,,1,31,,12126,36,,,1,70,,12102,36,,,1,30,,1694,36,,,1,71,,12123,36,,,1,30,,12113,36,,,1,71,,12118,36,,,1,31,,12127,36,,,1,70,,12103,36,,,1,29,,12108,36,,,1,70,,1713,36,,,1,27,,12114,36,,,1,69,,12119,36,,,1,27,,12128,36,4,,1,68,,12104,36,4,,1,29,,12109,36,4,,1
7400,'3_merged_67025',739,,1724,36,,,1,81,,1733,36,,,1,84,,1719,36,,,1,44,,1729,36,,,1,83,,1725,36,,,1,84,,1734,36,,,1,85,,1720,36,,,1,46,,1730,36,,,1,85,,1726,36,,,1,86,,1735,36,,,1,86,,1721,36,,,1,46,,1731,36,,,1,85,,1727,36,,,1,86,,1736,36,,,1,86,,1722,36,,,1,46,,1732,36,,,1,84,,1728,36,,,1,84,,1737,36,,,1,83,,1723,36,,,1
22400,'1_merged_67024',540,,12416,1,,,1,68,,12390,27,,,1,29,,12398,27,,,1,69,,12407,27,,,1,29,,12391,27,,,1,70,,12399,27,,,1,30,,12408,27,,,1,70,,12392,27,,,1,30,,12400,27,,,1,70,,12409,27,,,1,29,,2089,27,,,1,69,,12401,27,,,1,29,,12410,27,,,1,69,,12393,27,,,1,29,,12402,27,,,1,29,,12411,27,,,1,69,,12394,27,,,1,29,,12403,27,,,1,69,,12412,27,,,1,15,,2085,27,4,,1,15,,12395,27,,,1,55,,12386,27,4,,1,15,,12404,27,,,1,16,,12388,27,4,,1,15,,12413,27,,,1,56,,2082,27,4,,1,16,,12396,27,,,1,16,,12417,27,4,,1,56,,12405,27,,,1,15,,12389,27,4,,1,15,,12414,27,,,1,16,,12387,27,4,,1,56,,12397,27,,,1,16,,12385,27,4,,1,16,,12406,27,,,1,70,,12415,27,,,1
22400,'2_merged_67026',659,,12418,27,,,1,81,,12426,27,,,1,81,,2116,27,,,1,81,,12427,27,,,1,42,,12419,27,,,1,82,,12428,27,,,1,82,,12420,27,,,1,44,,2127,27,,,1,83,,12421,27,,,1,84,,12429,27,,,1,83,,12422,27,,,1,44,,12430,27,,,1,83,,12423,27,,,1,84,,12431,27,,,1,43,,12424,27,,,1,84,,12432,27,,,1,83,,12425,27,,,1,83,,12433,27,,,1
22400,'3_merged_67025',728,,2133,1,,,1,76,,2134,1,,,1,36,,2135,1,,,1,76,,2136,1,,,1,36,,2137,1,,,1,77,,2138,1,,,1,78,,2139,1,,,1,40,,2140,1,,,1,80,,2141,1,,,1,80,,2142,1,,,1,40,,2143,1,,,1,80,,2144,1,,,1,80,,2145,1,,,1,40,,2146,1,,,1,80,,2147,1,,,1,80,,2148,1,,,1,40,,2149,1,,,1,80,,2150,1,,,1,79,,2151,1,,,1
68000,'1_merged_67024',554,,13799,27,,,1,70,,3939,27,,,1,31,,13800,27,,,1,74,,13789,27,,,1,73,,13801,27,,,1,34,,13790,27,,,1,73,,13802,27,,,1,32,,13791,27,,,1,72,,13803,27,,,1,31,,13792,27,,,1,71,,13804,27,,,1,31,,13793,27,,,1,71,,13805,27,,,1,31,,13794,27,,,1,71,,13806,27,,,1,31,,13795,27,,,1,71,,13807,27,,,1,33,,13796,27,,,1,75,,3960,27,,,1,76,,3948,27,,,1,36,,13808,27,,,1,76,,13797,27,,,1,36,,13809,27,,,1,74,,13798,27,,,1,29,,13810,27,,,1
2222201,'1_merged_67024',502,,14585,1,0,15 16 17,1,7,,14477,12,,,1,6,,14542,12,0,15 16 17,1,6,,14594,12,,,1,6,,4755,12,0,15 16 17,1,6,,14519,12,,,1,6,,14595,12,0,15 16 17,1,6,,14431,12,,,1,6,,4918,12,0,15 16 17,1,6,,14449,12,,,1,45,,14438,12,0,15 16 17,1,5,,14455,12,,,1,4,,14460,12,0,15 16 17,1,5,,14453,12,,,1,5,,14454,12,0,15 16 17,1,5,,4751,12,,,1,4,,4869,12,0,15 16 17,1,4,,14457,12,,,1,4,,4749,12,0,15 16 17,1,4,,14512,12,,,1,4,,14586,12,0,15 16 17,1,3,,14437,12,,,1,4,,14426,12,0,15 16 17,1,3,,4731,12,,,1,44,,14474,12,0,15 16 17,1,4,,14447,12,,,1,3,,14478,12,0,15 16 17,1,4,,4754,12,,,1,4,,14489,12,0,15 16 17,1,4,,14419,12,,,1,4,,14543,12,0,15 16 17,1,4,,4809,12,,,1,4,,14533,12,0,15 16 17,1,4,,4826,12,,,1,4,,14465,12,0,15 16 17,1,4,,14463,12,,,1,4,,14487,12,0,15 16 17,1,4,,14467,12,,,1,4,,14521,12,0,15 16 17,1,4,,14602,12,,,1,44,,14528,12,0,15 16 17,1,4,,4943,12,,,1,4,,4773,12,0,15 16 17,1,4,,4819,12,,,1,4,,14582,12,0,15 16 17,1,5,,14432,12,,,1,4,,14526,12,0,15 16 17,1,4,,14439,12,,,1,4,,14540,12,0,15 16 17,1,5,,4805,12,,,1,5,,14446,12,0,15 16 17,1,5,,14508,12,,,1,5,,14549,12,0,15 16 17,1,45,,14534,12,,,1,5,,14518,12,0,15 16 17,1,6,,14503,12,,,1,5,,14458,12,0,15 16 17,1,5,,14428,12,,,1,6,,14470,12,0,15 16 17,1,6,,14523,12,,,1,6,,14445,12,0,15 16 17,1,6,,14490,12,,,1,6,,14511,12,0,15 16 17,1,6,,14530,12,,,1,46,,14420,12,0,15 16 17,1,6,,14450,12,,,1,6,,14500,12,0,15 16 17,1,6,,4844,12,,,1,6,,4764,12,0,15 16 17,1,6,,4834,12,,,1,6,,14427,12,0,15 16 17,1,6,,14589,12,,,1,6,,14596,12,0,15 16 17,1,6,,14481,12,,,1,46,,14433,12,0,15 16 17,1,6,,14476,12,,,1,6,,4726,12,0,15 16 17,1,6,,14556,12,,,1,6,,14497,12,0,15 16 17,1,6,,4840,12,,,1,6,,14535,12,0,15 16 17,1,6,,14459,12,,,1,6,,14505,12,0,15 16 17,1,6,,14471,12,,,1,46,,14429,12,0,15 16 17,1,6,,4733,12,,,1,6,,14524,12,0,15 16 17,1,6,,14513,12,,,1,6,,4798,12,0,15 16 17,1,6,,14421,12,,,1,6,,4858,12,0,15 16 17,1,5,,4811,12,,,1,6,,4741,12,0,15 16 17,1,6,,4765,12,,,1,46,,4845,12,0,15 16 17,1,6,,14436,12,,,1,7,,14515,12,0,15 16 17,1,6,,14597,12,,,1,6,,4936,12,0,15 16 17,1,7,,14434,12,,,1,6,,4788,12,0,15 16 17,1,6,,14440,12,,,1,6,,14482,12,0,15 16 17,1,6,,14498,12,,,1,46,,4897,12,0,15 16 17,1,6,,4865,12,,,1,6,,4841,12,0,15 16 17,1,6,,14506,12,,,1,6,,4759,12,0,15 16 17,1,6,,14430,12,,,1,5,,14591,12,0,15 16 17,1,6,,14472,12,,,1,5,,4850,12,0,15 16 17,1,6,,4734,12,,,1,45,,14491,12,0,15 16 17,1,6,,4832,12,,,1,6,,14531,12,0,15 16 17,1,5,,14422,12,,,1,6,,14451,12,0,15 16 17,1,6,,4812,12,,,1,6,,4846,12,0,15 16 17,1,5,,4766,12,,,1,6,,14516,12,0,15 16 17,1,6,,14564,12,,,1,5,,14443,12,0,15 16 17,1,46,,14592,12,,,1,6,,14483,12,0,15 16 17,1,6,,14598,12,,,1,6,,4872,12,0,15 16 17,1,6,,14541,12,,,1,6,,14441,12,0,15 16 17,1,6,,14435,12,,,1,7,,4904,12,0,15 16 17,1,6,,14499,12,,,1,47,,14461,12,0,15 16 17,1,7,,14566,12,,,1,5,,4821,12,0,15 16 17,1,6,,14567,12,,,1,6,,14517,12,0,15 16 17,1,6,,4917,12,,,1,6,,14555,12,0,15 16 17,1,6,,4860,12,,,1,7,,4924,12,0,15 16 17,1,7,,14583,12,,,1,46,,4745,12,0,15 16 17,1,6,,14559,12,,,1,6,,14572,12,0,15 16 17,1,6,,14501,12,,,1,6,,14553,12,0,15 16 17,1,6,,14546,12,,,1,6,,14466,12,0,15 16 17,1,7,,14484,12,,,1,6,,14507,12,0,15 16 17,1,7,,4877,12,,,1,47,,14442,12,0,15 16 17,1,7,,4876,12,,,1,7,,14599,12,0,15 16 17,1,8,,14537,12,,,1,7,,14593,12,0,15 16 17,1,8,,14557,12,,,1,8,,4789,12,0,15 16 17,1,8,,14424,12,,,1,49,,14580,12,0,15 16 17,1,10,,14532,12,,,1,10,,4746,12,0,15 16 17,1,10,,14560,12,,,1,11,,14578,12,0,15 16 17,1,51,,14547,12,,,1,11,,14473,12,0,15 16 17,1,11,,14485,12,,,1,11,,14600,12,0,15 16 17,1,11,,14544,12,,,1,11,,14551,12,0,15 16 17,1,51,,14558,12,,,1,15,,14581,12,0,15 16 17,1,15,,4816,12,,,1,16,,14550,12,0,15 16 17,1,55,,14561,12,,,1,16,,4750,12,0,15 16 17,1,15,,4938,12,,,1,15,,14545,12,0,15 16 17,1,54,,14552,12,,,1,14,,4896,12,0,15 16 17,1,15,,14525,12,,,1,14,,14504,12,0,15 16 17,1,54,,14579,12,,,1,15,,14562,12,0,15 16 17,1
2222201,'2_merged_67026',531,,14624,1,,,1,13,,14603,12,0,15 16 17,1,13,,14611,12,,,1,54,,14616,12,0,15 16 17,1,13,,14642,12,,,1,14,,5003,12,0,15 16 17,1,14,,14658,12,,,1,53,,14630,12,0,15 16 17,1,13,,14636,12,,,1,14,,14651,12,0,15 16 17,1,15,,14625,12,,,1,55,,14604,12,0,15 16 17,1,15,,14612,12,,,1,15,,4966,12,0,15 16 17,1,15,,14643,12,,,1,54,,5004,12,0,15 16 17,1,14,,14659,12,,,1,13,,14631,12,0,15 16 17,1,13,,14637,12,,,1,13,,14652,12,0,15 16 17,1,52,,14666,12,,,1,11,,14605,12,0,15 16 17,1,12,,4976,12,,,1,11,,14669,12,0,15 16 17,1,11,,14613,12,,,1,52,,14617,12,0,15 16 17,1,10,,14644,12,,,1,11,,14647,12,0,15 16 17,1,11,,14673,12,,,1,11,,14632,12,0,15 16 17,1,10,,14660,12,,,1,50,,5036,12,0,15 16 17,1,10,,14638,12,,,1,10,,14653,12,0,15 16 17,1,10,,5026,12,,,1,10,,14606,12,0,15 16 17,1,10,,14681,12,,,1,50,,14670,12,0,15 16 17,1,10,,4977,12,,,1,10,,14618,12,0,15 16 17,1,10,,14614,12,,,1,11,,14648,12,0,15 16 17,1,11,,14645,12,,,1,51,,14633,12,0,15 16 17,1,10,,14674,12,,,1,10,,14676,12,0,15 16 17,1,10,,14661,12,,,1,10,,14654,12,0,15 16 17,1,10,,14639,12,,,1,51,,14607,12,0,15 16 17,1,10,,14667,12,,,1,10,,14671,12,0,15 16 17,1,10,,5043,12,,,1,10,,14619,12,0,15 16 17,1,50,,4978,12,,,1,10,,14649,12,0,15 16 17,1,11,,14615,12,,,1,11,,14634,12,0,15 16 17,1,10,,14646,12,,,1,10,,14677,12,0,15 16 17,1,50,,14675,12,,,1,11,,14655,12,0,15 16 17,1,10,,14662,12,,,1,11,,14608,12,0,15 16 17,1,10,,14640,12,,,1,10,,14672,12,0,15 16 17,1,51,,14668,12,,,1,11,,14620,12,0,15 16 17,1,13,,14682,12,,,1,15,,14626,12,0,15 16 17,1,15,,4988,12,,,1,57,,14678,12,0,15 16 17,1,16,,5014,12,,,1,17,,14609,12,0,15 16 17,1,56,,14663,12,,,1,16,,14641,12,0,15 16 17,1,16,,14621,12,,,1,15,,14683,12,0,15 16 17,1,55,,14627,12,,,1,15,,4989,12,0,15 16 17,1,16,,14679,12,,,1,16,,14656,12,0,15 16 17,1,55,,4958,12,,,1,15,,14664,12,0,15 16 17,1,15,,14684,12,,,1,15,,14622,12,0,15 16 17,1,55,,14686,12,,,1,16,,14628,12,0,15 16 17,1,15,,4990,12,,,1,14,,14680,12,0,15 16 17,1,53,,14657,12,,,1,14,,14610,12,0,15 16 17,1,15,,14665,12,,,1,14,,14685,12,0,15 16 17,1,54,,14623,12,,,1,15,,14687,12,0,15 16 17,1
2222201,'3_merged_67025',619,,14729,1,,,1,13,,14697,12,0,15 16 17,1,14,,5078,12,,,1,13,,14716,12,0,15 16 17,1,54,,5058,12,,,1,14,,14701,12,0,15 16 17,1,15,,5051,12,,,1,15,,14736,12,0,15 16 17,1,55,,14712,12,,,1,15,,14723,12,0,15 16 17,1,15,,14730,12,,,1,14,,5065,12,0,15 16 17,1,54,,5079,12,,,1,14,,5089,12,0,15 16 17,1,13,,14693,12,,,1,12,,14702,12,0,15 16 17,1,52,,14743,12,,,1,11,,14737,12,0,15 16 17,1,12,,14689,12,,,1,11,,14748,12,0,15 16 17,1,11,,14713,12,,,1,11,,14724,12,0,15 16 17,1,51,,14731,12,,,1,11,,5066,12,0,15 16 17,1,12,,14752,12,,,1,12,,5090,12,0,15 16 17,1,12,,5080,12,,,1,52,,14703,12,0,15 16 17,1,11,,14694,12,,,1,12,,14738,12,0,15 16 17,1,12,,14744,12,,,1,12,,14749,12,0,15 16 17,1,52,,5053,12,,,1,12,,14725,12,0,15 16 17,1,12,,14714,12,,,1,12,,14698,12,0,15 16 17,1,12,,14732,12,,,1,52,,14717,12,0,15 16 17,1,12,,14753,12,,,1,12,,14704,12,0,15 16 17,1,12,,14709,12,,,1,11,,14739,12,0,15 16 17,1,52,,5061,12,,,1,12,,14750,12,0,15 16 17,1,12,,14745,12,,,1,12,,14726,12,0,15 16 17,1,12,,14690,12,,,1,52,,14699,12,0,15 16 17,1,12,,14715,12,,,1,12,,14718,12,0,15 16 17,1,12,,14733,12,,,1,12,,14705,12,0,15 16 17,1,52,,14754,12,,,1,12,,14740,12,0,15 16 17,1,12,,14710,12,,,1,12,,14751,12,0,15 16 17,1,13,,14695,12,,,1,55,,14727,12,0,15 16 17,1,16,,14746,12,,,1,16,,14691,12,0,15 16 17,1,16,,14719,12,,,1,56,,14706,12,0,15 16 17,1,17,,14734,12,,,1,17,,14741,12,0,15 16 17,1,56,,5128,12,,,1,16,,14696,12,0,15 16 17,1,15,,14728,12,,,1,15,,14747,12,0,15 16 17,1,55,,5056,12,,,1,15,,14720,12,0,15 16 17,1,15,,14707,12,,,1,16,,14735,12,0,15 16 17,1,55,,14742,12,,,1,16,,5129,12,0,15 16 17,1,15,,14756,12,,,1,15,,5103,12,0,15 16 17,1,55,,14757,12,,,1,14,,14692,12,0,15 16 17,1,14,,14721,12,,,1,15,,14708,12,0,15 16 17,1,55,,5111,12,,,1
400001500,'1_merged_67024',518,,6445,1,,,1,20,,15826,34,,,1,20,,15822,34,,,1,60,,15851,34,,,1,20,,15844,34,,,1,10,,15869,34,0,12,1,10,,15829,34,,,1,50,,15859,34,0,12,1,10,,15838,34,,,1,11,,15870,34,0,12,1,10,,15854,34,,,1,11,,15872,34,0,12,1,50,,15832,34,,,1,11,,15858,34,0,12,1,11,,15852,34,,,1,11,,15860,34,0,12,1,11,,6431,34,,,1,62,,15827,34,,,1,21,,15845,34,,,1,21,,6441,34,,,1,60,,15839,34,,,1,21,,15855,34,,,1,20,,15833,34,,,1,60,,15853,34,,,1,20,,15823,34,,,1,21,,6438,34,,,1,61,,15846,34,,,1,21,,15830,34,,,1,21,,15840,34,,,1,61,,15856,34,,,1,21,,15834,34,,,1,21,,6468,34,,,1,61,,6433,34,,,1,20,,15828,34,,,1,13,,15861,1,,,1,51,,15847,34,,,1,11,,15821,1,,,1,11,,15831,34,,,1,12,,6428,1,,,1,12,,15841,34,,,1,53,,15864,34,,,1,11,,15857,34,,,1,12,,15868,1,,,1,11,,15835,34,,,1,13,,15867,34,,,1,12,,15862,34,,,1,52,,6485,34,,,1,11,,15824,34,,,1,12,,6486,34,,,1,12,,15865,34,,,1,62,,15848,34,,,1,22,,6444,34,,,1,21,,15842,34,,,1,60,,6473,34,,,1,20,,15836,34,,,1,19,,15863,34,,,1,60,,15825,34,,,1,21,,15866,34,,,1,19,,15849,34,,,1,78,,15843,34,,,1,77,,15837,34,,,1,37,,15871,34,,,1,77,,15850,34,,,1
400001500,'2_merged_67026',600,,15873,34,,,1,37,,15885,34,,,1,78,,15879,34,,,1,39,,15890,34,,,1,78,,15874,34,,,1,68,,15896,34,,,1,24,,15886,34,,,1,24,,15906,34,,,1,64,,15880,34,,,1,23,,15891,34,,,1,24,,15902,34,,,1,64,,15875,34,,,1,24,,15897,34,,,1,64,,15887,34,,,1,24,,15907,34,,,1,24,,15881,34,,,1,64,,15892,34,,,1,24,,15903,34,,,1,64,,15876,34,,,1,25,,15898,34,,,1,65,,15888,34,,,1,24,,15908,34,,,1,24,,15882,34,,,1,64,,15893,34,,,1,24,,15904,34,,,1,64,,15877,34,,,1,25,,15899,34,,,1,25,,15889,34,,,1,64,,15909,34,,,1,24,,15883,34,,,1,63,,15894,34,,,1,23,,15905,34,,,1,23,,15878,34,,,1,63,,15900,34,,,1,22,,6508,34,,,1,22,,15910,34,,,1,62,,15884,34,,,1,23,,15895,34,,,1,77,,6525,34,,,1,37,,15901,34,,,1
400001500,'3_merged_67025',704,,15911,34,,,1,26,,15922,34,,,1,26,,15932,34,,,1,66,,15916,34,,,1,27,,15928,34,,,1,67,,6559,34,,,1,27,,15912,34,,,1,68,,15923,34,,,1,26,,15933,34,,,1,68,,15917,34,,,1,28,,15929,34,,,1,67,,15937,34,,,1,29,,15913,34,,,1,28,,15924,34,,,1,68,,15934,34,,,1,28,,15918,34,,,1,69,,6551,34,,,1,28,,15938,34,,,1,69,,15914,34,,,1,28,,15925,34,,,1,68,,15935,34,,,1,28,,15919,34,,,1,69,,15930,34,,,1,28,,15939,34,,,1,69,,15915,34,,,1,28,,15926,34,,,1,67,,15936,34,,,1,27,,15920,34,,,1,26,,15931,34,,,1,65,,15940,34,,,1,26,,6536,34,,,1,77,,15927,34,,,1,78,,15921,34,,,1
400001600,'1_merged_67024',553,,16060,51,,,1,65,,16068,51,,,1,26,,16066,51,,,1,64,,16067,51,,,1,14,,6734,30,,,1,12,,16073,51,,,1,13,,16084,51,,,1,53,,6707,51,,,1,13,,16083,51,,,1,15,,16069,51,,,1,26,,16079,51,,,1,66,,16088,51,,,1,25,,16074,51,,,1,65,,16061,51,,,1,24,,16070,51,,,1,25,,16085,51,,,1,65,,16080,51,,,1,25,,16075,51,,,1,65,,16062,51,,,1,24,,16071,51,,,1,65,,16086,51,,,1,25,,16081,51,,,1,25,,16076,51,,,1,66,,16063,51,,,1,25,,16072,51,,,1,14,,16092,51,,,1,53,,16087,51,,,1,15,,16093,51,,,1,14,,6730,51,,,1,14,,16104,51,,,1,54,,16077,51,,,1,14,,16089,51,,,1,14,,16064,51,,,1,14,,16098,51,,,1,54,,6720,51,,,1,14,,6745,51,,,1,14,,16095,51,,,1,14,,16094,51,,,1,54,,6755,51,,,1,14,,16105,51,,,1,14,,16078,51,,,1,14,,16090,51,,,1,12,,16065,51,,,1,59,,16099,51,,,1,27,,16096,51,,,1,69,,16102,51,,,1,30,,6742,51,,,1,71,,16100,51,,,1,28,,16097,51,,,1,68,,6757,51,,,1,30,,16091,51,,,1,69,,16101,51,,,1
400001600,'2_merged_67026',623,,16107,51,,,1,27,,16123,51,,,1,67,,16115,51,,,1,28,,16130,51,,,1,68,,16108,51,,,1,27,,16124,51,,,1,67,,16116,51,,,1,27,,16131,51,,,1,23,,16137,51,,,1,63,,16109,51,,,1,22,,16125,51,,,1,62,,16117,51,,,1,24,,16132,51,,,1,24,,16138,51,,,1,63,,16110,51,,,1,23,,16126,51,,,1,64,,6775,51,,,1,23,,16133,51,,,1,24,,16139,51,,,1,63,,6767,51,,,1,23,,16127,51,,,1,24,,16118,51,,,1,63,,6793,51,,,1,24,,16140,51,,,1,63,,16111,51,,,1,23,,6786,51,,,1,24,,16119,51,,,1,63,,16134,51,,,1,24,,16141,51,,,1,63,,16112,51,,,1,23,,16128,51,,,1,23,,16120,51,,,1,63,,16135,51,,,1,23,,16142,51,,,1,21,,16113,51,,,1,62,,16129,51,,,1,22,,16121,51,,,1,63,,16136,51,,,1,24,,16143,51,,,1,25,,16114,51,,,1,75,,16122,51,,,1
400001600,'3_merged_67025',732,,16144,51,,,1,27,,16156,51,,,1,68,,16150,51,,,1,28,,16164,51,,,1,67,,16145,51,,,1,28,,16157,51,,,1,68,,16151,51,,,1,29,,6828,51,,,1,69,,16146,51,,,1,29,,16158,51,,,1,69,,16152,51,,,1,30,,16165,51,,,1,69,,16147,51,,,1,29,,16159,51,,,1,69,,16153,51,,,1,30,,16166,51,,,1,69,,16148,51,,,1,29,,16160,51,,,1,69,,16154,51,,,1,30,,16167,51,,,1,69,,16149,51,,,1,29,,16161,51,,,1,69,,16155,51,,,1,29,,16168,51,,,1,69,,6810,51,,,1,28,,16162,51,,,1,27,,6818,51,,,1,67,,16169,51,,,1,34,,6811,51,,,1,76,,16163,51,,,1,75,,16170,51,4,,1
62400000400,'1_merged_67024',507,,10341,3,,,1,14,,10461,3,,,1,13,,19105,3,,,1,12,,19114,3,,,1,11,,19081,3,,,1,50,,19121,3,,,1,10,,19107,3,,,1,10,,19087,3,,,1,9,,19098,3,,,1,6,,19153,3,,,1,6,,10342,3,,,1,5,,19156,3,,,1,5,,19127,3,,,1,45,,10440,3,,,1,5,,19137,3,,,1,5,,19106,3,,,1,5,,19143,3,,,1,5,,19159,3,,,1,5,,10391,3,,,1,5,,19155,3,,,1,5,,19082,3,,,1,6,,10389,3,,,1,5,,10399,3,,,1,5,,19157,3,,,1,46,,19108,3,,,1,6,,19158,3,,,1,6,,19088,3,,,1,5,,19160,3,0,12,1,5,,19099,3,,,1,5,,19154,3,0,12,1,5,,19075,3,,,1,9,,19128,3,,,1,11,,19138,3,,,1,51,,19144,3,,,1,11,,19115,3,,,1,11,,19083,3,,,1,11,,19122,3,,,1,10,,19109,3,,,1,10,,19089,3,,,1,49,,19100,3,,,1,10,,10344,3,,,1,9,,19129,3,,,1,10,,19139,3,,,1,11,,19145,3,,,1,10,,19116,3,,,1,51,,19084,3,,,1,11,,19123,3,,,1,10,,19110,3,,,1,10,,19090,3,,,1,10,,19101,3,,,1,10,,19076,3,,,1,49,,19130,3,,,1,10,,19140,3,,,1,11,,19146,3,,,1,10,,19117,3,,,1,11,,19085,3,,,1,11,,10402,3,,,1,51,,10385,3,,,1,11,,19091,3,,,1,10,,19102,3,,,1,11,,10346,3,,,1,10,,19131,3,,,1,51,,19141,3,,,1,11,,19147,3,,,1,11,,19118,3,,,1,11,,19086,3,,,1,12,,19124,3,,,1,11,,19111,3,,,1,46,,19161,3,,,1,5,,19092,3,,,1,6,,10449,3,,,1,6,,19103,3,,,1,6,,19172,3,,,1,5,,19077,3,,,1,6,,19163,3,,,1,6,,19132,3,,,1,6,,10453,3,,,1,5,,19142,3,,,1,46,,19168,3,,,1,5,,10430,3,,,1,6,,19170,3,,,1,6,,19119,3,,,1,6,,19174,3,,,1,6,,10455,3,,,1,6,,10359,3,,,1,6,,19125,3,,,1,6,,19166,3,,,1,6,,19112,3,,,1,46,,19162,3,,,1,6,,19093,3,,,1,6,,10450,3,,,1,6,,19104,3,,,1,6,,19173,3,,,1,6,,10348,3,,,1,6,,19164,3,,,1,6,,19133,3,,,1,6,,19167,3,,,1,6,,10424,3,,,1,46,,19169,3,0,12,1,5,,19148,3,,,1,6,,19171,3,0,12,1,6,,19120,3,,,1,11,,10456,3,,,1,11,,10405,3,,,1,11,,19113,3,,,1,52,,19094,3,,,1,21,,10349,3,,,1,21,,19134,3,,,1,61,,19149,3,,,1,21,,19126,3,,,1,22,,10368,3,,,1,63,,19078,3,,,1,24,,19135,3,,,1,64,,19150,3,,,1,26,,19095,3,,,1,23,,19079,3,,,1,63,,10416,3,,,1,23,,19151,3,,,1,23,,19096,3,,,1,62,,19080,3,,,1,22,,19136,3,,,1,62,,19152,3,,,1
62400000400,'2_merged_67026',538,,19194,3,,,1,63,,19204,3,,,1,23,,19175,3,,,1,23,,19187,3,,,1,63,,19195,3,,,1,23,,19205,3,,,1,23,,19176,3,,,1,64,,19188,3,,,1,24,,19196,3,,,1,63,,19206,3,,,1,18,,19221,3,,,1,16,,19177,3,,,1,17,,19189,3,,,1,57,,19212,3,,,1,17,,10489,3,,,1,16,,19207,3,,,1,57,,10518,3,,,1,17,,19178,3,,,1,17,,19190,3,,,1,17,,10508,3,,,1,57,,19197,3,,,1,17,,10502,3,,,1,17,,19222,3,,,1,57,,19179,3,,,1,17,,10482,3,,,1,17,,19213,3,,,1,17,,19198,3,,,1,57,,19208,3,,,1,17,,19223,3,,,1,17,,19180,3,,,1,57,,19191,3,,,1,17,,19214,3,,,1,17,,19199,3,,,1,17,,19209,3,,,1,57,,19224,3,,,1,17,,19181,3,,,1,17,,19192,3,,,1,57,,19215,3,,,1,17,,19200,3,,,1,17,,19210,3,,,1,17,,19225,3,,,1,57,,19182,3,,,1,17,,19193,3,,,1,17,,19216,3,,,1,57,,19201,3,,,1,17,,19211,3,,,1,17,,19226,3,,,1,24,,10473,3,,,1,64,,19217,3,,,1,24,,19202,3,,,1,64,,19227,3,,,1,24,,19183,3,,,1,24,,19218,3,,,1,65,,10496,3,,,1,24,,19228,3,,,1,63,,19184,3,,,1,23,,19219,3,,,1,23,,19203,3,,,1,63,,19229,3,,,1,22,,19185,3,,,1,63,,19220,3,,,1
62400000400,'3_merged_67025',559,,19247,3,,,1,70,,19230,3,,,1,71,,19240,3,,,1,31,,19248,3,,,1,71,,19231,3,,,1,32,,19241,3,,,1,71,,19249,3,,,1,26,,19258,3,,,1,25,,19232,3,,,1,65,,19242,3,,,1,25,,19250,3,,,1,65,,10559,3,,,1,13,,19266,3,0,12,1,13,,10530,3,,,1,13,,19274,3,0,12,1,52,,19243,3,,,1,13,,10568,3,0,12,1,13,,19251,3,,,1,13,,19275,3,0,12,1,12,,19259,3,,,1,53,,19267,3,0,12,1,13,,19233,3,,,1,13,,19276,3,0,12,1,12,,19244,3,,,1,13,,19268,3,0,12,1,53,,19252,3,,,1,13,,19277,3,0,12,1,12,,19260,3,,,1,13,,19269,3,0,12,1,53,,19234,3,,,1,13,,19278,3,0,12,1,12,,19245,3,,,1,13,,19270,3,0,12,1,13,,19253,3,,,1,53,,19279,3,0,12,1,12,,19261,3,,,1,13,,19271,3,0,12,1,13,,19235,3,,,1,13,,19280,3,0,12,1,52,,10544,3,,,1,13,,19272,3,0,12,1,13,,10553,3,,,1,13,,10583,3,0,12,1,12,,19262,3,,,1,53,,19273,3,0,12,1,13,,19236,3,,,1,13,,10584,3,0,12,1,13,,19246,3,,,1,65,,19254,3,,,1,33,,19263,3,,,1,73,,19237,3,,,1,32,,19255,3,,,1,73,,19264,3,,,1,32,,19238,3,,,1,72,,19256,3,,,1,71,,19265,3,,,1,30,,19239,3,,,1,71,,19257,3,,,1
