4800,'1_merged_67024',618,,11827,42,4,,1,35,,11818,42,4,,1,75,,11828,42,4,,1,76,,11819,42,4,,1,36,,1295,42,4,,1,75,,11820,42,4,,1,33,,1296,42,4,,1,74,,1282,42,4,,1,33,,1297,42,4,,1,74,,1283,42,4,,1,73,,11829,42,4,,1,34,,11821,42,4,,1,73,,11830,42,4,,1,34,,11822,42,4,,1,75,,1300,42,4,,1,36,,11823,42,4,,1,76,,1301,42,4,,1,79,,1287,42,4,,1,18,,11824,42,4,,1,20,,1302,42,4,,1,59,,1291,42,4,,1,19,,11831,42,4,,1,19,,11826,42,4,,1,58,,1309,42,4,,1,18,,11825,42,4,,1,17,,11832,42,4,,1,18,,1292,42,4,,1,56,,1310,42,4,,1,34,,11833,42,4,,1,74,,1311,42,4,,1,33,,11834,42,4,,1,74,,11837,42,4,,1,33,,11835,42,4,,1,74,,11838,42,4,,1,73,,11836,42,4,,1
4800,'2_merged_67026',630,,11839,42,4,,1,74,,11854,42,4,,1,33,,11840,42,4,,1,74,,11855,42,4,,1,33,,11841,42,4,,1,74,,11856,42,4,,1,33,,11842,42,4,,1,74,,11857,42,4,,1,33,,11843,42,4,,1,75,,11858,42,4,,1,74,,11844,42,4,,1,35,,11859,42,4,,1,74,,11845,42,4,,1,35,,1335,42,4,,1,74,,11846,42,4,,1,75,,1336,42,4,,1,34,,11847,42,4,,1,75,,1337,42,4,,1,34,,11848,42,4,,1,75,,1338,42,4,,1,34,,11849,42,4,,1,75,,1339,42,4,,1,74,,11850,42,4,,1,33,,1340,42,4,,1,74,,11851,42,4,,1,33,,1341,42,4,,1,74,,11852,42,4,,1,33,,1342,42,4,,1,74,,11853,42,4,,1
4800,'3_merged_67025',702,,11860,42,4,,1,107,,11861,42,4,,1,107,,11862,42,4,,1,107,,11863,42,4,,1,107,,11864,42,4,,1,109,,11865,42,4,,1,109,,11866,42,4,,1,109,,11867,42,4,,1,149,,11868,42,4,,1,109,,11869,42,4,,1,109,,11870,42,4,,1,107,,11871,42,4,,1,107,,11872,42,4,,1,107,,11873,42,4,,1
4801,'1_merged_67024',546,,11874,1,,,1,74,,11880,1,,,1,17,,11878,1,,,1,18,,11875,1,,,1,58,,11879,1,,,1,17,,1372,1,,,1,18,,1370,1,,,1,58,,11876,1,,,1,19,,1367,1,,,1,18,,1373,1,,,1,74,,1360,1,,,1,34,,1374,1,,,1,73,,1361,1,,,1,33,,11881,1,,,1,74,,1362,1,,,1,73,,11882,1,,,1,34,,1363,1,,,1,73,,11883,1,,,1,35,,1364,1,,,1,74,,1378,1,,,1,37,,11877,1,,,1,76,,1379,1,,,1,78,,1366,1,,,1,38,,1380,1,,,1,78,,11884,1,,,1,77,,1386,1,,,1,36,,11885,1,,,1,74,,1387,1,,,1,33,,11886,1,,,1,74,,11889,1,,,1,33,,11887,1,,,1,74,,11890,1,,,1,73,,11888,1,,,1
4801,'2_merged_67026',525,,11891,1,,,1,34,,11906,1,,,1,73,,11892,1,,,1,74,,11907,1,,,1,33,,11893,1,,,1,74,,11908,1,,,1,33,,11894,1,,,1,74,,11909,1,,,1,33,,11895,1,,,1,74,,11910,1,,,1,73,,11896,1,,,1,35,,11911,1,,,1,74,,11897,1,,,1,35,,11912,1,,,1,74,,11898,1,,,1,35,,1412,1,,,1,74,,11899,1,,,1,75,,1413,1,,,1,34,,11900,1,,,1,75,,1414,1,,,1,34,,11901,1,,,1,75,,1415,1,,,1,34,,11902,1,,,1,75,,1416,1,,,1,74,,11903,1,,,1,33,,1417,1,,,1,74,,11904,1,,,1,33,,1418,1,,,1,74,,11905,1,,,1
4801,'3_merged_67025',704,,11913,1,,,1,107,,11914,1,,,1,107,,11915,1,,,1,107,,11916,1,,,1,107,,11917,1,,,1,109,,11918,1,,,1,109,,11919,1,,,1,109,,11920,1,,,1,149,,11921,1,,,1,109,,11922,1,,,1,109,,11923,1,,,1,107,,11924,1,,,1,107,,11925,1,,,1
400001400,'1_merged_67024',601,,15638,59,4,,1,25,,15653,59,4,,1,13,,6243,49,4,,1,12,,15628,59,4,,1,52,,15660,59,4,,1,13,,15633,59,4,,1,13,,15664,59,4,,1,13,,15646,59,4,,1,13,,15666,59,4,,1,53,,15639,59,4,,1,13,,15662,59,4,,1,13,,6233,59,4,,1,67,,15629,59,4,,1,25,,15634,59,4,,1,25,,15647,59,4,,1,65,,15640,59,4,,1,25,,15654,59,4,,1,65,,6202,59,4,,1,25,,6210,59,4,,1,25,,15648,59,4,,1,65,,15641,59,4,,1,25,,15655,59,4,,1,65,,15630,59,4,,1,25,,15635,59,4,,1,65,,15649,59,4,,1,26,,15642,59,4,,1,26,,15656,59,4,,1,68,,15631,59,4,,1,27,,15636,59,4,,1,67,,15650,59,4,,1,17,,6248,59,4,,1,14,,15643,59,4,,1,54,,15667,59,4,,1,14,,15657,59,4,,1,14,,6250,59,4,,1,14,,6205,59,4,,1,14,,15668,59,4,,1,54,,6213,59,4,,1,13,,15669,59,4,,1,13,,15651,59,4,,1,64,,6222,59,4,,1,26,,15658,59,4,,1,25,,15632,59,4,,1,64,,6214,59,4,,1,21,,15652,59,4,,1,22,,15644,59,4,,1,63,,15659,59,4,,1,23,,6207,59,4,,1,64,,15637,59,4,,1,42,,15645,59,4,,1
400001400,'2_merged_67026',623,,15677,59,4,,1,29,,15691,59,4,,1,70,,15670,59,4,,1,29,,15684,59,4,,1,70,,15678,59,4,,1,30,,6277,59,4,,1,70,,15671,59,4,,1,30,,15685,59,4,,1,65,,15698,59,4,,1,25,,15679,59,4,,1,66,,15692,59,4,,1,25,,6255,59,4,,1,25,,15686,59,4,,1,65,,15699,59,4,,1,25,,6264,59,4,,1,66,,15693,59,4,,1,25,,15672,59,4,,1,65,,15687,59,4,,1,25,,15700,59,4,,1,25,,15680,59,4,,1,66,,15694,59,4,,1,25,,15673,59,4,,1,65,,15688,59,4,,1,25,,15701,59,4,,1,25,,15681,59,4,,1,66,,15695,59,4,,1,25,,15674,59,4,,1,65,,15689,59,4,,1,25,,15702,59,4,,1,64,,15682,59,4,,1,25,,15696,59,4,,1,25,,15675,59,4,,1,65,,15690,59,4,,1,23,,15703,59,4,,1,64,,15683,59,4,,1,24,,15697,59,4,,1,25,,15676,59,4,,1,85,,6290,59,4,,1
400001400,'3_merged_67025',717,,15704,59,4,,1,39,,15717,59,4,,1,79,,15711,59,4,,1,81,,15705,59,4,,1,40,,15718,59,4,,1,81,,15712,59,4,,1,83,,15706,59,4,,1,82,,15719,59,4,,1,42,,15713,59,4,,1,82,,15707,59,4,,1,82,,15720,59,4,,1,42,,15714,59,4,,1,82,,15708,59,4,,1,82,,15721,59,4,,1,42,,6303,59,4,,1,82,,15709,59,4,,1,82,,15722,59,4,,1,81,,15715,59,4,,1,41,,6297,59,4,,1,81,,15723,59,4,,1,80,,15716,59,4,,1,40,,15710,59,4,,1,79,,15724,59,4,,1
400001401,'1_merged_67024',457,,15725,1,,,1,64,,15732,1,,,1,23,,15742,1,,,1,61,,15737,1,,,1,13,,15757,1,,,1,13,,15750,1,,,1,13,,6356,1,,,1,12,,15726,1,,,1,53,,15756,1,,,1,12,,15733,1,,,1,13,,15758,1,,,1,13,,15743,1,,,1,53,,15759,1,,,1,13,,15738,1,,,1,26,,6348,1,,,1,67,,15727,1,,,1,25,,15734,1,,,1,25,,15744,1,,,1,65,,6333,1,,,1,25,,15751,1,,,1,65,,6317,1,,,1,25,,6326,1,,,1,65,,15745,1,,,1,25,,15739,1,,,1,25,,15752,1,,,1,65,,15728,1,,,1,25,,6327,1,,,1,65,,15746,1,,,1,26,,15740,1,,,1,27,,15753,1,,,1,67,,15729,1,,,1,28,,15735,1,,,1,68,,15747,1,,,1,15,,6360,1,,,1,14,,6336,1,,,1,54,,6362,1,,,1,14,,15754,1,,,1,14,,15762,1,,,1,15,,6320,1,,,1,67,,15736,1,,,1,26,,15748,1,,,1,65,,15741,1,,,1,25,,15755,1,,,1,25,,15730,1,,,1,64,,6330,1,,,1,21,,15749,1,,,1,62,,6338,1,,,1,45,,15731,1,,,1
400001401,'2_merged_67026',530,,15765,1,,,1,28,,15778,1,,,1,70,,15772,1,,,1,29,,6390,1,,,1,70,,15766,1,,,1,29,,15779,1,,,1,64,,15793,1,,,1,24,,15773,1,,,1,65,,15786,1,,,1,24,,15767,1,,,1,23,,15780,1,,,1,65,,15794,1,,,1,25,,6377,1,,,1,66,,15787,1,,,1,25,,6370,1,,,1,65,,15781,1,,,1,25,,15795,1,,,1,25,,15774,1,,,1,66,,15788,1,,,1,25,,15768,1,,,1,65,,15782,1,,,1,25,,15796,1,,,1,25,,15775,1,,,1,66,,15789,1,,,1,25,,15769,1,,,1,65,,15783,1,,,1,25,,15797,1,,,1,65,,15776,1,,,1,26,,15790,1,,,1,25,,15770,1,,,1,65,,15784,1,,,1,25,,15798,1,,,1,64,,15777,1,,,1,25,,15791,1,,,1,25,,15771,1,,,1,65,,15785,1,,,1,23,,15799,1,,,1,88,,15792,1,,,1
400001401,'3_merged_67025',643,,15806,1,,,1,79,,15800,1,,,1,79,,15814,1,,,1,40,,15807,1,,,1,80,,15801,1,,,1,80,,15815,1,,,1,42,,15808,1,,,1,82,,15802,1,,,1,82,,15816,1,,,1,42,,15809,1,,,1,82,,15803,1,,,1,82,,15817,1,,,1,42,,6416,1,,,1,82,,15804,1,,,1,82,,15818,1,,,1,82,,15810,1,,,1,42,,6410,1,,,1,82,,15819,1,,,1,81,,15811,1,,,1,41,,15805,1,,,1,81,,15820,1,,,1,80,,15812,1,,,1
62400000300,'1_merged_67024',558,,18709,31,4,,1,54,,18733,31,4,,1,14,,18714,62,4,,1,14,,9890,62,4,,1,12,,18720,62,4,,1,52,,9907,62,4,,1,12,,18732,62,4,,1,9,,18716,62,4,,1,8,,18721,62,4,,1,6,,9891,62,4,,1,6,,9924,62,4,,1,5,,18715,62,4,,1,6,,18743,62,4,,1,45,,18742,62,4,,1,5,,18717,62,4,,1,5,,18751,62,4,,1,5,,9920,62,4,,1,5,,18727,62,4,,1,6,,18746,62,4,,1,5,,18758,62,4,,1,5,,18731,62,4,,1,5,,9947,62,4,,1,6,,18710,62,4,,1,6,,18757,62,4,,1,46,,18734,62,4,,1,12,,9930,62,4,,1,12,,18748,62,4,,1,10,,18752,62,4,,1,11,,9952,62,4,,1,11,,18759,62,4,,1,51,,18764,62,4,,1,12,,18767,62,4,,1,10,,18722,62,4,,1,11,,9925,62,4,,1,11,,18744,62,4,,1,51,,9894,62,4,,1,10,,18735,62,4,,1,10,,9940,62,4,,1,11,,9912,62,4,,1,11,,18711,62,4,,1,11,,9918,62,4,,1,51,,18740,62,4,,1,10,,18749,62,4,,1,11,,18753,62,4,,1,11,,18755,62,4,,1,11,,9958,62,4,,1,51,,18765,62,4,,1,11,,9967,62,4,,1,11,,18723,62,4,,1,11,,18738,62,4,,1,11,,9937,62,4,,1,11,,18718,62,4,,1,50,,18736,62,4,,1,12,,9941,62,4,,1,11,,9913,62,4,,1,11,,18712,62,4,,1,12,,9919,62,4,,1,52,,18741,62,4,,1,10,,18750,62,4,,1,11,,18769,62,4,,1,12,,18754,62,4,,1,9,,18756,62,4,,1,9,,18760,62,4,,1,47,,18766,62,4,,1,6,,18774,62,4,,1,6,,18768,62,4,,1,6,,9977,62,4,,1,6,,18724,62,4,,1,6,,9982,62,4,,1,6,,9927,62,4,,1,6,,18781,62,4,,1,6,,18745,62,4,,1,6,,18782,62,4,,1,46,,9896,62,4,,1,6,,18776,62,4,,1,6,,18737,62,4,,1,6,,18790,62,4,,1,6,,18747,62,4,,1,6,,9971,62,4,,1,6,,9914,62,4,,1,6,,18786,62,4,,1,6,,18713,62,4,,1,6,,9994,62,4,,1,46,,18780,62,4,,1,6,,18792,62,4,,1,6,,18728,62,4,,1,6,,9933,62,4,,1,6,,9946,62,4,,1,6,,9989,62,4,,1,7,,18770,62,4,,1,7,,18787,62,4,,1,10,,18791,62,4,,1,50,,18761,62,4,,1,13,,18775,62,4,,1,12,,18725,62,4,,1,13,,18739,62,4,,1,15,,18783,62,4,,1,64,,18777,62,4,,1,24,,18771,62,4,,1,64,,18729,62,4,,1,24,,18788,62,4,,1,23,,18762,62,4,,1,63,,18726,62,4,,1,22,,18784,62,4,,1,62,,18778,62,4,,1,22,,18772,62,4,,1,22,,18730,62,4,,1,63,,18789,62,4,,1,21,,18763,62,4,,1,22,,9905,62,4,,1,62,,18785,62,4,,1,22,,18779,62,4,,1,63,,18773,62,4,,1
62400000300,'2_merged_67026',600,,18817,28,4,,1,22,,18829,28,4,,1,22,,18798,62,4,,1,61,,18822,62,4,,1,21,,18810,62,4,,1,21,,18793,62,4,,1,61,,18803,62,4,,1,22,,10024,62,4,,1,23,,18830,62,4,,1,63,,10004,62,4,,1,22,,18823,62,4,,1,63,,18811,62,4,,1,22,,18794,62,4,,1,22,,18804,62,4,,1,59,,18843,62,4,,1,17,,18818,62,4,,1,17,,18831,62,4,,1,16,,18837,62,4,,1,57,,18799,62,4,,1,17,,18824,62,4,,1,17,,18812,62,4,,1,57,,18848,62,4,,1,16,,18795,62,4,,1,16,,18805,62,4,,1,17,,18844,62,4,,1,57,,18819,62,4,,1,17,,18832,62,4,,1,17,,18838,62,4,,1,17,,18800,62,4,,1,57,,18825,62,4,,1,17,,18813,62,4,,1,17,,18849,62,4,,1,56,,18796,62,4,,1,16,,18806,62,4,,1,17,,10053,62,4,,1,17,,18820,62,4,,1,57,,18833,62,4,,1,17,,18839,62,4,,1,17,,18801,62,4,,1,57,,18826,62,4,,1,17,,18814,62,4,,1,17,,18850,62,4,,1,16,,18797,62,4,,1,56,,18807,62,4,,1,17,,18845,62,4,,1,17,,18821,62,4,,1,56,,18834,62,4,,1,17,,18840,62,4,,1,17,,18802,62,4,,1,17,,18827,62,4,,1,61,,18815,62,4,,1,22,,18851,62,4,,1,23,,18808,62,4,,1,63,,18846,62,4,,1,22,,18835,62,4,,1,62,,18841,62,4,,1,24,,18828,62,4,,1,22,,18816,62,4,,1,61,,18852,62,4,,1,21,,18809,62,4,,1,22,,18847,62,4,,1,62,,18836,62,4,,1,22,,18842,62,4,,1,63,,10036,62,4,,1
62400000300,'3_merged_67025',710,,18858,62,4,,1,30,,18868,62,4,,1,71,,18853,62,4,,1,30,,18863,62,4,,1,72,,18874,62,4,,1,32,,18859,62,4,,1,70,,18869,62,4,,1,25,,18884,62,4,,1,19,,18854,62,4,,1,61,,18864,62,4,,1,21,,18879,62,4,,1,61,,18875,62,4,,1,20,,10102,62,4,,1,22,,18860,62,4,,1,61,,18870,62,4,,1,21,,18885,62,4,,1,21,,10064,62,4,,1,61,,18865,62,4,,1,21,,18880,62,4,,1,21,,18876,62,4,,1,61,,18890,62,4,,1,21,,18861,62,4,,1,21,,10081,62,4,,1,61,,18886,62,4,,1,21,,18855,62,4,,1,21,,18866,62,4,,1,61,,18881,62,4,,1,21,,18877,62,4,,1,21,,18891,62,4,,1,61,,18862,62,4,,1,21,,18871,62,4,,1,61,,18887,62,4,,1,21,,18856,62,4,,1,21,,18867,62,4,,1,60,,18882,62,4,,1,27,,10089,62,4,,1,28,,18892,62,4,,1,67,,18872,62,4,,1,27,,18888,62,4,,1,66,,18857,62,4,,1,26,,18883,62,4,,1,66,,18878,62,4,,1,27,,18893,62,4,,1,66,,18873,62,4,,1,25,,18889,62,4,,1
62400000301,'1_merged_67024',511,,10113,1,,,1,15,,18903,1,,,1,14,,18911,1,,,1,12,,10139,1,,,1,52,,18894,1,,,1,12,,10144,1,,,1,5,,10156,1,,,1,6,,18921,1,,,1,4,,18899,1,,,1,6,,18931,1,,,1,4,,10175,1,,,1,4,,10178,1,,,1,5,,18900,1,,,1,4,,18939,1,,,1,46,,18906,1,,,1,5,,18942,1,,,1,5,,10134,1,,,1,5,,18948,1,,,1,6,,18916,1,,,1,6,,18952,1,,,1,6,,10118,1,,,1,6,,18907,1,,,1,6,,18901,1,0,12,1,5,,18919,1,,,1,6,,10114,1,0,12,1,45,,18924,1,,,1,6,,18923,1,0,12,1,5,,10120,1,,,1,5,,18936,1,0,12,1,5,,10148,1,,,1,10,,18927,1,,,1,11,,10140,1,,,1,11,,18895,1,,,1,52,,10145,1,,,1,12,,10158,1,,,1,11,,18932,1,,,1,11,,18937,1,,,1,11,,10183,1,,,1,51,,10188,1,,,1,11,,18949,1,,,1,11,,10199,1,,,1,10,,18908,1,,,1,11,,10153,1,,,1,11,,10163,1,,,1,51,,18904,1,,,1,10,,10149,1,,,1,11,,18928,1,,,1,11,,18914,1,,,1,10,,18896,1,,,1,51,,18917,1,,,1,11,,18922,1,,,1,10,,18933,1,,,1,11,,18938,1,,,1,11,,18940,1,,,1,11,,18943,1,,,1,51,,18950,1,,,1,11,,18953,1,,,1,11,,18909,1,,,1,12,,18920,1,,,1,10,,18925,1,,,1,51,,10122,1,,,1,10,,10150,1,,,1,12,,18929,1,,,1,12,,18915,1,,,1,10,,18897,1,,,1,11,,18963,1,,,1,52,,10135,1,,,1,6,,10160,1,,,1,5,,18934,1,,,1,5,,10218,1,,,1,6,,18955,1,,,1,6,,18970,1,,,1,6,,10181,1,,,1,6,,18974,1,,,1,6,,10185,1,,,1,6,,18944,1,,,1,47,,18951,1,,,1,6,,18958,1,,,1,6,,18954,1,,,1,6,,10207,1,,,1,6,,10129,1,,,1,6,,18962,1,,,1,7,,10155,1,,,1,7,,10214,1,,,1,6,,18926,1,,,1,46,,18965,1,,,1,7,,18905,1,,,1,8,,18959,1,,,1,7,,10151,1,0,12,1,5,,18973,1,,,1,6,,18930,1,0,12,1,6,,10203,1,,,1,7,,18969,1,0,12,1,6,,18898,1,,,1,53,,18964,1,,,1,13,,18912,1,,,1,15,,18968,1,0,12,1,14,,18971,1,,,1,65,,18945,1,,,1,26,,10130,1,,,1,64,,18966,1,,,1,24,,18960,1,,,1,24,,18956,1,,,1,63,,18913,1,,,1,24,,18972,1,,,1,63,,18946,1,,,1,23,,10131,1,,,1,22,,18967,1,,,1,62,,18961,1,,,1,22,,18957,1,,,1,22,,10138,1,,,1,62,,10225,1,,,1,22,,18947,1,,,1,22,,18910,1,,,1
62400000301,'2_merged_67026',521,,18976,1,,,1,21,,18986,1,,,1,62,,19001,1,,,1,22,,19011,1,,,1,22,,10236,1,,,1,61,,19005,1,,,1,22,,18994,1,,,1,21,,18977,1,,,1,61,,18987,1,,,1,22,,10258,1,,,1,22,,19012,1,,,1,59,,10276,1,,,1,18,,18982,1,,,1,16,,19006,1,,,1,56,,18995,1,,,1,16,,19028,1,,,1,16,,18978,1,,,1,15,,18988,1,,,1,56,,19023,1,,,1,17,,19002,1,,,1,17,,19013,1,,,1,16,,19018,1,,,1,57,,18983,1,,,1,17,,19007,1,,,1,17,,18996,1,,,1,57,,19029,1,,,1,16,,18979,1,,,1,16,,18989,1,,,1,17,,19024,1,,,1,57,,19003,1,,,1,17,,19014,1,,,1,17,,19019,1,,,1,57,,18984,1,,,1,17,,19008,1,,,1,17,,18997,1,,,1,17,,19030,1,,,1,56,,18980,1,,,1,16,,18990,1,,,1,17,,10284,1,,,1,57,,19004,1,,,1,17,,19015,1,,,1,17,,19020,1,,,1,17,,18985,1,,,1,57,,19009,1,,,1,17,,18998,1,,,1,17,,19031,1,,,1,16,,18981,1,,,1,58,,18991,1,,,1,22,,19025,1,,,1,65,,19016,1,,,1,26,,19021,1,,,1,25,,19010,1,,,1,62,,18999,1,,,1,22,,19032,1,,,1,63,,18992,1,,,1,23,,19026,1,,,1,22,,19017,1,,,1,63,,19022,1,,,1,23,,10268,1,,,1,22,,19000,1,,,1,61,,10293,1,,,1,21,,18993,1,,,1,22,,19027,1,,,1
62400000301,'3_merged_67025',544,,19033,1,,,1,70,,10306,1,,,1,31,,19053,1,,,1,70,,19039,1,,,1,30,,19048,1,,,1,71,,19034,1,,,1,30,,19044,1,,,1,60,,19059,1,,,1,20,,19054,1,,,1,19,,19070,1,,,1,61,,19040,1,,,1,19,,19049,1,,,1,20,,19065,1,,,1,60,,10296,1,,,1,20,,19045,1,,,1,21,,19060,1,,,1,61,,19055,1,,,1,21,,10336,1,,,1,21,,19041,1,,,1,61,,10313,1,,,1,21,,19066,1,,,1,21,,19035,1,,,1,61,,19046,1,,,1,21,,19061,1,,,1,21,,19056,1,,,1,61,,19071,1,,,1,21,,19042,1,,,1,21,,19050,1,,,1,61,,19067,1,,,1,21,,19036,1,,,1,61,,19047,1,,,1,21,,19062,1,,,1,21,,10321,1,,,1,61,,19072,1,,,1,21,,19043,1,,,1,21,,19051,1,,,1,66,,19068,1,,,1,28,,19037,1,,,1,68,,19063,1,,,1,28,,19057,1,,,1,68,,19073,1,,,1,27,,19052,1,,,1,27,,19069,1,,,1,66,,19038,1,,,1,26,,19064,1,,,1,66,,19058,1,,,1,27,,19074,1,,,1
