'1',1901,55700,0,'Drake',1,7240,0,'Drake',1,3000,0,'Drake',1,6500,0,'Drake',1,2160,0,'Drake',1,5940,0,'Drake',1,2100,0,'Drake',1,2100,0,'Drake',1,6000,0,'Drake',1,2000,0,'Drake',1,2100,0,'Drake',1,6860,0,'Drake',1,3740,0,'Drake',1,7800,0,'Drake',1,8060,0,'Drake',1,4000,0,'Drake',1,7800,0,'Drake',1,8100,0,'Drake',1,4000,0,'Drake',1,7930,0,'Drake',1,1700,0,'Drake',1,5900,0,'Drake',1,2000,0,'Drake',1,2100,0,'Drake',1,5800,0,'Drake',1,1800,0,'Drake',1,1910,0,'Drake',1,6000,0,'Drake',1,2100,0,'Drake',1,2700,0,'Drake',1,7400,0,'Drake',1,3400,0,'Drake',1,8100,0,'Drake',1,8900,0,'Drake',1,9000,0,'Drake',1,9000,0,'Drake',1,4900,0,'Drake',1,8800,0,'Drake',1,8800,0,'Drake',1
'15071-special',1901,70140,0,'Drake',1
'15073-special',1901,85040,0,'Drake',1
'15075-special',1901,104040,0,'Drake',1
'15077-special',1901,123440,0,'Drake',1
'15079-special',1901,143040,0,'Drake',1
'15081-special',1901,162640,0,'Drake',1
'15083-special',1901,181940,0,'Drake',1
'15085-special',1901,202040,0,'Drake',1
'15089-special',1901,234640,0,'Drake',1
'15094-special',1901,75640,0,'Drake',1
'15096-special',1901,94440,0,'Drake',1
'15098-special',1901,113640,0,'Drake',1
'15100-special',1901,133240,0,'Drake',1
'15102-special',1901,152840,0,'Drake',1
'15104-special',1901,172440,0,'Drake',1
'15106-special',1901,191340,0,'Drake',1
'15110-special',1901,223940,0,'Drake',1
'15131-special',1901,213040,0,'Drake',1
'2',1901,55340,0,'Drake',1,7900,0,'Drake',1,8100,0,'Drake',1,4200,0,'Drake',1,8200,0,'Drake',1,8400,0,'Drake',1,8400,0,'Drake',1,4400,0,'Drake',1,8400,0,'Drake',1,8600,0,'Drake',1,8600,0,'Drake',1,4600,0,'Drake',1,8600,0,'Drake',1,8600,0,'Drake',1,8700,0,'Drake',1,4600,0,'Drake',1,9200,0,'Drake',1,9500,0,'Drake',1,9500,0,'Drake',1,9000,0,'Drake',1,9100,0,'Drake',1,9100,0,'Drake',1,9100,0,'Drake',1,5100,0,'Drake',1,9000,0,'Drake',1,9000,0,'Drake',1
'3',1901,70140,0,'Drake',1,5500,0,'Drake',1,9400,0,'Drake',1,9400,0,'Drake',1,9600,0,'Drake',1,9600,0,'Drake',1,9800,0,'Drake',1,9800,0,'Drake',1,9800,0,'Drake',1,9800,0,'Drake',1,9800,0,'Drake',1,9800,0,'Drake',1,9500,0,'Drake',1,9400,0,'Drake',1,10700,0,'Drake',1,11000,0,'Drake',1,10900,0,'Drake',1,10700,0,'Drake',1
'1',5000,63510,,'',1,8400,,'',1,8500,,'',1,4500,,'',1,57800,,'',1,8700,,'',1,4400,,'',1,8400,,'',1,8700,,'',1,8400,,'',1,3600,,'',1
