22400,'1',552,,2086,10,,,1,69,,2095,10,,,1,28,,2104,10,,,1,69,,2087,10,,,1,30,,2096,10,,,1,70,,2105,10,,,1,30,,2088,10,,,1,70,,2097,10,,,1,30,,2106,10,,,1,69,,2089,10,,,1,29,,2098,10,,,1,69,,2107,10,,,1,29,,2090,10,,,1,69,,2099,10,,,1,29,,2108,10,,,1,69,,2091,10,,,1,29,,2100,10,,,1,69,,2109,10,,,1,15,,2085,10,0,5 6,1,15,,2092,10,,,1,15,,2080,10,0,5 6,1,55,,2101,10,,,1,16,,2083,10,0,5 6,1,15,,2110,10,,,1,16,,2082,10,0,5 6,1,56,,2093,10,,,1,16,,2114,10,0,5 6,1,16,,2102,10,,,1,15,,2084,10,0,5 6,1,55,,2111,10,,,1,16,,2081,10,0,5 6,1,16,,2094,10,,,1,56,,2079,10,0,5 6,1,16,,2103,10,,,1,31,,2112,10,,,1
22400,'2',644,,2115,10,,,1,81,,2124,10,,,1,81,,2116,10,,,1,41,,2125,10,,,1,81,,2117,10,,,1,82,,2126,10,,,1,42,,2118,10,,,1,84,,2127,10,,,1,83,,2119,10,,,1,84,,2128,10,,,1,43,,2120,10,,,1,84,,2129,10,,,1,83,,2121,10,,,1,44,,2130,10,,,1,83,,2122,10,,,1,84,,2131,10,,,1,83,,2123,10,,,1,44,,2132,10,,,1
22401,'1',532,,2158,19,,,1,68,,2168,36,,,1,29,,2177,36,,,1,15,,2153,19,,,1,14,,2159,36,,,1,55,,2155,19,,,1,15,,2169,36,,,1,15,,2152,19,,,1,15,,2178,36,,,1,55,,2156,19,,,1,15,,2160,36,,,1,15,,2154,19,,,1,15,,2170,36,,,1,55,,2157,19,,,1,15,,2179,36,,,1,28,,2161,36,,,1,69,,2171,36,,,1,29,,2180,36,,,1,69,,2162,36,,,1,29,,2172,36,,,1,69,,2181,36,,,1,29,,2163,36,,,1,69,,2173,36,,,1,30,,2182,36,,,1,70,,2164,36,,,1,30,,2174,36,,,1,71,,2183,36,,,1,32,,2165,36,,,1,71,,2175,36,,,1,31,,2184,36,,,1,72,,2166,36,,,1,32,,2176,36,,,1,70,,2185,36,,,1,30,,2167,36,,,1
22401,'2',704,,2195,36,,,1,41,,2186,36,,,1,81,,2196,36,,,1,81,,2187,36,,,1,42,,2197,36,,,1,82,,2188,36,,,1,83,,2198,36,,,1,44,,2189,36,,,1,84,,2199,36,,,1,83,,2190,36,,,1,84,,2200,36,,,1,43,,2191,36,,,1,84,,2201,36,,,1,83,,2192,36,,,1,84,,2202,36,,,1,43,,2193,36,,,1,84,,2203,36,,,1,82,,2194,36,,,1
400001200,'1',505,,5661,2,,,1,21,,5703,2,,,1,20,,5665,2,,,1,60,,5662,2,,,1,17,,5667,2,,,1,11,,5660,2,,,1,11,,5713,2,,,1,10,,5666,2,,,1,50,,5704,2,,,1,10,,5663,2,,,1,10,,5706,2,,,1,10,,5668,2,,,1,11,,5705,2,,,1,12,,5702,2,,,1,54,,5676,2,,,1,17,,5664,2,,,1,18,,5669,2,,,1,58,,5683,2,,,1,17,,5677,2,,,1,18,,5689,2,,,1,17,,5670,2,,,1,57,,5684,2,,,1,17,,5678,2,,,1,17,,5690,2,,,1,57,,5671,2,,,1,17,,5685,2,,,1,17,,5679,2,,,1,17,,5691,2,,,1,57,,5672,2,,,1,17,,5686,2,,,1,17,,5680,2,,,1,57,,5692,2,,,1,18,,5673,2,,,1,17,,5687,2,,,1,17,,5681,2,,,1,57,,5693,2,,,1,17,,5674,2,,,1,19,,5688,2,,,1,59,,5682,2,,,1,18,,5694,2,,,1,20,,5675,2,,,1,60,,5695,2,,,1,20,,5696,2,,,1,20,,5714,2,,,1,60,,5717,2,,,1,21,,5701,2,,,1,21,,5716,2,,,1,61,,5715,2,,,1,20,,5707,2,,,1,22,,5719,2,,,1,62,,5697,2,,,1,23,,5718,2,,,1,22,,5720,2,,,1,63,,5698,2,,,1,31,,5708,2,,,1,70,,5699,2,,,1,30,,5709,2,,,1,71,,5700,2,,,1,31,,5710,2,,,1,102,,5711,2,,,1,101,,5712,2,,,1
400001200,'2',553,,5721,2,,,1,66,,5741,2,,,1,26,,5722,2,,,1,66,,5742,2,,,1,26,,5723,2,,,1,66,,5743,2,,,1,26,,5724,2,,,1,27,,5744,2,,,1,67,,5725,2,,,1,27,,5745,2,,,1,68,,5726,2,,,1,28,,5746,2,,,1,69,,5727,2,,,1,28,,5747,2,,,1,69,,5728,2,,,1,29,,5748,2,,,1,70,,5729,2,,,1,29,,5749,2,,,1,70,,5730,2,,,1,29,,5750,2,,,1,70,,5731,2,,,1,29,,5751,2,,,1,70,,5732,2,,,1,29,,5752,2,,,1,70,,5733,2,,,1,29,,5753,2,,,1,70,,5734,2,,,1,29,,5754,2,,,1,68,,5735,2,,,1,29,,5755,2,,,1,68,,5736,2,,,1,27,,5756,2,,,1,28,,5737,2,,,1,66,,5757,2,,,1,27,,5738,2,,,1,67,,5758,2,,,1,27,,5739,2,,,1,66,,5759,2,,,1,25,,5740,2,,,1
400001200,'3',645,,5760,2,,,1,66,,5777,2,,,1,26,,5761,2,,,1,66,,5778,2,,,1,26,,5762,2,,,1,27,,5779,2,,,1,67,,5763,2,,,1,27,,5780,2,,,1,68,,5764,2,,,1,28,,5781,2,,,1,69,,5765,2,,,1,28,,5782,2,,,1,69,,5766,2,,,1,29,,5783,2,,,1,70,,5767,2,,,1,29,,5784,2,,,1,70,,5768,2,,,1,29,,5785,2,,,1,70,,5769,2,,,1,29,,5786,2,,,1,70,,5770,2,,,1,29,,5787,2,,,1,70,,5771,2,,,1,29,,5788,2,,,1,70,,5772,2,,,1,29,,5789,2,,,1,68,,5773,2,,,1,29,,5790,2,,,1,68,,5774,2,,,1,27,,5791,2,,,1,28,,5775,2,,,1,66,,5792,2,,,1,27,,5776,2,,,1,67,,5793,2,,,1
400001300,'1',515,,5986,2,,,1,21,,5937,2,,,1,20,,5941,2,,,1,60,,5942,2,,,1,13,,5939,2,,,1,11,,5938,2,,,1,10,,5969,2,,,1,50,,5932,2,,,1,10,,5958,2,,,1,10,,5950,2,,,1,10,,5943,2,,,1,10,,5970,2,,,1,11,,5940,2,,,1,52,,5968,2,,,1,18,,5959,2,,,1,18,,5951,2,,,1,18,,5944,2,,,1,57,,5971,2,,,1,18,,5960,2,,,1,17,,5952,2,,,1,57,,5945,2,,,1,17,,5972,2,,,1,17,,5961,2,,,1,17,,5953,2,,,1,57,,5946,2,,,1,17,,5973,2,,,1,17,,5962,2,,,1,57,,5954,2,,,1,17,,5947,2,,,1,17,,5974,2,,,1,17,,5963,2,,,1,57,,5955,2,,,1,17,,5948,2,,,1,17,,5975,2,,,1,57,,5964,2,,,1,17,,5956,2,,,1,18,,5949,2,,,1,19,,5976,2,,,1,59,,5965,2,,,1,19,,5957,2,,,1,20,,5931,2,,,1,60,,5983,2,,,1,20,,5933,2,,,1,20,,5966,2,,,1,60,,5929,2,,,1,21,,5984,2,,,1,22,,5934,2,,,1,60,,5985,2,,,1,20,,5930,2,,,1,63,,5981,2,,,1,21,,5977,2,,,1,24,,5967,2,,,1,63,,5982,2,,,1,27,,5978,2,,,1,70,,5987,2,,,1,31,,5979,2,,,1,70,,5988,2,,,1,31,,5980,2,,,1,86,,5935,2,,,1,101,,5936,2,,,1
400001300,'2',606,,5989,2,,,1,26,,6009,2,,,1,26,,5990,2,,,1,66,,6010,2,,,1,26,,5991,2,,,1,66,,6011,2,,,1,27,,5992,2,,,1,67,,6012,2,,,1,27,,5993,2,,,1,67,,6013,2,,,1,28,,5994,2,,,1,68,,6014,2,,,1,29,,5995,2,,,1,28,,6015,2,,,1,70,,5996,2,,,1,29,,6016,2,,,1,70,,5997,2,,,1,29,,6017,2,,,1,70,,5998,2,,,1,29,,6018,2,,,1,70,,5999,2,,,1,29,,6019,2,,,1,70,,6000,2,,,1,29,,6020,2,,,1,70,,6001,2,,,1,29,,6021,2,,,1,70,,6002,2,,,1,28,,6022,2,,,1,68,,6003,2,,,1,29,,6023,2,,,1,67,,6004,2,,,1,28,,6024,2,,,1,67,,6005,2,,,1,27,,6025,2,,,1,66,,6006,2,,,1,27,,6026,2,,,1,27,,6007,2,,,1,65,,6027,2,,,1,26,,6008,2,,,1
400001300,'3',632,,6028,2,,,1,26,,6046,2,,,1,66,,6029,2,,,1,26,,6047,2,,,1,66,,6030,2,,,1,27,,6048,2,,,1,67,,6031,2,,,1,27,,6049,2,,,1,67,,6032,2,,,1,28,,6050,2,,,1,68,,6033,2,,,1,29,,6051,2,,,1,28,,6034,2,,,1,70,,6052,2,,,1,29,,6035,2,,,1,70,,6053,2,,,1,29,,6036,2,,,1,70,,6054,2,,,1,29,,6037,2,,,1,70,,6055,2,,,1,29,,6038,2,,,1,70,,6056,2,,,1,29,,6039,2,,,1,70,,6057,2,,,1,29,,6040,2,,,1,70,,6058,2,,,1,28,,6041,2,,,1,68,,6059,2,,,1,29,,6042,2,,,1,67,,6060,2,,,1,28,,6043,2,,,1,67,,6061,2,,,1,27,,6044,2,,,1,66,,6062,2,,,1,27,,6045,2,,,1
