4300,'1',521,,1116,,,1,25,,1106,,,1,64,,1124,,,1,26,,1099,,,1,67,,1117,,,1,27,,1107,,,1,27,,1125,,,1,67,,1100,,,1,27,,1118,,,1,66,,1108,,,1,25,,1126,,,1,65,,1101,,,1,25,,1119,,,1,25,,1109,,,1,65,,1127,,,1,25,,1102,,,1,65,,1120,,,1,25,,1110,,,1,65,,1128,,,1,25,,1103,,,1,25,,1121,,,1,66,,1111,,,1,26,,1129,,,1,15,,1092,4,,1,53,,1104,,,1,14,,1098,4,,1,14,,1122,,,1,15,,1137,4,,1,53,,1112,,,1,14,,1096,4,,1,15,,1130,,,1,14,,1138,4,,1,54,,1105,,,1,14,,1095,4,,1,14,,1123,,,1,13,,1093,4,,1,54,,1113,,,1,14,,1094,4,,1,15,,1131,,,1,18,,1097,4,,1,59,,1134,,,1,35,,1114,,,1,72,,1132,,,1,33,,1135,,,1,72,,1115,,,1,32,,1133,,,1,73,,1136,4,,1
4300,'2',605,,1139,,,1,32,,1158,,,1,72,,1149,,,1,32,,1140,,,1,72,,1159,,,1,32,,1150,,,1,73,,1141,,,1,33,,1160,,,1,72,,1151,,,1,33,,1142,,,1,73,,1161,,,1,74,,1152,,,1,33,,1143,,,1,74,,1162,,,1,34,,1153,,,1,73,,1144,,,1,34,,1163,,,1,74,,1154,,,1,33,,1145,,,1,74,,1164,,,1,74,,1155,,,1,33,,1146,,,1,74,,1165,,,1,33,,1156,,,1,74,,1147,,,1,33,,1166,,,1,72,,1157,,,1,32,,1148,,,1,73,,1167,,,1
4300,'3',649,,1177,,,1,88,,1168,,,1,88,,1178,,,1,89,,1169,,,1,89,,1179,,,1,49,,1170,,,1,90,,1180,,,1,91,,1171,,,1,90,,1181,,,1,91,,1172,,,1,90,,1182,,,1,51,,1173,,,1,90,,1183,,,1,91,,1174,,,1,90,,1184,,,1,89,,1175,,,1,88,,1185,,,1,48,,1176,,,1
4301,'1',525,,1216,,,1,25,,1190,,,1,63,,1208,,,1,12,,1186,,,1,13,,1198,,,1,13,,1229,,,1,54,,1217,,,1,13,,1230,,,1,14,,1191,,,1,13,,1188,,,1,14,,1209,,,1,53,,1187,,,1,14,,1199,,,1,13,,1189,,,1,14,,1218,,,1,53,,1231,,,1,14,,1192,,,1,25,,1210,,,1,66,,1200,,,1,25,,1219,,,1,65,,1193,,,1,25,,1211,,,1,25,,1201,,,1,65,,1220,,,1,25,,1194,,,1,65,,1212,,,1,25,,1202,,,1,25,,1221,,,1,65,,1195,,,1,26,,1213,,,1,66,,1203,,,1,29,,1222,,,1,68,,1196,,,1,28,,1214,,,1,68,,1204,,,1,29,,1223,,,1,66,,1197,,,1,27,,1215,,,1,27,,1205,,,1,73,,1224,,,1,73,,1227,,,1,33,,1206,,,1,72,,1225,,,1,33,,1228,,,1,72,,1207,4,,1,31,,1226,4,,1
4301,'2',553,,1251,,,1,72,,1241,,,1,32,,1232,,,1,72,,1252,,,1,72,,1242,,,1,33,,1233,,,1,72,,1253,,,1,32,,1243,,,1,73,,1234,,,1,33,,1254,,,1,73,,1244,,,1,33,,1235,,,1,73,,1255,,,1,34,,1245,,,1,73,,1236,,,1,74,,1256,,,1,34,,1246,,,1,73,,1237,,,1,34,,1257,,,1,74,,1247,,,1,33,,1238,,,1,74,,1258,,,1,74,,1248,,,1,32,,1239,,,1,74,,1259,,,1,33,,1249,,,1,74,,1240,,,1,33,,1260,,,1,72,,1250,,,1
4301,'3',652,,1261,,,1,89,,1270,,,1,89,,1262,,,1,88,,1271,,,1,89,,1263,,,1,49,,1272,,,1,90,,1264,,,1,90,,1273,,,1,91,,1265,,,1,90,,1274,,,1,91,,1266,,,1,50,,1275,,,1,91,,1267,,,1,90,,1276,,,1,90,,1268,,,1,89,,1277,,,1,89,,1269,,,1,48,,1278,,,1
400001600,'1',522,,6706,,,1,25,,6715,,,1,65,,6713,,,1,24,,6714,,,1,65,,6721,,,1,13,,6733,,,1,13,,6707,,,1,12,,6732,,,1,15,,6716,,,1,66,,6727,,,1,26,,6739,,,1,65,,6722,,,1,25,,6708,,,1,65,,6717,,,1,25,,6735,,,1,25,,6728,,,1,65,,6723,,,1,25,,6709,,,1,64,,6718,,,1,25,,6736,,,1,25,,6729,,,1,65,,6724,,,1,26,,6710,,,1,65,,6719,,,1,13,,6744,,,1,13,,6737,,,1,14,,6746,,,1,53,,6730,,,1,14,,6760,,,1,14,,6725,,,1,7,,6702,0,12,1,7,,6740,,,1,7,,6703,0,12,1,47,,6711,,,1,7,,6759,0,12,1,7,,6751,,,1,7,,6704,0,12,1,7,,6720,,,1,7,,6758,0,12,1,7,,6745,,,1,7,,6701,0,12,1,7,,6748,,,1,47,,6738,0,12,1,7,,6747,,,1,7,,6705,0,12,1,7,,6755,,,1,7,,6731,0,12,1,7,,6761,,,1,7,,6762,0,12,1,7,,6726,,,1,7,,6700,0,12,1,48,,6741,,,1,12,,6712,,,1,20,,6752,,,1,69,,6749,,,1,30,,6756,,,1,71,,6742,,,1,31,,6753,,,1,68,,6750,,,1,28,,6757,,,1,70,,6743,,,1,29,,6754,,,1
400001600,'2',554,,6763,,,1,67,,6781,,,1,27,,6772,,,1,68,,6789,,,1,27,,6764,,,1,67,,6782,,,1,27,,6773,,,1,67,,6790,,,1,23,,6797,,,1,23,,6765,,,1,62,,6783,,,1,22,,6774,,,1,23,,6791,,,1,64,,6798,,,1,23,,6766,,,1,63,,6784,,,1,24,,6775,,,1,23,,6792,,,1,64,,6799,,,1,23,,6767,,,1,63,,6785,,,1,24,,6776,,,1,23,,6793,,,1,64,,6800,,,1,23,,6768,,,1,63,,6786,,,1,24,,6777,,,1,23,,6794,,,1,64,,6801,,,1,23,,6769,,,1,23,,6787,,,1,63,,6778,,,1,23,,6795,,,1,63,,6802,,,1,22,,6770,,,1,22,,6788,,,1,63,,6779,,,1,23,,6796,,,1,64,,6803,,,1,25,,6771,,,1,75,,6780,,,1
400001600,'3',703,,6804,,,1,27,,6819,,,1,27,,6812,,,1,68,,6827,,,1,27,,6805,,,1,68,,6820,,,1,28,,6813,,,1,69,,6828,,,1,29,,6806,,,1,68,,6821,,,1,29,,6814,,,1,70,,6829,,,1,29,,6807,,,1,69,,6822,,,1,29,,6815,,,1,70,,6830,,,1,29,,6808,,,1,69,,6823,,,1,29,,6816,,,1,70,,6831,,,1,29,,6809,,,1,69,,6824,,,1,29,,6817,,,1,69,,6832,,,1,29,,6810,,,1,68,,6825,,,1,28,,6818,,,1,27,,6833,,,1,75,,6811,,,1,76,,6826,,,1,35,,6834,,,1
600000800,'1',523,,8601,,,1,17,,8584,,,1,17,,8592,,,1,57,,8607,,,1,16,,8615,,,1,8,,8594,4,,1,8,,8622,,,1,8,,8583,4,,1,47,,8628,,,1,8,,8629,4,,1,8,,8591,,,1,7,,8630,4,,1,9,,8596,,,1,7,,8608,4,,1,8,,8602,,,1,8,,8609,4,,1,48,,8585,,,1,8,,8593,4,,1,8,,8632,,,1,8,,8595,4,,1,7,,8639,,,1,8,,8631,4,,1,8,,8649,,,1,8,,8656,4,,1,48,,8616,,,1,8,,8638,4,,1,7,,8623,,,1,15,,8644,,,1,15,,8610,,,1,55,,8597,,,1,14,,8603,,,1,15,,8586,,,1,15,,8633,,,1,55,,8640,,,1,15,,8650,,,1,15,,8617,,,1,15,,8624,,,1,55,,8645,,,1,15,,8611,,,1,15,,8598,,,1,15,,8604,,,1,55,,8587,,,1,15,,8634,,,1,15,,8641,,,1,15,,8651,,,1,55,,8618,,,1,16,,8625,,,1,8,,8577,4,,1,7,,8646,,,1,8,,8687,4,,1,8,,8612,,,1,48,,8579,4,,1,8,,8599,,,1,9,,8695,,,1,8,,8605,,,1,4,,8658,4,,1,4,,8660,,,1,4,,8576,4,,1,4,,8588,,,1,5,,8663,4,,1,4,,8682,,,1,4,,8688,4,,1,4,,8635,,,1,45,,8667,4,,1,4,,8686,,,1,4,,8669,4,,1,4,,8642,,,1,4,,8581,4,,1,4,,8690,,,1,4,,8675,4,,1,4,,8653,,,1,4,,8676,4,,1,4,,8578,,,1,4,,8696,4,,1,4,,8619,,,1,4,,8670,4,,1,4,,8657,,,1,44,,8681,4,,1,4,,8626,,,1,4,,8575,4,,1,4,,8580,,,1,5,,8679,4,,1,3,,8647,,,1,4,,8683,4,,1,4,,8659,,,1,4,,8678,4,,1,4,,8613,,,1,4,,8685,4,,1,4,,8664,,,1,5,,8600,4,,1,4,,8652,,,1,5,,8668,4,,1,45,,8674,,,1,5,,8606,4,,1,5,,8582,,,1,5,,8691,4,,1,6,,8589,,,1,7,,8677,4,,1,7,,8636,,,1,6,,8692,4,,1,8,,8697,,,1,5,,8643,4,,1,48,,8654,,,1,7,,8680,4,,1,6,,8620,,,1,6,,8684,4,,1,8,,8627,,,1,15,,8648,,,1,56,,8614,,,1,18,,8671,,,1,18,,8590,,,1,19,,8637,,,1,65,,8655,,,1,25,,8621,,,1,65,,8693,,,1,25,,8672,,,1,65,,8665,,,1,25,,8661,,,1,25,,8694,,,1,65,,8689,,,1,25,,8673,,,1,65,,8666,,,1,26,,8662,,,1
600000800,'2',540,,8715,,,1,67,,8706,,,1,26,,8733,,,1,25,,8724,,,1,66,,8698,,,1,27,,8716,,,1,67,,8707,,,1,27,,8734,,,1,67,,8725,,,1,28,,8699,,,1,14,,8748,4,,1,55,,8717,,,1,14,,8742,4,,1,14,,8708,,,1,15,,8754,4,,1,54,,8735,,,1,15,,8760,4,,1,14,,8726,,,1,14,,8749,4,,1,54,,8700,,,1,15,,8743,4,,1,15,,8718,,,1,15,,8755,4,,1,54,,8709,,,1,15,,8761,4,,1,15,,8736,,,1,15,,8750,4,,1,55,,8727,,,1,15,,8744,4,,1,14,,8701,,,1,15,,8756,4,,1,55,,8719,,,1,14,,8762,4,,1,15,,8710,,,1,15,,8751,4,,1,55,,8737,,,1,15,,8745,4,,1,15,,8728,,,1,15,,8757,4,,1,14,,8702,,,1,55,,8763,4,,1,15,,8720,,,1,15,,8752,4,,1,14,,8711,,,1,55,,8746,4,,1,15,,8738,,,1,15,,8758,4,,1,15,,8729,,,1,54,,8764,4,,1,14,,8703,,,1,14,,8753,4,,1,14,,8721,,,1,53,,8747,4,,1,13,,8712,,,1,13,,8759,4,,1,14,,8739,,,1,54,,8765,4,,1,14,,8730,,,1,27,,8704,,,1,67,,8722,,,1,25,,8713,,,1,66,,8740,,,1,26,,8731,,,1,25,,8705,,,1,65,,8723,,,1,25,,8714,,,1,66,,8741,,,1,26,,8732,,,1
600000800,'3',603,,8790,,,1,27,,8766,,,1,27,,8782,,,1,66,,8798,,,1,27,,8774,,,1,67,,8791,,,1,27,,8767,,,1,67,,8783,,,1,28,,8799,,,1,14,,8806,4,,1,54,,8775,,,1,14,,8813,4,,1,14,,8792,,,1,15,,8819,4,,1,55,,8768,,,1,15,,8825,4,,1,14,,8784,,,1,14,,8807,4,,1,54,,8800,,,1,15,,8814,4,,1,14,,8776,,,1,15,,8820,4,,1,55,,8793,,,1,15,,8826,4,,1,15,,8769,,,1,15,,8808,4,,1,55,,8785,,,1,15,,8815,4,,1,14,,8801,,,1,15,,8821,4,,1,14,,8777,,,1,55,,8827,4,,1,15,,8794,,,1,15,,8809,4,,1,15,,8770,,,1,55,,8816,4,,1,15,,8786,,,1,15,,8822,4,,1,14,,8802,,,1,55,,8828,4,,1,14,,8778,,,1,15,,8810,4,,1,15,,8795,,,1,55,,8817,4,,1,15,,8771,,,1,15,,8823,4,,1,15,,8787,,,1,54,,8829,4,,1,14,,8803,,,1,14,,8811,4,,1,14,,8779,,,1,53,,8818,4,,1,13,,8796,,,1,13,,8824,4,,1,14,,8772,,,1,54,,8830,4,,1,14,,8788,,,1,14,,8812,4,,1,14,,8804,,,1,67,,8780,,,1,25,,8797,,,1,25,,8773,,,1,66,,8789,,,1,26,,8805,,,1,67,,8781,,,1
600000801,'1',509,,8851,,,1,119,,8890,,,1,8,,8893,,,1,8,,8852,,,1,8,,8904,,,1,7,,8838,,,1,46,,8915,,,1,7,,8921,,,1,6,,8887,,,1,6,,8854,,,1,6,,8891,,,1,7,,8889,,,1,7,,8866,,,1,7,,8924,,,1,7,,8901,,,1,47,,8869,,,1,7,,8834,,,1,7,,8850,,,1,8,,8837,,,1,7,,8853,,,1,68,,8832,,,1,15,,8922,,,1,15,,8903,,,1,516,,8833,,,1,56,,8925,,,1,15,,8835,,,1,16,,8926,,,1,16,,8929,,,1,57,,8931,,,1,17,,8836,,,1,17,,8937,,,1,16,,8948,,,1,57,,8831,,,1,16,,8938,,,1,16,,8940,,,1,57,,8932,,,1
600000801,'2',533,,8976,,,1,319,,8993,,,1,68,,9006,,,1,27,,9013,,,1,69,,9000,,,1,29,,8994,,,1,69,,9007,,,1,29,,9014,,,1,69,,9001,,,1,29,,8995,,,1,69,,9008,,,1,29,,9015,,,1,70,,9002,,,1,30,,8996,,,1,70,,9009,,,1,29,,9016,,,1,70,,9003,,,1,29,,8997,,,1,70,,9010,,,1,30,,9017,,,1,69,,9004,,,1,28,,8998,,,1,68,,9011,,,1,28,,9018,,,1,28,,9005,,,1,67,,8999,,,1,27,,9012,,,1
600000801,'3',557,,9051,,,1,265,,9059,,,1,28,,9066,,,1,68,,9073,,,1,28,,9080,,,1,68,,9060,,,1,29,,9067,,,1,69,,9074,,,1,30,,9081,,,1,69,,9061,,,1,29,,9068,,,1,69,,9075,,,1,29,,9082,,,1,70,,9062,,,1,30,,9069,,,1,70,,9076,,,1,29,,9083,,,1,69,,9063,,,1,30,,9070,,,1,70,,9077,,,1,29,,9084,,,1,69,,9064,,,1,29,,9071,,,1,68,,9078,,,1,28,,9085,,,1,28,,9065,,,1,67,,9072,,,1,27,,9079,,,1
