'1',7100,51900,0,'Templeton',1,2300,0,'WalMart',1,1600,0,'Templeton',1,5400,0,'WalMart',1,1200,0,'Templeton',1,1300,0,'WalMart',1,1300,0,'Templeton',1,5400,0,'WalMart',1,1400,0,'Templeton',1,1400,0,'WalMart',1,1500,0,'Templeton',1,5400,0,'WalMart',1,1400,0,'Templeton',1,1500,0,'WalMart',1,1600,0,'Templeton',1,5800,0,'WalMart',1,1700,0,'Templeton',1,1700,0,'WalMart',1,1600,0,'Templeton',1,5700,0,'WalMart',1,1700,0,'Templeton',1,1700,0,'WalMart',1,5600,0,'Templeton',1,1700,0,'WalMart',1,1700,0,'Templeton',1,1700,0,'WalMart',1,5700,0,'Templeton',1,1700,0,'WalMart',1,1700,0,'Templeton',1,5700,0,'WalMart',1,1600,0,'Templeton',1,1700,0,'WalMart',1,1700,0,'Templeton',1,5700,0,'WalMart',1,1600,0,'Templeton',1,1400,0,'WalMart',1,1200,0,'Templeton',1,5200,0,'WalMart',1,1400,0,'Templeton',1,1300,0,'WalMart',1,1300,0,'Templeton',1,1400,0,'WalMart',1,5400,0,'Templeton',1,1400,0,'WalMart',1,1300,0,'Templeton',1,1400,0,'WalMart',1,5400,0,'Templeton',1,1400,0,'WalMart',1,1400,0,'Templeton',1,1700,0,'WalMart',1,5700,0,'Templeton',1,1700,0,'WalMart',1,1700,0,'Templeton',1,1700,0,'WalMart',1,5800,0,'Templeton',1,1700,0,'WalMart',1,1700,0,'Templeton',1,5700,0,'WalMart',1,1700,0,'Templeton',1,1800,0,'WalMart',1,7000,0,'Templeton',1,3100,0,'WalMart',1,7100,0,'Templeton',1,3100,0,'WalMart',1,7100,0,'Templeton',1,3000,0,'Templeton',1,10400,0,'Templeton',1,10100,0,'Templeton',1
'1',7101,55500,4,'',1,6600,4,'',1,1300,4,'',1,1300,4,'',1,5400,4,'',1,1500,4,'',1,1300,4,'',1,1500,4,'',1,1400,4,'',1,5400,4,'',1,1500,4,'',1,1500,4,'',1,1500,4,'',1,5400,4,'',1,1300,4,'',1,1200,4,'',1,1500,4,'',1,5700,4,'',1,1700,4,'',1,1600,4,'',1,1700,4,'',1,5700,4,'',1,1700,4,'',1,1700,4,'',1,5700,4,'',1,1700,4,'',1,1700,4,'',1,1700,4,'',1,5600,4,'',1,1700,4,'',1,1700,4,'',1,5700,4,'',1,1700,4,'',1,2000,4,'',1,1800,4,'',1,5900,4,'',1,1700,4,'',1,1600,4,'',1,5500,4,'',1,1400,4,'',1,1300,4,'',1,1200,4,'',1,1300,4,'',1,5300,4,'',1,1500,4,'',1,1500,4,'',1,1800,4,'',1,5900,4,'',1,1900,4,'',1,1800,4,'',1,5800,4,'',1,1700,4,'',1,1700,4,'',1,5700,4,'',1,1600,4,'',1,1600,4,'',1,1600,4,'',1,5600,4,'',1,1600,4,'',1,1600,4,'',1,7000,4,'',1,3100,4,'',1,7000,4,'',1,3100,4,'',1,10400,4,'',1,10200,4,'',1
'15951-special',7100,63400,0,'Templeton',1
'15952-special',7101,73800,4,'',1
'15953-special',7100,74000,0,'Templeton',1
'15954-special',7101,84500,4,'',1
'15955-special',7100,84800,0,'Templeton',1
'15956-special',7101,95300,4,'',1
'15957-special',7100,95600,0,'Templeton',1
'15958-special',7101,110200,4,'',1
'15959-special',7100,110500,0,'Templeton',1
'15960-special',7101,120700,4,'',1
'15961-special',7100,121300,0,'WalMart',1
'15962-special',7101,131800,4,'',1
'15963-special',7100,132000,0,'Templeton',1
'15964-special',7101,142500,4,'',1
'15965-special',7100,142800,0,'WalMart',1
'15966-special',7101,153400,4,'',1
'15967-special',7100,153700,0,'Templeton',1
'15968-special',7101,164200,4,'',1
'15969-special',7100,164500,0,'WalMart',1
'15970-special',7101,175000,4,'',1
'15971-special',7100,175400,0,'Templeton',1
'15972-special',7101,185500,4,'',1
'15973-special',7100,185700,0,'Templeton',1
'15974-special',7101,200100,4,'',1
'15975-special',7100,200300,0,'Templeton',1
'15976-special',7101,210800,4,'',1
'15977-special',7100,211000,0,'Templeton',1
'15978-special',7101,221400,4,'',1
'15979-special',7100,221600,0,'Templeton',1
'15980-special',7101,232000,4,'',1
'15981-special',7100,232200,0,'Templeton',1
'15982-special',7101,242500,4,'',1
'15983-special',7100,242700,0,'Templeton',1
'15988-special',7100,113000,0,'WalMart',1
'15989-special',7101,123200,4,'',1
'15990-special',7100,123500,0,'Templeton',1
'15991-special',7101,134000,4,'',1
'15992-special',7100,134300,0,'WalMart',1
'15993-special',7101,144800,4,'',1
'15994-special',7100,145100,0,'Templeton',1
'15995-special',7101,155600,4,'',1
'15996-special',7100,160000,0,'WalMart',1
'15997-special',7101,170500,4,'',1
'15998-special',7100,170800,0,'Templeton',1
'15999-special',7101,181100,4,'',1
'16000-special',7100,181900,0,'WalMart',1
'16001-special',7101,191800,4,'',1
'16006-special',7100,115100,0,'Templeton',1
'16007-special',7101,125600,4,'',1
'16008-special',7100,125800,0,'WalMart',1
'16009-special',7101,140300,4,'',1
'16010-special',7100,140600,0,'Templeton',1
'16011-special',7101,151100,4,'',1
'16012-special',7100,151400,0,'WalMart',1
'16013-special',7101,161900,4,'',1
'16014-special',7100,162300,0,'Templeton',1
'16015-special',7101,172700,4,'',1
'16016-special',7100,173100,0,'WalMart',1
'16017-special',7101,183300,4,'',1
'2',7100,52600,0,'WalMart',1,2200,0,'Templeton',1,6100,0,'WalMart',1,2000,0,'Templeton',1,2100,0,'WalMart',1,6100,0,'Templeton',1,2100,0,'WalMart',1,2200,0,'Templeton',1,6100,0,'WalMart',1,2200,0,'Templeton',1,2100,0,'WalMart',1,6200,0,'Templeton',1,2200,0,'WalMart',1,6200,0,'Templeton',1,2200,0,'WalMart',1,2200,0,'Templeton',1,6300,0,'WalMart',1,2300,0,'Templeton',1,2200,0,'WalMart',1,6300,0,'Templeton',1,2300,0,'WalMart',1,6300,0,'Templeton',1,2300,0,'WalMart',1,2300,0,'Templeton',1,6300,0,'WalMart',1,2300,0,'Templeton',1,6300,0,'WalMart',1,2400,0,'Templeton',1,2300,0,'WalMart',1,6400,0,'Templeton',1,2200,0,'WalMart',1,2300,0,'Templeton',1,6300,0,'WalMart',1,2300,0,'Templeton',1,6300,0,'WalMart',1,2200,0,'Templeton',1,2200,0,'WalMart',1,6200,0,'Templeton',1,2200,0,'WalMart',1,2100,0,'Templeton',1,6100,0,'WalMart',1,2100,0,'Templeton',1,2100,0,'WalMart',1,6100,0,'Templeton',1,2200,0,'WalMart',1,6300,0,'Templeton',1,3800,0,'WalMart',1,10100,0,'Templeton',1,10600,0,'Templeton',1,10200,0,'Templeton',1
'2',7101,62600,4,'',1,2100,4,'',1,6200,4,'',1,2100,4,'',1,2100,4,'',1,6100,4,'',1,2200,4,'',1,2200,4,'',1,6100,4,'',1,2200,4,'',1,6200,4,'',1,2200,4,'',1,2300,4,'',1,6200,4,'',1,2300,4,'',1,2300,4,'',1,6300,4,'',1,2300,4,'',1,6300,4,'',1,2300,4,'',1,2300,4,'',1,6300,4,'',1,2300,4,'',1,2200,4,'',1,6400,4,'',1,2300,4,'',1,6300,4,'',1,2400,4,'',1,2300,4,'',1,6300,4,'',1,2300,4,'',1,6200,4,'',1,2300,4,'',1,2200,4,'',1,6200,4,'',1,2200,4,'',1,2100,4,'',1,6100,4,'',1,2100,4,'',1,2100,4,'',1,6100,4,'',1,2100,4,'',1,2000,4,'',1,6000,4,'',1,2200,4,'',1,6300,4,'',1,3700,4,'',1,10600,4,'',1,10300,4,'',1
'3',7100,63400,0,'Templeton',1,10600,0,'Templeton',1,10800,0,'Templeton',1,10800,0,'Templeton',1,14900,0,'Templeton',1,2500,0,'WalMart',1,2100,0,'Templeton',1,6200,0,'WalMart',1,2200,0,'Templeton',1,2300,0,'WalMart',1,6200,0,'Templeton',1,2300,0,'WalMart',1,6300,0,'Templeton',1,2200,0,'WalMart',1,2300,0,'Templeton',1,6300,0,'WalMart',1,2300,0,'Templeton',1,6300,0,'WalMart',1,2300,0,'Templeton',1,2200,0,'WalMart',1,6300,0,'Templeton',1,2300,0,'WalMart',1,2300,0,'Templeton',1,6500,0,'WalMart',1,3800,0,'Templeton',1,14600,0,'Templeton',1,10700,0,'Templeton',1,10600,0,'Templeton',1,10600,0,'Templeton',1,10500,0,'Templeton',1
'3',7101,73800,4,'',1,10700,4,'',1,10800,4,'',1,14900,4,'',1,10500,4,'',1,2500,4,'',1,2400,4,'',1,6200,4,'',1,2200,4,'',1,6300,4,'',1,2200,4,'',1,2300,4,'',1,6300,4,'',1,2300,4,'',1,2200,4,'',1,6300,4,'',1,2300,4,'',1,6300,4,'',1,2200,4,'',1,2300,4,'',1,6100,4,'',1,2200,4,'',1,2200,4,'',1,6300,4,'',1,8300,4,'',1,10700,4,'',1,10600,4,'',1,10600,4,'',1,10500,4,'',1
