'1merged62163',4300,62800,4,'',1,8100,4,'',1,4200,4,'',1,8300,4,'',1,8500,4,'',1,8200,4,'',1,4400,4,'',1,8300,4,'',1,8400,4,'',1,4300,4,'',1,8400,4,'',1,8300,4,'',1,8400,4,'',1,4600,4,'',1,9200,4,'',1,8800,4,'',1,8000,4,'',1,4300,4,'',1,8100,4,'',1,8000,4,'',1,4000,4,'',1,8000,4,'',1,8000,4,'',1,3800,4,'',1
'1merged62163',4301,55100,,'',1,8200,,'',1,8000,,'',1,4200,,'',1,8300,,'',1,8500,,'',1,8200,,'',1,4400,,'',1,8300,,'',1,8400,,'',1,4300,,'',1,8400,,'',1,8300,,'',1,8500,,'',1,4600,,'',1,9000,,'',1,8900,,'',1,8200,,'',1,4100,,'',1,8000,,'',1,8000,,'',1,8100,,'',1,4000,,'',1,7900,,'',1
'2merged62165',4300,64000,4,'',1,8100,4,'',1,8000,4,'',1,4100,4,'',1,8000,4,'',1,8100,4,'',1,4100,4,'',1,8100,4,'',1,8100,4,'',1,4100,4,'',1,8300,4,'',1,8200,4,'',1,4200,4,'',1,8200,4,'',1,8200,4,'',1,4100,4,'',1,8100,4,'',1,8100,4,'',1,8100,4,'',1
'2merged62165',4301,60100,,'',1,4200,,'',1,8100,,'',1,8000,,'',1,4100,,'',1,8100,,'',1,8000,,'',1,4100,,'',1,8100,,'',1,8200,,'',1,4100,,'',1,8200,,'',1,8200,,'',1,4200,,'',1,8200,,'',1,8100,,'',1,8200,,'',1,4100,,'',1,8100,,'',1,8100,,'',1
'3merged62164',4300,114700,4,'',1,8200,4,'',1,8200,4,'',1,4200,4,'',1,8200,4,'',1,8200,4,'',1,4200,4,'',1,8200,4,'',1,8200,4,'',1,8100,4,'',1,4200,4,'',1
'3merged62164',4301,110900,,'',1,4100,,'',1,8200,,'',1,8200,,'',1,4200,,'',1,8200,,'',1,8200,,'',1,8200,,'',1,4200,,'',1,8200,,'',1,8100,,'',1
'1merged62163',8900,82300,,'',1,2600,,'',1,6600,,'',1,9200,,'',1,5200,,'',1,9200,,'',1,9200,,'',1,9200,,'',1,6600,,'',1,2600,,'',1,2700,,'',1,6700,,'',1
'1merged62163',8901,91100,4,'',1,2600,4,'',1,6600,4,'',1,5200,4,'',1,9200,4,'',1,9200,4,'',1,9200,4,'',1,9200,4,'',1,2800,4,'',1,6700,4,'',1,3100,4,'',1
'3merged62164',8900,112600,,'',1,9000,,'',1,9000,,'',1,5000,,'',1,9000,,'',1,9000,,'',1,9000,,'',1,9000,,'',1,9000,,'',1
'3merged62164',8901,112300,4,'',1,9000,4,'',1,9000,4,'',1,5000,4,'',1,9000,4,'',1,9000,4,'',1,9000,4,'',1,9000,4,'',1,9000,4,'',1
'1merged62163',9000,53500,,'',1,8400,,'',1,8800,,'',1,4800,,'',1,8800,,'',1,8800,,'',1,8700,4,'',1,8600,4,'',1,4200,4,'',1,8100,4,'',1,8200,4,'',1,4100,4,'',1,8200,4,'',1,8600,4,'',1,8500,,'',1,5000,,'',1,9000,,'',1,9000,,'',1,8300,4,'',1,8400,4,'',1,3900,4,'',1,8000,4,'',1,3800,4,'',1,7900,4,'',1,7800,4,'',1,3700,4,'',1
'2merged62165',9000,61800,4,'',1,3900,4,'',1,7800,4,'',1,7900,4,'',1,4000,4,'',1,8000,4,'',1,8100,4,'',1,4000,4,'',1,8000,4,'',1,8100,4,'',1,4000,4,'',1,8100,4,'',1,8000,4,'',1,4100,4,'',1,8000,4,'',1,8100,4,'',1,4000,4,'',1,8100,4,'',1,8100,4,'',1,8100,4,'',1,4000,4,'',1,8000,4,'',1,7900,4,'',1,4000,4,'',1,7800,4,'',1,3800,4,'',1,7700,4,'',1,7700,4,'',1
'3merged62164',9000,101000,4,'',1,11900,4,'',1,12300,4,'',1,16100,4,'',1,12100,4,'',1,12100,4,'',1,16100,4,'',1
