7000,'1',601,,1432,35,,,1,29,,1434,35,,,1,15,,1456,35,,,1,57,,1445,35,,,1,16,,1468,35,,,1,16,,1433,35,,,1,16,,1469,35,,,1,56,,1435,35,,,1,16,,1457,35,,,1,17,,1446,35,,,1,71,,1458,35,,,1,29,,1436,35,,,1,70,,1447,35,,,1,31,,1459,35,,,1,71,,1437,35,,,1,31,,1448,35,,,1,70,,1460,35,,,1,31,,1438,35,,,1,70,,1449,35,,,1,30,,1461,35,,,1,71,,1439,35,,,1,31,,1450,35,,,1,73,,1462,35,,,1,31,,1440,35,,,1,57,,1473,35,,,1,16,,1451,35,,,1,16,,1470,35,,,1,17,,1463,35,,,1,57,,1472,35,,,1,16,,1441,35,,,1,15,,1474,35,,,1,16,,1452,35,,,1,56,,1471,35,,,1,16,,1464,35,,,1,70,,1442,35,,,1,30,,1453,35,,,1,70,,1465,35,,,1,29,,1443,35,,,1,70,,1454,35,,,1,29,,1466,35,,,1,29,,1444,35,,,1,70,,1455,35,,,1,29,,1467,35,,,1
7000,'2',544,,1475,24,,,1,66,,1486,35,,,1,30,,1498,35,,,1,68,,1476,35,,,1,28,,1487,35,,,1,70,,1499,35,,,1,28,,1477,35,,,1,68,,1488,35,,,1,30,,1500,35,,,1,69,,1478,35,,,1,29,,1489,35,,,1,70,,1501,35,,,1,30,,1479,35,,,1,70,,1490,35,,,1,31,,1502,35,,,1,70,,1480,35,,,1,30,,1491,35,,,1,71,,1503,35,,,1,30,,1481,35,,,1,70,,1492,35,,,1,31,,1504,35,,,1,70,,1482,35,,,1,30,,1493,35,,,1,71,,1505,35,,,1,30,,1483,35,,,1,70,,1494,35,,,1,31,,1506,35,,,1,70,,1484,35,,,1,29,,1495,35,,,1,71,,1507,35,,,1,29,,1485,35,,,1,69,,1496,35,,,1,44,,1508,35,,,1,84,,1497,35,,,1
7000,'3',721,,1509,35,,,1,83,,1519,35,,,1,43,,1510,35,,,1,83,,1520,35,,,1,84,,1511,35,,,1,44,,1521,35,,,1,86,,1512,35,,,1,85,,1522,35,,,1,86,,1513,35,,,1,85,,1523,35,,,1,46,,1514,35,,,1,85,,1524,35,,,1,86,,1515,35,,,1,85,,1525,35,,,1,46,,1516,35,,,1,85,,1526,35,,,1,85,,1517,35,,,1,84,,1527,35,,,1,45,,1518,35,,,1,83,,1528,35,,,1
7400,'1',610,,1630,35,,,1,22,,1649,35,,,1,16,,1655,35,,,1,53,,1641,35,,,1,15,,1640,35,,,1,13,,1643,35,,,1,13,,1656,35,,,1,14,,1662,35,,,1,54,,1660,35,,,1,14,,1637,35,,,1,14,,1663,35,0,13 14,1,13,,1658,35,,,1,54,,1642,35,0,13 14,1,12,,1631,35,,,1,25,,1650,35,,,1,67,,1664,35,,,1,26,,1644,35,,,1,67,,1626,35,,,1,26,,1638,35,,,1,26,,1659,35,,,1,66,,1632,35,,,1,26,,1651,35,,,1,66,,1665,35,,,1,27,,1645,35,,,1,67,,1627,35,,,1,27,,1639,35,,,1,67,,1666,35,,,1,28,,1633,35,,,1,16,,1671,35,,,1,14,,1652,35,,,1,55,,1674,35,,,1,14,,1679,35,,,1,14,,1670,35,,,1,14,,1646,35,,,1,54,,1673,35,,,1,15,,1628,35,,,1,14,,1676,35,,,1,15,,1682,35,,,1,55,,1669,35,0,5 6,1,14,,1667,35,,,1,14,,1678,35,0,5 6,1,12,,1634,35,,,1,53,,1672,35,0,5 6,1,14,,1653,35,,,1,13,,1675,35,0,5 6,1,13,,1680,35,,,1,65,,1647,35,,,1,24,,1629,35,,,1,24,,1683,35,,,1,66,,1684,35,,,1,23,,1635,35,0,5 6,1,64,,1654,35,0,5 6,1,25,,1681,35,0,5 6,1,23,,1648,35,0,5 6,1
7400,'2',542,,1697,16,,,1,83,,1703,35,,,1,82,,1685,35,,,1,38,,1691,35,,,1,71,,1709,35,,,1,29,,1698,35,,,1,69,,1704,35,,,1,29,,1714,35,,,1,69,,1686,35,,,1,28,,1692,35,,,1,70,,1710,35,,,1,30,,1699,35,,,1,70,,1705,35,,,1,31,,1715,35,,,1,70,,1687,35,,,1,30,,1693,35,,,1,71,,1711,35,,,1,30,,1700,35,,,1,71,,1706,35,,,1,31,,1716,35,,,1,70,,1688,35,,,1,30,,1694,35,,,1,71,,1712,35,,,1,30,,1701,35,,,1,71,,1707,35,,,1,31,,1717,35,,,1,70,,1689,35,,,1,29,,1695,35,,,1,70,,1713,35,,,1,27,,1702,35,,,1,69,,1708,35,,,1,27,,1718,35,0,5 6,1,68,,1690,35,0,5 6,1,29,,1696,35,0,5 6,1
7400,'3',738,,1724,35,,,1,81,,1733,35,,,1,84,,1719,35,,,1,44,,1729,35,,,1,83,,1725,35,,,1,84,,1734,35,,,1,45,,1720,35,,,1,86,,1730,35,,,1,85,,1726,35,,,1,86,,1735,35,,,1,86,,1721,35,,,1,46,,1731,35,,,1,85,,1727,35,,,1,86,,1736,35,,,1,86,,1722,35,,,1,46,,1732,35,,,1,84,,1728,35,,,1,84,,1737,35,,,1,83,,1723,35,,,1
68000,'1',553,,3951,26,,,1,70,,3939,26,,,1,31,,3952,26,,,1,74,,3940,26,,,1,73,,3953,26,,,1,34,,3941,26,,,1,73,,3954,26,,,1,32,,3942,26,,,1,72,,3955,26,,,1,31,,3943,26,,,1,71,,3956,26,,,1,31,,3944,26,,,1,71,,3957,26,,,1,31,,3945,26,,,1,71,,3958,26,,,1,31,,3946,26,,,1,71,,3959,26,,,1,33,,3947,26,,,1,75,,3960,26,,,1,76,,3948,26,,,1,36,,3961,26,,,1,76,,3949,26,,,1,36,,3962,26,,,1,74,,3950,26,,,1,29,,3963,26,,,1
400001600,'1',552,,6706,50,,,1,65,,6715,50,,,1,26,,6713,50,,,1,64,,6714,50,,,1,14,,6734,29,,,1,12,,6721,50,,,1,13,,6733,50,,,1,13,,6707,50,,,1,53,,6732,50,,,1,15,,6716,50,,,1,26,,6727,50,,,1,66,,6739,50,,,1,25,,6722,50,,,1,65,,6708,50,,,1,24,,6717,50,,,1,25,,6735,50,,,1,65,,6728,50,,,1,25,,6723,50,,,1,65,,6709,50,,,1,24,,6718,50,,,1,65,,6736,50,,,1,25,,6729,50,,,1,25,,6724,50,,,1,66,,6710,50,,,1,25,,6719,50,,,1,14,,6744,50,,,1,53,,6737,50,,,1,15,,6746,50,,,1,14,,6730,50,,,1,14,,6760,50,,,1,54,,6725,50,,,1,14,,6740,50,,,1,14,,6711,50,,,1,14,,6751,50,,,1,54,,6720,50,,,1,14,,6745,50,,,1,14,,6748,50,,,1,14,,6747,50,,,1,14,,6755,50,,,1,54,,6761,50,,,1,14,,6726,50,,,1,14,,6741,50,,,1,12,,6712,50,,,1,59,,6752,50,,,1,27,,6749,50,,,1,69,,6756,50,,,1,30,,6742,50,,,1,71,,6753,50,,,1,28,,6750,50,,,1,68,,6757,50,,,1,30,,6743,50,,,1,69,,6754,50,,,1
400001600,'2',622,,6763,50,,,1,27,,6781,50,,,1,67,,6772,50,,,1,28,,6789,50,,,1,68,,6764,50,,,1,27,,6782,50,,,1,67,,6773,50,,,1,27,,6790,50,,,1,23,,6797,50,,,1,63,,6765,50,,,1,22,,6783,50,,,1,62,,6774,50,,,1,24,,6791,50,,,1,24,,6798,50,,,1,63,,6766,50,,,1,23,,6784,50,,,1,64,,6775,50,,,1,23,,6792,50,,,1,24,,6799,50,,,1,63,,6767,50,,,1,23,,6785,50,,,1,24,,6776,50,,,1,63,,6793,50,,,1,24,,6800,50,,,1,63,,6768,50,,,1,23,,6786,50,,,1,24,,6777,50,,,1,63,,6794,50,,,1,24,,6801,50,,,1,63,,6769,50,,,1,23,,6787,50,,,1,23,,6778,50,,,1,63,,6795,50,,,1,23,,6802,50,,,1,21,,6770,50,,,1,62,,6788,50,,,1,22,,6779,50,,,1,63,,6796,50,,,1,24,,6803,50,,,1,25,,6771,50,,,1,75,,6780,50,,,1
400001600,'3',731,,6804,50,,,1,27,,6819,50,,,1,68,,6812,50,,,1,28,,6827,50,,,1,67,,6805,50,,,1,28,,6820,50,,,1,68,,6813,50,,,1,29,,6828,50,,,1,69,,6806,50,,,1,29,,6821,50,,,1,69,,6814,50,,,1,30,,6829,50,,,1,69,,6807,50,,,1,29,,6822,50,,,1,69,,6815,50,,,1,30,,6830,50,,,1,69,,6808,50,,,1,29,,6823,50,,,1,69,,6816,50,,,1,30,,6831,50,,,1,69,,6809,50,,,1,29,,6824,50,,,1,69,,6817,50,,,1,29,,6832,50,,,1,69,,6810,50,,,1,28,,6825,50,,,1,27,,6818,50,,,1,67,,6833,50,,,1,34,,6811,50,,,1,76,,6826,50,,,1,75,,6834,50,,,1
